1 (918,0.91,5)
2 (1056,1.00,5)
3 (1081,0.98,5)
4 (35,0.80,6)
5 (976,0.93,5)
6 (279,0.96,5)
7 (968,1.00,7)
8 (590,0.86,6)
9 (113,0.96,5)
10 (1202,0.97,5)
11 (534,0.89,6)
12 (1124,0.87,5)
13 (18,0.95,7)
14 (1298,0.92,5)
15 (896,0.89,5)
16 (305,0.94,7)
17 (971,0.96,5)
18 (13,0.95,7)
19 (959,0.93,6)
20 (1401,0.96,5)
21 (829,0.99,6)
22 (918,0.85,5)
23 (1169,1.00,6)
24 (1296,0.94,5)
25 (834,0.81,13)
26 (1141,0.97,5)
27 (972,0.96,5)
28 (1084,0.96,9)
29 (1145,0.84,6)
30 (1048,0.95,8)
31 (1479,0.99,5)
32 (580,0.95,5)
33 (733,0.96,5)
34 (155,0.90,5)
35 (112,0.96,5)
36 (289,0.87,5)
37 (480,0.87,5)
38 (1160,0.95,5)
39 (593,0.97,5)
40 (1160,0.98,7)
41 (663,1.00,5)
42 (1111,0.96,5)
43 (529,1.00,5)
44 (730,1.00,5)
45 (745,0.97,7)
46 (1113,0.95,5)
47 (1187,0.83,7)
48 (1214,0.99,5)
49 (362,0.91,5)
50 (1269,0.91,9)
51 (1479,0.99,6)
52 (1066,0.95,6)
53 (1480,0.90,6)
54 (1415,0.93,6)
55 (791,0.90,5)
56 (390,0.88,8)
57 (537,0.95,5)
58 (1099,0.92,6)
59 (903,1.00,5)
60 (970,0.97,5)
61 (1103,0.95,8)
62 (1004,1.00,7)
63 (1040,0.91,8)
64 (915,0.85,7)
65 (1066,0.95,5)
66 (918,0.96,5)
67 (878,0.90,5)
68 (641,0.92,9)
69 (534,0.77,5)
70 (1085,0.92,6)
71 (1459,0.93,5)
72 (342,0.92,5)
73 (950,0.96,5)
74 (143,0.90,6)
75 (168,0.92,5)
76 (1170,0.91,5)
77 (1285,1.00,6)
78 (35,0.93,11)
79 (329,0.83,10)
80 (639,0.98,5)
81 (968,0.93,5)
82 (1279,0.90,5)
83 (350,0.97,5)
84 (540,0.89,5)
85 (1142,1.00,5)
86 (725,0.95,8)
87 (1195,0.97,5)
88 (621,0.90,5)
89 (1200,0.92,6)
90 (1263,0.91,6)
91 (1249,0.92,6)
92 (639,0.96,11)
93 (1081,0.98,5)
94 (894,0.89,5)
95 (1439,0.95,6)
96 (1441,0.87,5)
97 (1531,0.89,7)
98 (534,0.88,7)
99 (424,0.79,7)
100 (1312,0.98,6)
101 (979,0.96,6)
102 (637,0.99,5)
103 (628,0.99,5)
104 (222,0.34,5)
105 (1277,0.95,5)
106 (940,0.97,5)
107 (1221,0.90,7)
108 (16,0.93,7)
109 (1129,0.93,8)
110 (450,0.99,6)
111 (1002,1.00,5)
112 (260,0.97,5)
113 (9,0.96,5)
114 (694,0.96,6)
115 (1047,0.96,5)
116 (532,0.93,5)
117 (918,0.94,6)
118 (1337,0.94,8)
119
120 (1336,0.96,5)
121 (555,0.95,6)
122 (854,0.90,5)
123 (1280,0.99,5)
124 (1401,0.98,5)
125 (1269,0.92,6)
126 (807,1.00,5)
127 (1446,0.96,6)
128 (813,0.97,5)
129 (870,0.95,5)
130 (825,0.90,6)
131 (902,0.92,6)
132 (534,0.94,6)
133 (1218,0.95,7)
134 (350,0.99,7)
135 (1085,0.79,6)
136 (1454,0.98,5)
137 (1379,1.00,5)
138 (245,0.96,5)
139 (354,0.88,6)
140 (819,0.89,6)
141 (370,0.92,6)
142 (103,0.98,5)
143 (74,0.90,6)
144 (985,0.80,6)
145 (350,0.93,5)
146 (273,0.90,6)
147 (1084,0.95,5)
148 (681,0.97,5)
149 (583,0.96,5)
150 (718,0.90,5)
151 (320,0.94,8)
152 (1221,0.85,5)
153 (989,0.98,5)
154 (947,0.88,5)
155 (1471,0.94,5)
156 (1159,0.92,5)
157 (872,0.87,5)
158 (495,1.00,6)
159 (279,0.86,5)
160 (1174,0.98,5)
161 (1072,0.98,6)
162 (812,0.92,6)
163 (1034,0.91,5)
164 (918,0.96,5)
165 (946,0.91,5)
166 (775,0.95,5)
167 (967,0.94,6)
168 (1522,0.97,5)
169 (733,0.92,5)
170 (1268,0.96,5)
171 (1401,0.94,5)
172 (534,0.87,6)
173 (1269,0.85,7)
174 (1300,0.98,5)
175 (1401,0.93,8)
176 (958,0.96,5)
177 (936,0.96,5)
178 (1404,0.88,5)
179 (1111,0.93,6)
180 (698,0.90,6)
181 (1300,0.95,6)
182 (996,0.96,5)
183 (1531,0.95,5)
184 (836,0.99,5)
185 (912,0.89,5)
186 (267,0.95,5)
187 (1298,0.89,6)
188 (1022,0.88,6)
189 (656,1.00,7)
190 (1147,0.88,9)
191 (995,0.89,8)
192 (500,0.82,10)
193 (1263,0.83,6)
194 (1148,0.95,5)
195 (329,0.83,10)
196 (1111,0.92,7)
197 (534,0.88,6)
198 (1022,0.92,5)
199 (1249,0.97,5)
200 (1148,0.96,5)
201 (1249,0.92,5)
202 (1298,0.91,5)
203 (1479,0.94,6)
204 (267,0.85,7)
205 (334,0.94,7)
206 (966,0.94,5)
207 (1159,0.97,5)
208 (916,0.94,5)
209 (964,0.92,5)
210 (1105,0.91,5)
211 (1441,0.97,5)
212 (1193,0.96,7)
213 (943,0.95,7)
214 (925,0.91,5)
215 (918,0.87,5)
216 (1531,0.88,5)
217 (1002,0.95,5)
218 (1015,0.90,5)
219 (963,0.90,5)
220 (1190,0.93,5)
221 (337,0.96,5)
222 (1190,0.93,6)
223 (1084,0.96,6)
224 (459,0.95,5)
225 (440,0.90,6)
226 (621,0.94,6)
227 (1225,0.95,5)
228 (730,0.88,10)
229 (900,0.96,5)
230 (1192,0.95,5)
231 (915,0.84,5)
232 (456,0.92,11)
233 (112,0.94,5)
234 (534,0.99,5)
235 (1252,1.00,5)
236 (1277,0.97,5)
237 (1278,0.76,11)
238 (1117,0.75,9)
239 (1409,0.97,5)
240 (1129,0.89,5)
241 (1058,0.94,7)
242 (1171,0.99,6)
243 (1036,0.98,6)
244 (1115,0.96,5)
245 (1171,1.00,5)
246 (268,0.94,112)
247 (252,0.91,5)
248 (1081,0.94,5)
249 (267,0.91,5)
250 (1415,0.92,5)
251 (384,0.95,5)
252 (1045,0.93,5)
253 (1115,0.92,5)
254 (1273,0.95,5)
255 (938,0.96,5)
256 (741,1.00,5)
257 (556,0.92,5)
258 (113,0.93,5)
259 (1059,0.91,7)
260 (112,0.97,5)
261 (760,0.96,5)
262 (691,0.95,6)
263 (990,0.88,5)
264 (112,0.93,5)
265 (996,0.91,7)
266 (1295,1.00,5)
267 (186,0.95,5)
268 (1081,0.95,6)
269 (884,0.96,5)
270 (1208,0.98,5)
271 (1268,0.93,5)
272 (812,0.90,5)
273 (146,0.90,6)
274 (1278,0.88,9)
275 (853,0.96,5)
276 (1379,0.98,6)
277 (576,0.95,5)
278 (569,0.90,5)
279 (789,0.97,5)
280 (1315,0.94,5)
281 (787,1.00,5)
282 (1518,0.90,8)
283 (1099,0.85,6)
284 (1300,0.93,5)
285 (1086,0.94,10)
286 (1344,0.95,5)
287 (635,0.96,5)
288 (1083,0.87,5)
289 (574,0.98,5)
290 (1248,0.99,5)
291 (1063,0.91,5)
292 (1105,0.93,5)
293 (669,0.83,5)
294 (1252,0.97,5)
295 (383,0.89,5)
296 (297,0.79,5)
297 (447,1.00,5)
298 (853,1.00,7)
299 (1038,0.91,6)
300 (1114,0.88,5)
301 (1093,0.93,7)
302 (766,1.00,5)
303 (714,0.95,5)
304 (918,0.97,5)
305 (16,0.94,7)
306 (1008,0.92,8)
307 (932,0.94,9)
308 (681,0.94,6)
309 (294,0.85,22)
310 (503,0.91,5)
311 (1163,0.95,6)
312 (609,0.97,6)
313 (828,0.92,5)
314
315 (601,0.84,7)
316 (656,0.93,7)
317 (459,0.95,6)
318 (1150,0.94,5)
319 (695,0.91,5)
320 (151,0.94,8)
321 (718,0.92,5)
322 (1297,0.97,6)
323 (1094,0.88,5)
324 (361,0.98,5)
325 (1040,0.89,5)
326 (398,0.94,5)
327 (584,0.95,7)
328 (1249,0.94,5)
329 (925,0.96,5)
330 (279,0.95,5)
331 (19,0.91,6)
332 (842,0.98,5)
333 (986,0.95,5)
334 (205,0.94,7)
335 (235,0.95,5)
336 (876,0.95,7)
337 (221,0.96,5)
338 (1059,0.93,5)
339 (535,0.91,7)
340 (854,0.89,5)
341 (332,0.96,5)
342 (72,0.92,5)
343 (532,0.96,5)
344 (904,0.94,5)
345 (820,0.87,5)
346 (723,0.95,6)
347 (1056,0.85,5)
348 (448,0.97,5)
349 (539,0.93,7)
350 (134,0.99,7)
351 (348,0.93,6)
352 (948,0.89,7)
353 (243,0.89,5)
354 (251,0.94,9)
355 (922,0.95,5)
356 (1285,0.90,5)
357 (1262,0.93,5)
358 (368,0.90,9)
359 (360,0.94,6)
360 (1022,0.96,5)
361 (324,0.98,5)
362 (412,0.96,5)
363 (734,0.95,5)
364 (1230,0.91,8)
365 (370,0.96,5)
366 (220,0.90,8)
367 (1277,1.00,5)
368 (102,0.94,5)
369 (463,0.90,5)
370 (365,0.96,5)
371 (1111,0.96,5)
372 (789,1.00,7)
373 (712,0.98,5)
374 (496,0.94,5)
375 (975,0.90,5)
376 (801,0.98,5)
377 (790,0.97,6)
378 (459,0.90,8)
379 (538,0.95,5)
380 (1437,0.90,5)
381 (1111,1.00,6)
382 (730,0.95,13)
383 (738,0.90,6)
384 (251,0.95,5)
385 (958,0.93,5)
386 (902,0.91,6)
387 (1471,0.97,5)
388 (254,0.90,6)
389 (942,0.94,5)
390 (56,0.88,8)
391 (1274,0.97,6)
392 (453,0.88,5)
393 (1163,0.80,5)
394 (155,0.91,6)
395 (1140,0.92,6)
396 (786,0.96,5)
397 (939,0.90,5)
398 (326,0.94,5)
399 (639,0.95,11)
400 (1029,0.98,5)
401 (1067,0.92,6)
402 (918,0.96,5)
403 (261,0.86,6)
404 (948,0.84,5)
405 (1471,0.94,7)
406 (659,0.95,6)
407 (941,0.90,7)
408 (459,0.90,6)
409 (1030,0.94,5)
410 (1081,0.93,7)
411 (965,0.89,5)
412 (362,0.96,5)
413 (976,0.97,5)
414 (1004,0.93,5)
415 (959,0.94,5)
416 (1297,0.93,5)
417 (996,0.93,6)
418 (344,0.88,5)
419 (261,0.90,7)
420 (1218,0.97,6)
421 (350,0.97,5)
422 (43,0.94,5)
423 (916,0.82,9)
424 (457,1.00,6)
425 (786,0.95,7)
426 (1098,0.99,5)
427 (1284,0.84,5)
428 (1195,0.98,6)
429 (279,0.89,6)
430 (1154,0.91,6)
431 (1459,0.94,5)
432 (1043,0.89,5)
433 (982,0.85,6)
434 (579,0.92,5)
435 (1200,0.98,6)
436 (1147,0.89,7)
437
438 (379,0.62,5)
439
440 (553,0.90,5)
441 (1069,0.94,5)
442
443 (1117,0.93,5)
444 (137,0.98,5)
445 (608,0.93,5)
446 (551,0.93,5)
447 (297,1.00,5)
448 (348,0.97,5)
449 (793,0.96,5)
450 (110,0.99,6)
451 (1483,0.90,5)
452 (266,0.97,5)
453 (794,0.96,5)
454 (441,0.92,5)
455 (1376,0.94,6)
456 (925,1.00,6)
457 (424,1.00,6)
458 (60,0.92,7)
459 (717,0.96,6)
460 (1048,0.94,9)
461 (900,0.96,7)
462 (1111,0.95,6)
463 (537,0.96,7)
464 (964,0.96,5)
465 (1208,0.98,5)
466 (726,0.98,5)
467 (608,0.97,5)
468 (502,0.90,7)
469 (1244,1.00,5)
470 (1441,0.95,5)
471 (1167,1.00,5)
472 (980,0.92,7)
473 (733,1.00,5)
474 (905,0.94,5)
475 (1514,0.95,5)
476 (918,0.91,5)
477 (984,0.94,6)
478 (714,0.99,5)
479 (688,1.00,5)
480 (1252,0.91,5)
481 (334,0.91,5)
482 (1298,0.90,7)
483 (970,0.94,5)
484 (1136,0.92,5)
485 (266,0.93,6)
486 (794,0.89,7)
487 (783,0.96,5)
488 (1069,0.89,6)
489 (1142,0.91,5)
490 (644,0.88,7)
491 (1182,0.94,5)
492 (236,0.85,6)
493 (10,0.92,8)
494 (1298,0.93,6)
495 (158,1.00,6)
496 (374,0.94,5)
497 (717,0.92,6)
498 (1407,0.84,5)
499 (967,0.90,5)
500 (614,0.97,5)
501 (587,0.91,5)
502 (1091,1.00,5)
503 (1009,1.00,5)
504 (587,0.95,5)
505 (1099,0.91,5)
506 (1397,0.91,5)
507 (760,0.85,5)
508 (933,0.88,10)
509 (793,0.95,5)
510 (266,0.96,7)
511 (1479,0.95,5)
512 (1147,0.98,5)
513 (970,0.91,5)
514 (874,0.88,7)
515 (773,0.96,6)
516 (1267,0.96,5)
517 (843,0.92,9)
518 (1182,0.94,5)
519 (809,0.97,6)
520 (1017,1.00,5)
521 (1086,0.91,6)
522 (1113,0.98,5)
523 (869,1.00,5)
524 (1194,1.00,5)
525 (548,0.95,5)
526 (535,0.91,6)
527 (1172,0.93,6)
528 (1200,0.97,5)
529 (43,1.00,5)
530 (782,0.95,5)
531 (1058,0.98,5)
532 (343,0.96,5)
533 (902,0.95,5)
534 (234,0.99,5)
535 (581,0.93,5)
536 (387,0.95,5)
537 (1103,0.98,6)
538 (379,0.95,5)
539 (802,0.94,5)
540 (1274,0.95,6)
541 (812,0.91,6)
542 (769,0.90,11)
543 (715,0.95,6)
544 (887,0.96,5)
545 (654,0.98,5)
546 (592,0.88,6)
547 (990,0.97,5)
548 (525,0.95,5)
549 (1400,0.95,5)
550 (1056,0.99,5)
551 (40,0.93,5)
552 (812,0.95,5)
553 (764,0.94,7)
554 (557,0.94,5)
555 (121,0.95,6)
556 (849,0.98,5)
557 (554,0.94,5)
558 (446,0.92,5)
559 (115,0.89,5)
560 (379,0.94,5)
561 (904,0.99,5)
562 (786,0.96,6)
563 (941,0.94,5)
564 (802,0.93,5)
565 (1228,0.95,5)
566 (1479,0.92,6)
567 (260,0.94,13)
568 (1284,0.86,9)
569 (726,0.97,5)
570 (1107,1.00,9)
571 (998,0.94,5)
572 (1098,0.92,7)
573 (758,0.89,5)
574 (289,0.98,5)
575 (481,0.82,5)
576 (918,0.96,5)
577 (138,0.85,5)
578 (1249,0.95,8)
579 (826,0.96,6)
580 (32,0.95,5)
581 (535,0.93,5)
582 (906,0.96,5)
583 (149,0.96,5)
584 (753,0.97,5)
585 (661,0.99,5)
586 (304,0.95,5)
587 (504,0.95,5)
588 (1269,0.99,7)
589 (694,0.94,6)
590 (758,0.94,6)
591 (918,0.89,5)
592 (92,0.96,5)
593 (1011,1.00,6)
594 (12,0.54,5)
595 (783,0.93,6)
596 (1139,0.87,9)
597 (1518,0.90,6)
598
599
600
601 (223,0.93,9)
602 (749,0.87,6)
603 (1111,0.96,6)
604 (820,0.86,8)
605 (1298,0.93,5)
606 (206,0.93,7)
607 (63,0.89,6)
608 (467,0.97,5)
609 (1095,1.00,5)
610 (138,0.93,6)
611 (220,0.92,5)
612 (728,0.99,5)
613 (921,1.00,6)
614 (1119,0.99,6)
615 (1194,0.93,8)
616 (1226,1.00,5)
617 (630,0.91,6)
618 (855,0.89,7)
619 (948,0.90,7)
620 (1107,1.00,5)
621 (226,0.94,6)
622 (639,0.95,5)
623 (400,0.96,7)
624 (809,0.99,6)
625 (873,0.94,6)
626
627 (873,0.97,5)
628 (996,1.00,5)
629 (1226,1.00,5)
630 (617,0.91,6)
631 (1195,0.82,5)
632 (1401,0.93,5)
633 (869,0.94,5)
634 (707,0.93,5)
635 (710,0.98,6)
636 (813,0.94,5)
637 (1060,1.00,5)
638 (765,0.99,6)
639 (745,1.00,5)
640 (1404,0.93,7)
641 (942,0.98,6)
642 (887,0.99,5)
643
644 (416,0.92,5)
645 (570,0.95,7)
646 (1421,0.95,5)
647 (1035,0.94,7)
648 (1107,0.99,5)
649 (972,0.98,8)
650 (1099,0.96,5)
651 (933,0.81,5)
652 (1203,0.94,5)
653 (813,1.00,5)
654 (545,0.98,5)
655 (718,0.85,8)
656 (189,1.00,7)
657 (958,0.96,5)
658 (980,0.91,8)
659 (406,0.95,6)
660 (1043,0.92,5)
661 (585,0.99,5)
662 (730,0.96,6)
663 (41,1.00,5)
664 (1449,0.99,5)
665 (812,0.93,5)
666 (638,0.45,5)
667 (581,0.85,6)
668 (561,0.89,5)
669 (774,0.96,6)
670 (1178,0.97,5)
671 (1019,0.89,5)
672 (923,0.96,5)
673 (890,0.89,9)
674 (1222,0.95,5)
675 (921,0.94,8)
676 (761,0.98,5)
677
678 (1289,0.93,5)
679 (733,0.97,5)
680 (825,0.98,5)
681 (148,0.97,5)
682 (650,0.95,5)
683 (1280,0.97,6)
684 (726,0.92,7)
685 (656,0.98,5)
686 (500,0.95,7)
687 (802,0.92,5)
688 (479,1.00,5)
689 (495,0.90,5)
690 (963,0.92,6)
691 (900,0.97,6)
692 (918,0.92,5)
693 (1428,1.00,5)
694 (649,0.97,6)
695 (319,0.91,5)
696 (886,0.97,5)
697 (785,0.97,5)
698 (71,0.93,5)
699 (725,1.00,6)
700 (941,0.92,5)
701 (132,0.86,5)
702 (648,0.95,9)
703 (638,0.96,5)
704 (271,0.92,5)
705 (979,0.96,6)
706 (760,0.83,5)
707 (733,0.97,5)
708 (964,0.97,5)
709 (1200,0.95,5)
710 (635,0.98,6)
711
712 (373,0.98,5)
713 (1067,0.93,7)
714 (478,0.99,5)
715 (543,0.95,6)
716 (943,0.94,6)
717 (801,1.00,5)
718 (332,0.94,5)
719 (1437,0.96,5)
720 (1415,0.98,5)
721 (698,0.92,5)
722 (703,0.93,5)
723 (1400,1.00,5)
724 (1167,0.95,6)
725 (699,1.00,6)
726 (466,0.98,5)
727 (812,0.96,6)
728 (612,0.99,5)
729 (1124,0.97,6)
730 (44,1.00,5)
731 (619,0.83,10)
732 (915,0.91,6)
733 (473,1.00,5)
734 (363,0.95,5)
735 (1299,0.91,5)
736 (105,0.86,5)
737 (886,0.95,5)
738 (574,0.94,5)
739 (803,0.95,6)
740 (956,0.97,8)
741 (256,1.00,5)
742 (1437,0.91,5)
743 (728,0.95,8)
744 (1136,1.00,6)
745 (639,1.00,5)
746 (1056,0.99,5)
747 (1148,0.99,6)
748 (1239,0.89,10)
749 (696,0.94,5)
750 (1067,0.93,5)
751 (1062,0.91,5)
752 (379,0.92,5)
753 (1006,0.98,6)
754 (359,0.92,5)
755 (641,0.94,5)
756 (999,0.96,5)
757
758 (946,0.96,5)
759 (1407,1.00,5)
760 (261,0.96,5)
761 (676,0.98,5)
762 (1136,0.89,8)
763 (1471,1.00,5)
764 (620,0.96,5)
765 (638,0.99,6)
766 (302,1.00,5)
767 (760,0.90,5)
768 (916,0.95,5)
769 (986,1.00,5)
770 (786,0.98,5)
771 (662,0.95,5)
772 (1005,0.98,5)
773 (515,0.96,6)
774 (669,0.96,6)
775 (142,0.96,7)
776 (421,0.95,5)
777
778 (1066,0.97,5)
779 (1136,0.94,5)
780 (1140,0.97,5)
781 (837,0.92,7)
782 (530,0.95,5)
783 (1092,1.00,5)
784
785 (697,0.97,5)
786 (770,0.98,5)
787 (281,1.00,5)
788
789 (372,1.00,7)
790 (377,0.97,6)
791 (55,0.90,5)
792 (1218,0.88,5)
793 (449,0.96,5)
794 (453,0.96,5)
795 (932,0.91,7)
796 (1209,0.90,5)
797 (1178,0.93,5)
798 (198,0.91,5)
799 (483,0.81,5)
800 (85,0.96,9)
801 (717,1.00,5)
802 (556,0.95,5)
803 (739,0.95,6)
804 (117,0.88,7)
805 (847,0.93,7)
806 (372,1.00,5)
807 (126,1.00,5)
808 (1182,0.95,6)
809 (624,0.99,6)
810 (969,0.91,5)
811 (463,0.89,5)
812 (727,0.96,6)
813 (653,1.00,5)
814
815 (1157,0.97,6)
816 (876,0.95,5)
817
818 (221,0.93,6)
819 (834,0.90,5)
820 (279,0.96,5)
821 (1133,0.94,5)
822
823 (832,0.90,6)
824 (1181,0.93,5)
825 (680,0.98,5)
826 (579,0.96,6)
827 (821,0.88,5)
828 (24,0.93,5)
829 (21,0.99,6)
830
831 (1416,0.99,5)
832 (823,0.90,6)
833 (993,0.93,6)
834 (765,0.96,5)
835 (275,0.92,7)
836 (184,0.99,5)
837 (781,0.92,7)
838
839
840 (1119,1.00,5)
841 (873,0.97,5)
842 (332,0.98,5)
843 (1147,0.93,5)
844 (854,0.93,5)
845 (646,0.91,5)
846 (354,0.87,6)
847 (985,0.94,5)
848 (525,0.87,7)
849 (556,0.98,5)
850
851
852
853 (298,1.00,7)
854 (1240,0.98,5)
855 (1195,0.95,5)
856 (1021,0.97,6)
857
858
859 (928,0.87,5)
860 (773,0.91,5)
861
862 (1231,0.90,5)
863 (713,0.85,7)
864 (1094,0.94,5)
865 (305,0.90,21)
866 (812,0.92,7)
867 (462,0.90,5)
868 (100,0.87,5)
869 (523,1.00,5)
870 (21,0.99,5)
871 (759,0.94,5)
872 (337,0.96,5)
873 (627,0.97,5)
874 (1265,0.93,7)
875 (244,0.92,5)
876 (1276,0.96,5)
877 (1152,0.94,5)
878 (681,0.95,8)
879 (912,0.95,5)
880 (241,0.92,6)
881 (1276,0.94,5)
882 (883,0.96,5)
883 (1038,0.97,5)
884 (269,0.96,5)
885 (1038,0.99,5)
886 (938,0.99,5)
887 (642,0.99,5)
888 (1014,0.92,5)
889 (344,0.80,6)
890 (719,0.94,5)
891 (313,0.48,5)
892 (1228,0.97,6)
893 (328,0.66,11)
894 (890,0.89,9)
895 (1244,0.95,5)
896 (1045,0.92,5)
897
898 (931,1.00,5)
899 (306,0.89,5)
900 (691,0.97,6)
901 (687,0.91,5)
902 (533,0.95,5)
903 (59,1.00,5)
904 (561,0.99,5)
905 (474,0.94,5)
906 (582,0.96,5)
907
908 (348,0.94,5)
909 (1062,0.96,5)
910
911
912 (879,0.95,5)
913
914 (332,0.80,6)
915 (732,0.91,6)
916 (23,0.95,7)
917 (313,0.90,7)
918 (51,0.97,5)
919 (800,0.96,7)
920
921 (613,1.00,6)
922 (873,0.96,5)
923 (672,0.96,5)
924 (779,0.90,6)
925 (456,1.00,6)
926 (985,0.96,6)
927 (20,0.86,5)
928 (1140,0.94,6)
929 (933,0.94,5)
930 (1274,0.97,5)
931 (898,1.00,5)
932 (1152,0.95,5)
933 (304,0.95,5)
934 (59,0.96,6)
935 (302,0.98,5)
936 (620,0.99,5)
937 (381,0.87,5)
938 (886,0.99,5)
939 (925,0.95,9)
940 (106,0.97,5)
941 (563,0.94,5)
942 (641,0.98,6)
943 (20,0.96,5)
944 (977,0.95,8)
945 (1269,0.90,5)
946 (758,0.96,5)
947 (391,0.91,5)
948 (619,0.90,7)
949 (406,0.86,8)
950 (73,0.96,5)
951 (801,1.00,5)
952 (985,0.97,5)
953 (629,0.91,7)
954 (612,0.96,5)
955 (645,0.94,6)
956 (1479,0.98,5)
957
958 (176,0.96,5)
959 (1078,0.94,5)
960 (664,0.96,6)
961 (1048,0.98,5)
962 (942,0.65,7)
963 (223,0.94,23)
964 (708,0.97,5)
965 (102,0.92,5)
966 (206,0.94,5)
967 (167,0.94,6)
968 (7,1.00,7)
969 (1147,1.00,6)
970 (59,0.97,5)
971 (17,0.96,5)
972 (649,0.98,8)
973
974 (892,0.91,5)
975 (1010,0.97,7)
976 (413,0.97,5)
977 (944,0.95,8)
978 (740,0.94,5)
979 (1074,0.97,5)
980 (500,0.96,6)
981 (100,0.82,6)
982 (302,0.91,5)
983 (934,0.84,7)
984 (930,0.96,14)
985 (242,0.97,6)
986 (769,1.00,5)
987
988 (986,0.93,5)
989 (153,0.98,5)
990 (547,0.97,5)
991 (744,0.95,5)
992
993 (833,0.93,6)
994 (289,0.84,5)
995 (1197,0.95,5)
996 (628,1.00,5)
997 (416,0.90,6)
998 (571,0.94,5)
999 (756,0.96,5)
1000 (83,0.87,6)
1001 (1291,0.88,5)
1002 (111,1.00,5)
1003 (878,0.78,5)
1004 (62,1.00,7)
1005 (772,0.98,5)
1006 (753,0.98,6)
1007 (444,0.96,5)
1008 (1171,0.98,5)
1009 (503,1.00,5)
1010 (1081,0.98,5)
1011 (593,1.00,6)
1012 (1277,0.96,6)
1013 (1059,0.96,5)
1014 (935,0.92,5)
1015 (304,0.91,5)
1016 (415,0.93,7)
1017 (520,1.00,5)
1018 (1208,0.95,5)
1019 (1065,0.91,5)
1020 (656,0.96,6)
1021 (856,0.97,6)
1022 (360,0.96,5)
1023 (1054,0.83,6)
1024 (359,0.94,6)
1025 (984,0.95,12)
1026
1027
1028 (681,0.87,5)
1029 (400,0.98,5)
1030 (720,0.94,8)
1031 (118,0.89,5)
1032 (1469,0.97,5)
1033 (1210,0.94,6)
1034 (163,0.91,5)
1035 (816,0.94,5)
1036 (243,0.98,6)
1037 (93,0.94,5)
1038 (885,0.99,5)
1039 (1172,0.96,5)
1040 (391,0.94,5)
1041 (332,0.92,8)
1042 (1213,0.93,5)
1043 (367,0.96,5)
1044 (456,0.99,5)
1045 (1153,0.96,5)
1046 (1052,0.98,5)
1047 (115,0.96,5)
1048 (961,0.98,5)
1049 (801,0.99,5)
1050 (1298,0.89,5)
1051 (1010,0.94,5)
1052 (1046,0.98,5)
1053 (1136,0.90,7)
1054 (509,0.94,5)
1055 (366,0.79,5)
1056 (2,1.00,5)
1057 (582,0.91,5)
1058 (531,0.98,5)
1059 (1013,0.96,5)
1060 (637,1.00,5)
1061 (3,0.93,7)
1062 (909,0.96,5)
1063 (1011,0.97,5)
1064
1065 (716,0.93,8)
1066 (778,0.97,5)
1067 (879,0.94,6)
1068 (473,0.96,5)
1069 (1009,0.94,7)
1070 (650,0.95,7)
1071 (656,0.99,5)
1072 (161,0.98,6)
1073 (730,0.94,6)
1074 (979,0.97,5)
1075 (111,0.89,5)
1076 (63,0.91,8)
1077 (475,0.85,7)
1078 (959,0.94,5)
1079 (662,0.93,7)
1080
1081 (1010,0.98,5)
1082 (250,0.75,5)
1083 (288,0.87,5)
1084 (28,0.96,9)
1085 (70,0.92,6)
1086 (285,0.94,10)
1087 (245,0.85,5)
1088 (363,0.90,6)
1089 (529,0.94,5)
1090 (1239,1.00,5)
1091 (502,1.00,5)
1092 (628,1.00,5)
1093 (301,0.93,7)
1094 (864,0.94,5)
1095 (609,1.00,5)
1096
1097 (1252,0.96,5)
1098 (426,0.99,5)
1099 (650,0.96,5)
1100 (1070,0.81,5)
1101 (1284,0.90,7)
1102 (15,0.85,6)
1103 (537,0.98,6)
1104
1105 (879,0.94,5)
1106
1107 (570,1.00,9)
1108 (529,0.81,5)
1109 (1471,0.97,5)
1110 (1219,0.96,5)
1111 (381,1.00,6)
1112 (516,0.88,5)
1113 (522,0.98,5)
1114 (322,0.94,5)
1115 (244,0.96,5)
1116 (65,0.80,5)
1117 (443,0.93,5)
1118 (745,0.97,6)
1119 (840,1.00,5)
1120 (21,0.97,5)
1121 (473,0.91,5)
1122
1123
1124 (729,0.97,6)
1125
1126 (842,0.97,6)
1127 (346,0.62,7)
1128 (547,0.92,5)
1129 (985,0.96,5)
1130
1131 (229,0.77,6)
1132 (717,0.97,6)
1133 (821,0.94,5)
1134 (740,0.96,5)
1135 (1183,0.93,5)
1136 (744,1.00,6)
1137 (279,0.95,5)
1138 (181,0.71,5)
1139 (138,0.92,5)
1140 (780,0.97,5)
1141 (26,0.97,5)
1142 (85,1.00,5)
1143 (256,0.92,5)
1144
1145 (62,0.91,5)
1146
1147 (969,1.00,6)
1148 (747,0.99,6)
1149 (963,0.90,6)
1150 (318,0.94,5)
1151 (508,0.88,5)
1152 (1277,0.97,5)
1153 (1045,0.96,5)
1154 (656,0.93,5)
1155
1156
1157 (815,0.97,6)
1158
1159 (207,0.97,5)
1160 (40,0.98,7)
1161 (93,0.89,6)
1162 (240,0.75,5)
1163 (311,0.95,6)
1164 (274,0.80,5)
1165 (931,0.89,5)
1166 (1048,0.94,5)
1167 (471,1.00,5)
1168 (694,0.96,5)
1169 (23,1.00,6)
1170 (951,0.96,5)
1171 (245,1.00,5)
1172 (1039,0.96,5)
1173 (302,0.89,5)
1174 (160,0.98,5)
1175 (288,-0.39,5)
1176 (909,0.87,5)
1177 (72,0.82,6)
1178 (1228,1.00,8)
1179 (377,0.93,5)
1180 (790,0.90,6)
1181 (802,0.94,5)
1182 (523,0.99,5)
1183 (1135,0.93,5)
1184 (1035,0.91,5)
1185 (720,0.95,8)
1186
1187 (20,0.91,5)
1188 (834,0.87,6)
1189
1190 (220,0.93,5)
1191
1192 (230,0.95,5)
1193 (212,0.96,7)
1194 (524,1.00,5)
1195 (428,0.98,6)
1196
1197 (324,0.95,5)
1198 (10,0.93,5)
1199 (952,0.94,6)
1200 (137,0.98,5)
1201
1202 (10,0.97,5)
1203 (1286,0.94,5)
1204 (525,0.84,8)
1205 (89,0.84,5)
1206 (940,0.95,5)
1207 (425,0.92,7)
1208 (270,0.98,5)
1209 (815,0.92,5)
1210 (1033,0.94,6)
1211 (151,0.83,5)
1212 (218,0.88,5)
1213 (1042,0.93,5)
1214 (48,0.99,5)
1215 (1110,0.95,5)
1216 (50,0.44,6)
1217 (538,0.91,5)
1218 (420,0.97,6)
1219 (1110,0.96,5)
1220 (1518,0.93,5)
1221 (1400,0.95,5)
1222 (674,0.95,5)
1223
1224 (51,0.94,5)
1225 (1058,0.96,5)
1226 (616,1.00,5)
1227 (181,0.89,5)
1228 (1178,1.00,8)
1229 (554,0.93,5)
1230 (1090,0.92,6)
1231 (1437,0.96,5)
1232 (158,0.92,6)
1233 (286,0.79,5)
1234 (271,0.78,5)
1235
1236
1237 (750,0.79,5)
1238 (272,0.83,6)
1239 (1090,1.00,5)
1240 (854,0.98,5)
1241 (286,0.80,6)
1242 (100,-0.50,5)
1243 (271,0.89,5)
1244 (469,1.00,5)
1245 (840,0.95,5)
1246 (95,0.93,6)
1247 (402,0.83,5)
1248 (570,1.00,6)
1249 (199,0.97,5)
1250 (1035,0.74,5)
1251 (257,0.88,7)
1252 (235,1.00,5)
1253 (540,0.94,5)
1254 (122,0.88,5)
1255 (137,0.76,5)
1256
1257
1258 (840,0.91,5)
1259
1260
1261
1262 (402,0.94,5)
1263 (90,0.91,6)
1264 (121,0.87,6)
1265 (874,0.93,7)
1266 (1021,0.92,5)
1267 (516,0.96,5)
1268 (170,0.96,5)
1269 (588,0.99,7)
1270 (28,0.84,6)
1271 (434,0.76,5)
1272 (508,0.68,5)
1273 (254,0.95,5)
1274 (930,0.97,5)
1275
1276 (876,0.96,5)
1277 (367,1.00,5)
1278 (281,0.90,7)
1279 (82,0.90,5)
1280 (123,0.99,5)
1281 (236,0.93,5)
1282 (471,0.91,7)
1283 (831,0.96,5)
1284 (887,0.95,5)
1285 (77,1.00,6)
1286 (1203,0.94,5)
1287 (294,0.71,5)
1288 (20,0.95,5)
1289 (678,0.93,5)
1290
1291 (603,0.92,5)
1292
1293
1294 (333,0.82,5)
1295 (266,1.00,5)
1296 (24,0.94,5)
1297 (322,0.97,6)
1298 (605,0.93,5)
1299 (657,0.96,5)
1300 (174,0.98,5)
1301 (121,0.85,5)
1302 (258,-0.34,5)
1303 (826,0.86,6)
1304
1305 (184,0.97,5)
1306
1307
1308
1309
1310
1311 (387,0.89,7)
1312 (100,0.98,6)
1313 (322,0.87,7)
1314 (1074,0.87,5)
1315 (280,0.94,5)
1316 (313,0.53,6)
1317
1318
1319
1320
1321
1322 (1011,0.98,5)
1323
1324 (3,0.71,5)
1325
1326 (117,0.91,5)
1327
1328 (475,0.63,5)
1329
1330
1331
1332
1333 (100,0.30,5)
1334
1335 (324,0.93,5)
1336 (120,0.96,5)
1337 (118,0.94,8)
1338
1339
1340
1341
1342
1343
1344 (286,0.95,5)
1345
1346
1347
1348
1349
1350
1351
1352
1353
1354
1355
1356
1357
1358
1359
1360
1361
1362
1363
1364
1365
1366
1367 (100,0.64,5)
1368 (93,0.81,5)
1369
1370
1371
1372
1373
1374
1375 (93,0.96,5)
1376 (455,0.94,6)
1377
1378 (302,0.48,5)
1379 (137,1.00,5)
1380 (276,0.57,5)
1381 (100,0.72,7)
1382
1383 (455,0.74,5)
1384
1385 (258,0.53,5)
1386 (302,0.24,5)
1387
1388 (302,0.89,5)
1389
1390
1391
1392 (286,0.64,5)
1393 (301,0.87,5)
1394 (308,0.94,6)
1395 (882,0.86,5)
1396 (382,0.38,5)
1397 (506,0.91,5)
1398
1399 (300,0.23,5)
1400 (723,1.00,5)
1401 (124,0.98,5)
1402
1403
1404 (649,0.96,5)
1405 (302,0.78,6)
1406 (402,0.48,5)
1407 (759,1.00,5)
1408
1409 (239,0.97,5)
1410
1411 (456,0.90,5)
1412 (432,0.78,5)
1413 (998,0.87,5)
1414
1415 (720,0.98,5)
1416 (831,0.99,5)
1417
1418
1419 (280,0.86,5)
1420
1421 (1248,0.99,5)
1422
1423
1424
1425 (110,0.92,5)
1426 (676,0.83,5)
1427 (7,0.75,5)
1428 (693,1.00,5)
1429
1430
1431
1432
1433
1434 (352,0.88,5)
1435 (33,0.92,6)
1436
1437 (1231,0.96,5)
1438 (48,0.86,5)
1439 (723,0.99,6)
1440 (732,0.87,5)
1441 (211,0.97,5)
1442 (196,0.69,5)
1443
1444 (380,0.85,13)
1445
1446 (43,0.98,5)
1447
1448
1449 (664,0.99,5)
1450
1451 (381,0.95,5)
1452
1453
1454 (136,0.98,5)
1455
1456 (675,0.92,5)
1457
1458
1459 (431,0.94,5)
1460
1461
1462 (381,0.98,5)
1463
1464
1465
1466 (423,0.80,5)
1467
1468 (182,0.94,5)
1469 (1032,0.97,5)
1470 (230,0.69,5)
1471 (763,1.00,5)
1472
1473 (100,0.92,5)
1474 (70,0.72,5)
1475 (59,0.97,5)
1476
1477
1478 (120,0.91,5)
1479 (31,0.99,5)
1480 (441,0.90,5)
1481
1482
1483 (496,0.93,5)
1484
1485
1486
1487 (175,0.46,5)
1488
1489 (96,0.85,5)
1490
1491
1492
1493
1494
1495 (1007,0.55,5)
1496 (926,0.75,5)
1497
1498
1499
1500
1501 (170,0.60,5)
1502
1503 (746,0.93,6)
1504
1505
1506
1507
1508
1509 (2,0.73,5)
1510
1511 (286,0.38,5)
1512 (98,0.87,5)
1513
1514 (475,0.95,5)
1515
1516
1517 (95,0.85,5)
1518 (1119,0.94,5)
1519
1520
1521
1522 (168,0.97,5)
1523
1524 (1021,0.86,5)
1525
1526
1527 (887,0.89,5)
1528
1529 (179,0.82,5)
1530 (367,0.79,5)
1531 (183,0.95,5)
1532
1533
1534 (181,0.41,5)
1535
1536
1537
1538
1539
1540 (679,0.93,5)
1541
1542
1543
1544
1545
1546
1547
1548
1549
1550
1551
1552
1553
1554
1555 (169,0.80,5)
1556
1557
1558 (855,0.71,5)
1559
1560
1561
1562
1563
1564
1565
1566
1567
1568
1569
1570
1571
1572
1573
1574
1575
1576
1577
1578
1579
1580
1581
1582
1583
1584
1585
1586
1587
1588
1589
1590
1591 (313,-0.16,6)
1592 (313,-0.00,5)
1593
1594
1595
1596
1597
1598 (127,0.76,5)
1599
1600
1601
1602
1603
1604
1605
1606
1607
1608
1609
1610
1611
1612
1613
1614
1615 (109,0.90,5)
1616
1617
1618
1619
1620 (125,0.92,6)
1621
1622
1623
1624
1625
1626
1627
1628
1629
1630
1631
1632
1633
1634
1635
1636
1637
1638
1639
1640
1641
1642
1643
1644
1645
1646
1647
1648
1649
1650
1651
1652
1653
1654
1655
1656
1657
1658
1659
1660
1661
1662
1663
1664
1665
1666
1667
1668
1669
1670
1671
1672
1673
1674
1675
1676
1677
1678
1679
1680
1681
1682
