120
120
120
120
120
120
120
120
120
120
120
120
120
120
120
120
120
120
120
120
120
120
120
120
120
120
120
120
120
120
120
120
120
120
120
120
120
120
120
120
120
120
120
120
120
120
120
120
120
120
120
120
120
120
120
120
120
120
120
120
120
120
120
120
120
120
120
120
120
120
120
120
120
120
120
120
120
120
120
120
120
120
120
120
120
120
120
120
120
120
120
120
120
120
120
120
120
120
120
120
120
120
120
120
120
120
120
120
120
120
120
120
120
120
120
120
120
120
120
120
120
120
120
120
120
120
120
120
120
120
120
120
120
120
120
120
120
120
120
120
120
120
120
120
120
120
120
120
120
120
120
120
120
120
120
120
120
120
120
120
120
120
120
120
120
120
120
120
120
120
120
120
120
120
120
120
120
120
120
120
120
120
120
120
120
120
120
120
120
120
120
120
120
120
120
120
120
120
120
120
120
118.856
118.856
118.855
118.855
118.855
118.854
118.853
118.852
118.852
118.85
118.849
118.848
118.847
118.845
118.843
118.842
118.84
118.838
118.836
118.833
118.831
118.829
118.826
118.824
118.821
118.818
118.815
118.812
118.809
118.806
118.803
118.799
118.796
118.793
118.789
118.786
118.782
118.778
118.775
118.771
118.767
118.763
118.759
118.755
118.752
118.748
118.744
118.74
118.736
118.731
118.727
118.723
118.719
118.715
118.711
118.707
118.703
118.699
118.695
118.691
118.688
118.684
118.68
118.676
118.672
118.669
118.665
118.661
118.658
118.655
118.651
118.648
118.645
118.642
118.639
118.636
118.633
118.63
118.627
118.625
118.622
118.62
118.617
118.615
118.613
118.611
118.609
118.608
118.606
118.605
118.603
118.602
118.601
118.6
118.599
118.598
118.598
118.597
118.597
118.597
118.597
118.597
118.597
118.597
118.598
118.598
118.599
118.6
118.601
118.602
118.603
118.605
118.606
118.608
118.609
118.611
118.613
118.615
118.617
118.62
118.622
118.625
118.627
118.63
118.633
118.636
118.639
118.642
118.645
118.648
118.651
118.655
118.658
118.661
118.665
118.669
118.672
118.676
118.68
118.684
118.688
118.691
118.695
118.699
118.703
118.707
118.711
118.715
118.719
118.723
118.727
118.731
118.736
118.74
118.744
118.748
118.752
118.755
118.759
118.763
118.767
118.771
118.775
118.778
118.782
118.786
118.789
118.793
118.796
118.799
118.803
118.806
118.809
118.812
118.815
118.818
118.821
118.824
118.826
118.829
118.831
118.833
118.836
118.838
118.84
118.842
118.843
118.845
118.847
118.848
118.849
118.85
118.852
118.852
118.853
118.854
118.855
118.855
118.855
118.856
118.856
117.711
117.711
117.711
117.71
117.709
117.708
117.707
117.705
117.703
117.701
117.699
117.696
117.693
117.69
117.687
117.683
117.679
117.675
117.671
117.667
117.662
117.657
117.652
117.647
117.642
117.636
117.63
117.624
117.618
117.612
117.606
117.599
117.592
117.585
117.578
117.571
117.564
117.557
117.549
117.542
117.534
117.527
117.519
117.511
117.503
117.495
117.487
117.479
117.471
117.463
117.455
117.447
117.439
117.431
117.423
117.415
117.407
117.399
117.391
117.383
117.375
117.367
117.36
117.352
117.345
117.337
117.33
117.323
117.316
117.309
117.302
117.296
117.289
117.283
117.277
117.271
117.265
117.26
117.254
117.249
117.244
117.239
117.235
117.23
117.226
117.222
117.219
117.215
117.212
117.209
117.207
117.204
117.202
117.2
117.198
117.197
117.196
117.195
117.194
117.194
117.194
117.194
117.194
117.195
117.196
117.197
117.198
117.2
117.202
117.204
117.207
117.209
117.212
117.215
117.219
117.222
117.226
117.23
117.235
117.239
117.244
117.249
117.254
117.26
117.265
117.271
117.277
117.283
117.289
117.296
117.302
117.309
117.316
117.323
117.33
117.337
117.345
117.352
117.36
117.367
117.375
117.383
117.391
117.399
117.407
117.415
117.423
117.431
117.439
117.447
117.455
117.463
117.471
117.479
117.487
117.495
117.503
117.511
117.519
117.527
117.534
117.542
117.549
117.557
117.564
117.571
117.578
117.585
117.592
117.599
117.606
117.612
117.618
117.624
117.63
117.636
117.642
117.647
117.652
117.657
117.662
117.667
117.671
117.675
117.679
117.683
117.687
117.69
117.693
117.696
117.699
117.701
117.703
117.705
117.707
117.708
117.709
117.71
117.711
117.711
117.711
116.567
116.567
116.567
116.566
116.564
116.563
116.56
116.558
116.555
116.552
116.548
116.544
116.54
116.536
116.531
116.525
116.52
116.514
116.507
116.501
116.494
116.486
116.479
116.471
116.463
116.454
116.446
116.437
116.428
116.418
116.409
116.399
116.389
116.378
116.368
116.357
116.346
116.335
116.324
116.313
116.301
116.29
116.278
116.267
116.255
116.243
116.231
116.219
116.207
116.195
116.182
116.17
116.158
116.146
116.134
116.122
116.11
116.098
116.086
116.074
116.062
116.051
116.039
116.028
116.017
116.006
115.995
115.984
115.974
115.963
115.953
115.943
115.934
115.924
115.915
115.906
115.898
115.889
115.881
115.874
115.866
115.859
115.852
115.846
115.839
115.833
115.828
115.823
115.818
115.814
115.81
115.806
115.803
115.8
115.797
115.795
115.793
115.792
115.791
115.79
115.79
115.79
115.791
115.792
115.793
115.795
115.797
115.8
115.803
115.806
115.81
115.814
115.818
115.823
115.828
115.833
115.839
115.846
115.852
115.859
115.866
115.874
115.881
115.889
115.898
115.906
115.915
115.924
115.934
115.943
115.953
115.963
115.974
115.984
115.995
116.006
116.017
116.028
116.039
116.051
116.062
116.074
116.086
116.098
116.11
116.122
116.134
116.146
116.158
116.17
116.182
116.195
116.207
116.219
116.231
116.243
116.255
116.267
116.278
116.29
116.301
116.313
116.324
116.335
116.346
116.357
116.368
116.378
116.389
116.399
116.409
116.418
116.428
116.437
116.446
116.454
116.463
116.471
116.479
116.486
116.494
116.501
116.507
116.514
116.52
116.525
116.531
116.536
116.54
116.544
116.548
116.552
116.555
116.558
116.56
116.563
116.564
116.566
116.567
116.567
116.567
115.424
115.423
115.423
115.421
115.42
115.417
115.415
115.411
115.407
115.403
115.398
115.393
115.387
115.381
115.375
115.368
115.36
115.352
115.343
115.335
115.325
115.316
115.306
115.295
115.284
115.273
115.261
115.25
115.237
115.225
115.212
115.199
115.185
115.171
115.157
115.143
115.129
115.114
115.099
115.084
115.069
115.053
115.038
115.022
115.006
114.99
114.974
114.958
114.942
114.926
114.91
114.894
114.877
114.861
114.845
114.829
114.813
114.797
114.781
114.765
114.75
114.734
114.719
114.704
114.689
114.674
114.66
114.645
114.631
114.618
114.604
114.591
114.578
114.566
114.553
114.541
114.53
114.519
114.508
114.498
114.488
114.478
114.469
114.46
114.452
114.444
114.437
114.43
114.424
114.418
114.412
114.407
114.403
114.399
114.396
114.393
114.39
114.388
114.387
114.386
114.386
114.386
114.387
114.388
114.39
114.393
114.396
114.399
114.403
114.407
114.412
114.418
114.424
114.43
114.437
114.444
114.452
114.46
114.469
114.478
114.488
114.498
114.508
114.519
114.53
114.541
114.553
114.566
114.578
114.591
114.604
114.618
114.631
114.645
114.66
114.674
114.689
114.704
114.719
114.734
114.75
114.765
114.781
114.797
114.813
114.829
114.845
114.861
114.877
114.894
114.91
114.926
114.942
114.958
114.974
114.99
115.006
115.022
115.038
115.053
115.069
115.084
115.099
115.114
115.129
115.143
115.157
115.171
115.185
115.199
115.212
115.225
115.237
115.25
115.261
115.273
115.284
115.295
115.306
115.316
115.325
115.335
115.343
115.352
115.36
115.368
115.375
115.381
115.387
115.393
115.398
115.403
115.407
115.411
115.415
115.417
115.42
115.421
115.423
115.423
115.424
114.281
114.28
114.279
114.278
114.276
114.273
114.269
114.265
114.26
114.255
114.249
114.242
114.235
114.228
114.219
114.21
114.201
114.191
114.18
114.169
114.158
114.145
114.133
114.12
114.106
114.092
114.078
114.063
114.047
114.032
114.015
113.999
113.982
113.965
113.947
113.93
113.911
113.893
113.874
113.856
113.836
113.817
113.798
113.778
113.758
113.738
113.718
113.698
113.678
113.658
113.637
113.617
113.597
113.577
113.556
113.536
113.516
113.496
113.476
113.457
113.437
113.418
113.399
113.38
113.361
113.342
113.324
113.306
113.289
113.272
113.255
113.238
113.222
113.206
113.191
113.176
113.162
113.148
113.134
113.121
113.109
113.097
113.085
113.074
113.064
113.054
113.045
113.037
113.029
113.021
113.014
113.008
113.003
112.998
112.993
112.99
112.987
112.985
112.983
112.982
112.982
112.982
112.983
112.985
112.987
112.99
112.993
112.998
113.003
113.008
113.014
113.021
113.029
113.037
113.045
113.054
113.064
113.074
113.085
113.097
113.109
113.121
113.134
113.148
113.162
113.176
113.191
113.206
113.222
113.238
113.255
113.272
113.289
113.306
113.324
113.342
113.361
113.38
113.399
113.418
113.437
113.457
113.476
113.496
113.516
113.536
113.556
113.577
113.597
113.617
113.637
113.658
113.678
113.698
113.718
113.738
113.758
113.778
113.798
113.817
113.836
113.856
113.874
113.893
113.911
113.93
113.947
113.965
113.982
113.999
114.015
114.032
114.047
114.063
114.078
114.092
114.106
114.12
114.133
114.145
114.158
114.169
114.18
114.191
114.201
114.21
114.219
114.228
114.235
114.242
114.249
114.255
114.26
114.265
114.269
114.273
114.276
114.278
114.279
114.28
114.281
113.138
113.138
113.137
113.135
113.132
113.129
113.124
113.119
113.114
113.107
113.1
113.092
113.084
113.074
113.064
113.054
113.042
113.03
113.018
113.004
112.99
112.976
112.96
112.945
112.928
112.912
112.894
112.876
112.858
112.839
112.819
112.8
112.779
112.759
112.738
112.716
112.694
112.672
112.65
112.627
112.604
112.581
112.558
112.534
112.51
112.486
112.462
112.438
112.414
112.389
112.365
112.341
112.316
112.292
112.268
112.243
112.219
112.195
112.171
112.148
112.124
112.101
112.078
112.055
112.033
112.01
111.989
111.967
111.946
111.925
111.905
111.885
111.866
111.847
111.828
111.811
111.793
111.776
111.76
111.745
111.729
111.715
111.701
111.688
111.676
111.664
111.653
111.643
111.633
111.624
111.616
111.609
111.602
111.596
111.591
111.587
111.583
111.58
111.578
111.577
111.577
111.577
111.578
111.58
111.583
111.587
111.591
111.596
111.602
111.609
111.616
111.624
111.633
111.643
111.653
111.664
111.676
111.688
111.701
111.715
111.729
111.745
111.76
111.776
111.793
111.811
111.828
111.847
111.866
111.885
111.905
111.925
111.946
111.967
111.989
112.01
112.033
112.055
112.078
112.101
112.124
112.148
112.171
112.195
112.219
112.243
112.268
112.292
112.316
112.341
112.365
112.389
112.414
112.438
112.462
112.486
112.51
112.534
112.558
112.581
112.604
112.627
112.65
112.672
112.694
112.716
112.738
112.759
112.779
112.8
112.819
112.839
112.858
112.876
112.894
112.912
112.928
112.945
112.96
112.976
112.99
113.004
113.018
113.03
113.042
113.054
113.064
113.074
113.084
113.092
113.1
113.107
113.114
113.119
113.124
113.129
113.132
113.135
113.137
113.138
113.138
111.997
111.996
111.995
111.992
111.989
111.985
111.98
111.975
111.968
111.96
111.952
111.943
111.933
111.922
111.91
111.898
111.884
111.87
111.855
111.84
111.824
111.807
111.789
111.77
111.751
111.732
111.711
111.69
111.669
111.647
111.624
111.601
111.577
111.553
111.528
111.503
111.478
111.452
111.426
111.399
111.372
111.345
111.318
111.29
111.262
111.234
111.206
111.178
111.15
111.121
111.093
111.064
111.036
111.007
110.979
110.95
110.922
110.894
110.866
110.838
110.811
110.784
110.757
110.73
110.704
110.678
110.652
110.627
110.603
110.578
110.555
110.532
110.509
110.487
110.465
110.444
110.424
110.404
110.385
110.367
110.35
110.333
110.317
110.301
110.287
110.273
110.26
110.248
110.237
110.226
110.217
110.208
110.2
110.193
110.187
110.182
110.178
110.175
110.173
110.171
110.171
110.171
110.173
110.175
110.178
110.182
110.187
110.193
110.2
110.208
110.217
110.226
110.237
110.248
110.26
110.273
110.287
110.301
110.317
110.333
110.35
110.367
110.385
110.404
110.424
110.444
110.465
110.487
110.509
110.532
110.555
110.578
110.603
110.627
110.652
110.678
110.704
110.73
110.757
110.784
110.811
110.838
110.866
110.894
110.922
110.95
110.979
111.007
111.036
111.064
111.093
111.121
111.15
111.178
111.206
111.234
111.262
111.29
111.318
111.345
111.372
111.399
111.426
111.452
111.478
111.503
111.528
111.553
111.577
111.601
111.624
111.647
111.669
111.69
111.711
111.732
111.751
111.77
111.789
111.807
111.824
111.84
111.855
111.87
111.884
111.898
111.91
111.922
111.933
111.943
111.952
111.96
111.968
111.975
111.98
111.985
111.989
111.992
111.995
111.996
111.997
110.856
110.855
110.854
110.851
110.848
110.843
110.837
110.831
110.823
110.814
110.805
110.794
110.783
110.77
110.757
110.743
110.727
110.711
110.694
110.676
110.658
110.638
110.618
110.597
110.575
110.552
110.529
110.505
110.48
110.455
110.429
110.402
110.375
110.347
110.319
110.291
110.261
110.232
110.202
110.171
110.141
110.11
110.078
110.047
110.015
109.983
109.95
109.918
109.885
109.853
109.82
109.788
109.755
109.722
109.69
109.657
109.625
109.593
109.561
109.529
109.498
109.466
109.436
109.405
109.375
109.345
109.316
109.287
109.259
109.231
109.204
109.177
109.151
109.126
109.101
109.077
109.054
109.032
109.01
108.989
108.969
108.95
108.931
108.914
108.897
108.881
108.866
108.852
108.84
108.828
108.817
108.807
108.798
108.79
108.783
108.777
108.772
108.769
108.766
108.765
108.764
108.765
108.766
108.769
108.772
108.777
108.783
108.79
108.798
108.807
108.817
108.828
108.84
108.852
108.866
108.881
108.897
108.914
108.931
108.95
108.969
108.989
109.01
109.032
109.054
109.077
109.101
109.126
109.151
109.177
109.204
109.231
109.259
109.287
109.316
109.345
109.375
109.405
109.436
109.466
109.498
109.529
109.561
109.593
109.625
109.657
109.69
109.722
109.755
109.788
109.82
109.853
109.885
109.918
109.95
109.983
110.015
110.047
110.078
110.11
110.141
110.171
110.202
110.232
110.261
110.291
110.319
110.347
110.375
110.402
110.429
110.455
110.48
110.505
110.529
110.552
110.575
110.597
110.618
110.638
110.658
110.676
110.694
110.711
110.727
110.743
110.757
110.77
110.783
110.794
110.805
110.814
110.823
110.831
110.837
110.843
110.848
110.851
110.854
110.855
110.856
109.716
109.715
109.714
109.711
109.707
109.701
109.695
109.688
109.679
109.669
109.659
109.647
109.634
109.62
109.604
109.588
109.571
109.553
109.534
109.513
109.492
109.47
109.447
109.424
109.399
109.373
109.347
109.32
109.292
109.264
109.234
109.204
109.174
109.142
109.111
109.078
109.045
109.012
108.978
108.944
108.909
108.874
108.839
108.803
108.767
108.731
108.695
108.658
108.621
108.585
108.548
108.511
108.474
108.437
108.401
108.364
108.327
108.291
108.255
108.219
108.184
108.149
108.114
108.079
108.045
108.012
107.979
107.946
107.915
107.883
107.853
107.823
107.793
107.765
107.737
107.71
107.684
107.658
107.634
107.61
107.587
107.565
107.545
107.525
107.506
107.488
107.472
107.456
107.441
107.428
107.416
107.404
107.394
107.385
107.378
107.371
107.366
107.362
107.359
107.357
107.356
107.357
107.359
107.362
107.366
107.371
107.378
107.385
107.394
107.404
107.416
107.428
107.441
107.456
107.472
107.488
107.506
107.525
107.545
107.565
107.587
107.61
107.634
107.658
107.684
107.71
107.737
107.765
107.793
107.823
107.853
107.883
107.915
107.946
107.979
108.012
108.045
108.079
108.114
108.149
108.184
108.219
108.255
108.291
108.327
108.364
108.401
108.437
108.474
108.511
108.548
108.585
108.621
108.658
108.695
108.731
108.767
108.803
108.839
108.874
108.909
108.944
108.978
109.012
109.045
109.078
109.111
109.142
109.174
109.204
109.234
109.264
109.292
109.32
109.347
109.373
109.399
109.424
109.447
109.47
109.492
109.513
109.534
109.553
109.571
109.588
109.604
109.62
109.634
109.647
109.659
109.669
109.679
109.688
109.695
109.701
109.707
109.711
109.714
109.715
109.716
108.577
108.577
108.575
108.571
108.567
108.561
108.554
108.546
108.536
108.525
108.513
108.5
108.486
108.47
108.453
108.435
108.416
108.395
108.374
108.352
108.328
108.304
108.278
108.251
108.224
108.195
108.166
108.136
108.105
108.073
108.04
108.007
107.973
107.938
107.903
107.867
107.83
107.793
107.755
107.717
107.678
107.639
107.6
107.56
107.52
107.48
107.439
107.398
107.357
107.316
107.275
107.234
107.193
107.152
107.111
107.07
107.03
106.989
106.949
106.909
106.87
106.831
106.792
106.753
106.716
106.678
106.641
106.605
106.57
106.535
106.501
106.467
106.434
106.402
106.371
106.341
106.312
106.284
106.256
106.23
106.205
106.18
106.157
106.135
106.114
106.094
106.076
106.058
106.042
106.027
106.013
106.001
105.99
105.98
105.971
105.964
105.958
105.953
105.95
105.948
105.947
105.948
105.95
105.953
105.958
105.964
105.971
105.98
105.99
106.001
106.013
106.027
106.042
106.058
106.076
106.094
106.114
106.135
106.157
106.18
106.205
106.23
106.256
106.284
106.312
106.341
106.371
106.402
106.434
106.467
106.501
106.535
106.57
106.605
106.641
106.678
106.716
106.753
106.792
106.831
106.87
106.909
106.949
106.989
107.03
107.07
107.111
107.152
107.193
107.234
107.275
107.316
107.357
107.398
107.439
107.48
107.52
107.56
107.6
107.639
107.678
107.717
107.755
107.793
107.83
107.867
107.903
107.938
107.973
108.007
108.04
108.073
108.105
108.136
108.166
108.195
108.224
108.251
108.278
108.304
108.328
108.352
108.374
108.395
108.416
108.435
108.453
108.47
108.486
108.5
108.513
108.525
108.536
108.546
108.554
108.561
108.567
108.571
108.575
108.577
108.577
107.44
107.439
107.437
107.434
107.429
107.422
107.414
107.405
107.395
107.383
107.369
107.355
107.339
107.321
107.303
107.283
107.262
107.239
107.216
107.191
107.165
107.138
107.109
107.08
107.05
107.018
106.986
106.953
106.918
106.883
106.847
106.81
106.773
106.734
106.695
106.656
106.615
106.574
106.532
106.49
106.448
106.404
106.361
106.317
106.273
106.228
106.184
106.139
106.094
106.048
106.003
105.958
105.912
105.867
105.822
105.777
105.732
105.687
105.643
105.599
105.555
105.512
105.469
105.427
105.385
105.344
105.303
105.263
105.224
105.185
105.148
105.111
105.075
105.039
105.005
104.972
104.94
104.908
104.878
104.849
104.821
104.794
104.769
104.744
104.721
104.699
104.679
104.659
104.641
104.625
104.61
104.596
104.584
104.573
104.563
104.555
104.548
104.543
104.54
104.537
104.537
104.537
104.54
104.543
104.548
104.555
104.563
104.573
104.584
104.596
104.61
104.625
104.641
104.659
104.679
104.699
104.721
104.744
104.769
104.794
104.821
104.849
104.878
104.908
104.94
104.972
105.005
105.039
105.075
105.111
105.148
105.185
105.224
105.263
105.303
105.344
105.385
105.427
105.469
105.512
105.555
105.599
105.643
105.687
105.732
105.777
105.822
105.867
105.912
105.958
106.003
106.048
106.094
106.139
106.184
106.228
106.273
106.317
106.361
106.404
106.448
106.49
106.532
106.574
106.615
106.656
106.695
106.734
106.773
106.81
106.847
106.883
106.918
106.953
106.986
107.018
107.05
107.08
107.109
107.138
107.165
107.191
107.216
107.239
107.262
107.283
107.303
107.321
107.339
107.355
107.369
107.383
107.395
107.405
107.414
107.422
107.429
107.434
107.437
107.439
107.44
106.304
106.303
106.301
106.297
106.292
106.285
106.276
106.266
106.254
106.241
106.227
106.211
106.193
106.174
106.154
106.132
106.109
106.084
106.058
106.031
106.003
105.973
105.942
105.91
105.877
105.842
105.807
105.77
105.733
105.694
105.655
105.615
105.573
105.531
105.489
105.445
105.401
105.356
105.31
105.264
105.217
105.17
105.123
105.075
105.026
104.977
104.928
104.879
104.83
104.78
104.731
104.681
104.631
104.582
104.532
104.483
104.434
104.385
104.337
104.288
104.24
104.193
104.146
104.1
104.054
104.009
103.964
103.921
103.878
103.835
103.794
103.754
103.714
103.676
103.638
103.602
103.566
103.532
103.499
103.467
103.436
103.407
103.379
103.352
103.327
103.303
103.28
103.259
103.24
103.222
103.205
103.19
103.176
103.164
103.154
103.145
103.138
103.132
103.128
103.126
103.125
103.126
103.128
103.132
103.138
103.145
103.154
103.164
103.176
103.19
103.205
103.222
103.24
103.259
103.28
103.303
103.327
103.352
103.379
103.407
103.436
103.467
103.499
103.532
103.566
103.602
103.638
103.676
103.714
103.754
103.794
103.835
103.878
103.921
103.964
104.009
104.054
104.1
104.146
104.193
104.24
104.288
104.337
104.385
104.434
104.483
104.532
104.582
104.631
104.681
104.731
104.78
104.83
104.879
104.928
104.977
105.026
105.075
105.123
105.17
105.217
105.264
105.31
105.356
105.401
105.445
105.489
105.531
105.573
105.615
105.655
105.694
105.733
105.77
105.807
105.842
105.877
105.91
105.942
105.973
106.003
106.031
106.058
106.084
106.109
106.132
106.154
106.174
106.193
106.211
106.227
106.241
106.254
106.266
106.276
106.285
106.292
106.297
106.301
106.303
106.304
105.17
105.169
105.166
105.162
105.156
105.148
105.139
105.128
105.116
105.101
105.085
105.068
105.049
105.028
105.006
104.982
104.957
104.93
104.902
104.873
104.842
104.809
104.776
104.741
104.705
104.667
104.629
104.589
104.548
104.507
104.464
104.42
104.375
104.329
104.283
104.235
104.187
104.138
104.089
104.039
103.988
103.936
103.885
103.832
103.78
103.727
103.673
103.62
103.566
103.512
103.458
103.404
103.35
103.297
103.243
103.189
103.136
103.082
103.03
102.977
102.925
102.874
102.823
102.772
102.722
102.673
102.625
102.577
102.53
102.485
102.44
102.396
102.353
102.311
102.27
102.23
102.192
102.154
102.118
102.084
102.05
102.018
101.988
101.959
101.931
101.905
101.881
101.858
101.836
101.817
101.798
101.782
101.767
101.754
101.743
101.733
101.725
101.719
101.715
101.712
101.711
101.712
101.715
101.719
101.725
101.733
101.743
101.754
101.767
101.782
101.798
101.817
101.836
101.858
101.881
101.905
101.931
101.959
101.988
102.018
102.05
102.084
102.118
102.154
102.192
102.23
102.27
102.311
102.353
102.396
102.44
102.485
102.53
102.577
102.625
102.673
102.722
102.772
102.823
102.874
102.925
102.977
103.03
103.082
103.136
103.189
103.243
103.297
103.35
103.404
103.458
103.512
103.566
103.62
103.673
103.727
103.78
103.832
103.885
103.936
103.988
104.039
104.089
104.138
104.187
104.235
104.283
104.329
104.375
104.42
104.464
104.507
104.548
104.589
104.629
104.667
104.705
104.741
104.776
104.809
104.842
104.873
104.902
104.93
104.957
104.982
105.006
105.028
105.049
105.068
105.085
105.101
105.116
105.128
105.139
105.148
105.156
105.162
105.166
105.169
105.17
104.037
104.036
104.033
104.029
104.022
104.014
104.004
103.992
103.979
103.963
103.946
103.927
103.906
103.884
103.86
103.834
103.807
103.778
103.748
103.716
103.682
103.647
103.611
103.573
103.534
103.494
103.452
103.409
103.365
103.32
103.273
103.226
103.177
103.128
103.078
103.026
102.974
102.921
102.868
102.814
102.759
102.703
102.647
102.591
102.534
102.476
102.419
102.361
102.303
102.245
102.186
102.128
102.069
102.011
101.953
101.895
101.837
101.78
101.722
101.666
101.609
101.554
101.499
101.444
101.39
101.337
101.285
101.233
101.182
101.133
101.084
101.036
100.99
100.945
100.9
100.857
100.816
100.776
100.737
100.699
100.663
100.628
100.595
100.564
100.534
100.506
100.479
100.454
100.431
100.41
100.39
100.373
100.357
100.342
100.33
100.32
100.311
100.304
100.3
100.297
100.296
100.297
100.3
100.304
100.311
100.32
100.33
100.342
100.357
100.373
100.39
100.41
100.431
100.454
100.479
100.506
100.534
100.564
100.595
100.628
100.663
100.699
100.737
100.776
100.816
100.857
100.9
100.945
100.99
101.036
101.084
101.133
101.182
101.233
101.285
101.337
101.39
101.444
101.499
101.554
101.609
101.666
101.722
101.78
101.837
101.895
101.953
102.011
102.069
102.128
102.186
102.245
102.303
102.361
102.419
102.476
102.534
102.591
102.647
102.703
102.759
102.814
102.868
102.921
102.974
103.026
103.078
103.128
103.177
103.226
103.273
103.32
103.365
103.409
103.452
103.494
103.534
103.573
103.611
103.647
103.682
103.716
103.748
103.778
103.807
103.834
103.86
103.884
103.906
103.927
103.946
103.963
103.979
103.992
104.004
104.014
104.022
104.029
104.033
104.036
104.037
102.906
102.905
102.902
102.897
102.89
102.881
102.871
102.858
102.843
102.827
102.808
102.788
102.765
102.741
102.716
102.688
102.659
102.627
102.595
102.56
102.524
102.487
102.448
102.407
102.365
102.321
102.276
102.23
102.183
102.134
102.084
102.033
101.981
101.928
101.873
101.818
101.762
101.705
101.648
101.589
101.53
101.47
101.41
101.349
101.288
101.226
101.164
101.102
101.04
100.977
100.914
100.851
100.788
100.726
100.663
100.6
100.538
100.476
100.415
100.354
100.293
100.233
100.174
100.115
100.057
99.9998
99.9435
99.888
99.8335
99.78
99.7276
99.6763
99.6263
99.5774
99.5298
99.4836
99.4388
99.3953
99.3534
99.313
99.2741
99.2369
99.2013
99.1675
99.1353
99.1049
99.0763
99.0495
99.0246
99.0016
98.9805
98.9613
98.9441
98.9289
98.9156
98.9044
98.8952
98.888
98.8829
98.8798
98.8788
98.8798
98.8829
98.888
98.8952
98.9044
98.9156
98.9289
98.9441
98.9613
98.9805
99.0016
99.0246
99.0495
99.0763
99.1049
99.1353
99.1675
99.2013
99.2369
99.2741
99.313
99.3534
99.3953
99.4388
99.4836
99.5298
99.5774
99.6263
99.6763
99.7276
99.78
99.8335
99.888
99.9435
99.9998
100.057
100.115
100.174
100.233
100.293
100.354
100.415
100.476
100.538
100.6
100.663
100.726
100.788
100.851
100.914
100.977
101.04
101.102
101.164
101.226
101.288
101.349
101.41
101.47
101.53
101.589
101.648
101.705
101.762
101.818
101.873
101.928
101.981
102.033
102.084
102.134
102.183
102.23
102.276
102.321
102.365
102.407
102.448
102.487
102.524
102.56
102.595
102.627
102.659
102.688
102.716
102.741
102.765
102.788
102.808
102.827
102.843
102.858
102.871
102.881
102.89
102.897
102.902
102.905
102.906
101.777
101.776
101.773
101.768
101.76
101.751
101.739
101.726
101.71
101.692
101.672
101.65
101.626
101.601
101.573
101.543
101.512
101.478
101.443
101.406
101.368
101.327
101.285
101.242
101.197
101.15
101.102
101.053
101.002
100.949
100.896
100.841
100.785
100.728
100.67
100.611
100.551
100.49
100.428
100.366
100.302
100.238
100.174
100.108
100.043
99.9767
99.9102
99.8434
99.7764
99.7092
99.6419
99.5745
99.5072
99.4399
99.3727
99.3058
99.2391
99.1728
99.1068
99.0414
98.9764
98.9121
98.8484
98.7854
98.7232
98.6618
98.6014
98.5419
98.4835
98.4261
98.3699
98.315
98.2612
98.2088
98.1578
98.1082
98.0601
98.0136
97.9686
97.9253
97.8836
97.8437
97.8055
97.7691
97.7347
97.7021
97.6714
97.6427
97.616
97.5913
97.5686
97.5481
97.5296
97.5132
97.499
97.487
97.4771
97.4694
97.4639
97.4606
97.4595
97.4606
97.4639
97.4694
97.4771
97.487
97.499
97.5132
97.5296
97.5481
97.5686
97.5913
97.616
97.6427
97.6714
97.7021
97.7347
97.7691
97.8055
97.8437
97.8836
97.9253
97.9686
98.0136
98.0601
98.1082
98.1578
98.2088
98.2612
98.315
98.3699
98.4261
98.4835
98.5419
98.6014
98.6618
98.7232
98.7854
98.8484
98.9121
98.9764
99.0414
99.1068
99.1728
99.2391
99.3058
99.3727
99.4399
99.5072
99.5745
99.6419
99.7092
99.7764
99.8434
99.9102
99.9767
100.043
100.108
100.174
100.238
100.302
100.366
100.428
100.49
100.551
100.611
100.67
100.728
100.785
100.841
100.896
100.949
101.002
101.053
101.102
101.15
101.197
101.242
101.285
101.327
101.368
101.406
101.443
101.478
101.512
101.543
101.573
101.601
101.626
101.65
101.672
101.692
101.71
101.726
101.739
101.751
101.76
101.768
101.773
101.776
101.777
100.651
100.65
100.646
100.64
100.632
100.622
100.61
100.595
100.578
100.559
100.538
100.515
100.489
100.462
100.432
100.4
100.367
100.331
100.294
100.254
100.213
100.17
100.125
100.079
100.03
99.9805
99.9292
99.8763
99.8219
99.7661
99.709
99.6506
99.5909
99.53
99.4679
99.4048
99.3407
99.2755
99.2095
99.1427
99.075
99.0067
98.9377
98.8681
98.7979
98.7273
98.6564
98.585
98.5135
98.4417
98.3698
98.2979
98.2259
98.154
98.0823
98.0108
97.9396
97.8688
97.7983
97.7284
97.659
97.5902
97.5222
97.4549
97.3885
97.3229
97.2583
97.1948
97.1324
97.0711
97.0111
96.9523
96.8949
96.8389
96.7844
96.7314
96.68
96.6303
96.5822
96.5358
96.4914
96.4487
96.4078
96.369
96.3322
96.2973
96.2645
96.2338
96.2053
96.1789
96.1547
96.1327
96.113
96.0955
96.0803
96.0674
96.0569
96.0486
96.0428
96.0392
96.038
96.0392
96.0428
96.0486
96.0569
96.0674
96.0803
96.0955
96.113
96.1327
96.1547
96.1789
96.2053
96.2338
96.2645
96.2973
96.3322
96.369
96.4078
96.4487
96.4914
96.5358
96.5822
96.6303
96.68
96.7314
96.7844
96.8389
96.8949
96.9523
97.0111
97.0711
97.1324
97.1948
97.2583
97.3229
97.3885
97.4549
97.5222
97.5902
97.659
97.7284
97.7983
97.8688
97.9396
98.0108
98.0823
98.154
98.2259
98.2979
98.3698
98.4417
98.5135
98.585
98.6564
98.7273
98.7979
98.8681
98.9377
99.0067
99.075
99.1427
99.2095
99.2755
99.3407
99.4048
99.4679
99.53
99.5909
99.6506
99.709
99.7661
99.8219
99.8763
99.9292
99.9805
100.03
100.079
100.125
100.17
100.213
100.254
100.294
100.331
100.367
100.4
100.432
100.462
100.489
100.515
100.538
100.559
100.578
100.595
100.61
100.622
100.632
100.64
100.646
100.65
100.651
99.5261
99.5249
99.5213
99.5152
99.5068
99.4959
99.4827
99.4671
99.4491
99.4288
99.4062
99.3814
99.3542
99.3248
99.2933
99.2596
99.2237
99.1858
99.1458
99.1038
99.0599
99.0141
98.9664
98.9168
98.8655
98.8125
98.7578
98.7015
98.6436
98.5842
98.5234
98.4612
98.3976
98.3328
98.2667
98.1995
98.1313
98.062
97.9917
97.9205
97.8485
97.7758
97.7023
97.6282
97.5536
97.4784
97.4029
97.3269
97.2507
97.1743
97.0978
97.0212
96.9446
96.8681
96.7917
96.7156
96.6398
96.5643
96.4893
96.4149
96.341
96.2678
96.1953
96.1236
96.0529
95.9831
95.9143
95.8466
95.7801
95.7149
95.6509
95.5883
95.5272
95.4676
95.4095
95.353
95.2983
95.2453
95.194
95.1447
95.0973
95.0518
95.0084
94.967
94.9277
94.8906
94.8556
94.8229
94.7925
94.7644
94.7386
94.7152
94.6941
94.6755
94.6593
94.6456
94.6343
94.6256
94.6193
94.6156
94.6143
94.6156
94.6193
94.6256
94.6343
94.6456
94.6593
94.6755
94.6941
94.7152
94.7386
94.7644
94.7925
94.8229
94.8556
94.8906
94.9277
94.967
95.0084
95.0518
95.0973
95.1447
95.194
95.2453
95.2983
95.353
95.4095
95.4676
95.5272
95.5883
95.6509
95.7149
95.7801
95.8466
95.9143
95.9831
96.0529
96.1236
96.1953
96.2678
96.341
96.4149
96.4893
96.5643
96.6398
96.7156
96.7917
96.8681
96.9446
97.0212
97.0978
97.1743
97.2507
97.3269
97.4029
97.4784
97.5536
97.6282
97.7023
97.7758
97.8485
97.9205
97.9917
98.062
98.1313
98.1995
98.2667
98.3328
98.3976
98.4612
98.5234
98.5842
98.6436
98.7015
98.7578
98.8125
98.8655
98.9168
98.9664
99.0141
99.0599
99.1038
99.1458
99.1858
99.2237
99.2596
99.2933
99.3248
99.3542
99.3814
99.4062
99.4288
99.4491
99.4671
99.4827
99.4959
99.5068
99.5152
99.5213
99.5249
99.5261
98.4041
98.4028
98.399
98.3926
98.3836
98.372
98.358
98.3414
98.3223
98.3007
98.2767
98.2503
98.2215
98.1903
98.1567
98.1209
98.0828
98.0426
98.0001
97.9555
97.9089
97.8602
97.8095
97.7569
97.7024
97.6461
97.588
97.5283
97.4668
97.4038
97.3392
97.2731
97.2057
97.1369
97.0668
96.9954
96.923
96.8494
96.7748
96.6993
96.6228
96.5456
96.4676
96.389
96.3097
96.2299
96.1497
96.0691
95.9883
95.9072
95.8259
95.7446
95.6632
95.582
95.5009
95.4201
95.3396
95.2595
95.1798
95.1007
95.0223
94.9445
94.8676
94.7915
94.7163
94.6422
94.5692
94.4973
94.4266
94.3573
94.2894
94.2229
94.158
94.0946
94.0329
93.973
93.9148
93.8584
93.8041
93.7516
93.7012
93.6529
93.6067
93.5628
93.521
93.4816
93.4445
93.4097
93.3774
93.3475
93.3201
93.2952
93.2728
93.253
93.2359
93.2213
93.2093
93.2
93.1934
93.1894
93.188
93.1894
93.1934
93.2
93.2093
93.2213
93.2359
93.253
93.2728
93.2952
93.3201
93.3475
93.3774
93.4097
93.4445
93.4816
93.521
93.5628
93.6067
93.6529
93.7012
93.7516
93.8041
93.8584
93.9148
93.973
94.0329
94.0946
94.158
94.2229
94.2894
94.3573
94.4266
94.4973
94.5692
94.6422
94.7163
94.7915
94.8676
94.9445
95.0223
95.1007
95.1798
95.2595
95.3396
95.4201
95.5009
95.582
95.6632
95.7446
95.8259
95.9072
95.9883
96.0691
96.1497
96.2299
96.3097
96.389
96.4676
96.5456
96.6228
96.6993
96.7748
96.8494
96.923
96.9954
97.0668
97.1369
97.2057
97.2731
97.3392
97.4038
97.4668
97.5283
97.588
97.6461
97.7024
97.7569
97.8095
97.8602
97.9089
97.9555
98.0001
98.0426
98.0828
98.1209
98.1567
98.1903
98.2215
98.2503
98.2767
98.3007
98.3223
98.3414
98.358
98.372
98.3836
98.3926
98.399
98.4028
98.4041
97.2847
97.2833
97.2792
97.2724
97.2629
97.2507
97.2357
97.2182
97.1979
97.1751
97.1496
97.1216
97.091
97.058
97.0224
96.9845
96.9441
96.9015
96.8565
96.8092
96.7598
96.7082
96.6546
96.5988
96.5411
96.4815
96.42
96.3567
96.2916
96.2249
96.1565
96.0865
96.0151
95.9422
95.868
95.7925
95.7157
95.6378
95.5588
95.4789
95.3979
95.3161
95.2336
95.1503
95.0664
94.9819
94.897
94.8116
94.726
94.6401
94.554
94.4679
94.3818
94.2957
94.2099
94.1243
94.039
93.9541
93.8698
93.786
93.7029
93.6205
93.539
93.4584
93.3788
93.3002
93.2228
93.1467
93.0718
92.9984
92.9264
92.856
92.7871
92.7199
92.6546
92.591
92.5294
92.4697
92.412
92.3564
92.3031
92.2519
92.2029
92.1563
92.1121
92.0703
92.0309
91.9941
91.9598
91.9281
91.899
91.8727
91.8489
91.828
91.8098
91.7943
91.7816
91.7718
91.7647
91.7605
91.7591
91.7605
91.7647
91.7718
91.7816
91.7943
91.8098
91.828
91.8489
91.8727
91.899
91.9281
91.9598
91.9941
92.0309
92.0703
92.1121
92.1563
92.2029
92.2519
92.3031
92.3564
92.412
92.4697
92.5294
92.591
92.6546
92.7199
92.7871
92.856
92.9264
92.9984
93.0718
93.1467
93.2228
93.3002
93.3788
93.4584
93.539
93.6205
93.7029
93.786
93.8698
93.9541
94.039
94.1243
94.2099
94.2957
94.3818
94.4679
94.554
94.6401
94.726
94.8116
94.897
94.9819
95.0664
95.1503
95.2336
95.3161
95.3979
95.4789
95.5588
95.6378
95.7157
95.7925
95.868
95.9422
96.0151
96.0865
96.1565
96.2249
96.2916
96.3567
96.42
96.4815
96.5411
96.5988
96.6546
96.7082
96.7598
96.8092
96.8565
96.9015
96.9441
96.9845
97.0224
97.058
97.091
97.1216
97.1496
97.1751
97.1979
97.2182
97.2357
97.2507
97.2629
97.2724
97.2792
97.2833
97.2847
96.1679
96.1664
96.1621
96.1549
96.1448
96.1319
96.1161
96.0975
96.0761
96.0519
96.025
95.9954
95.9631
95.9281
95.8905
95.8504
95.8078
95.7626
95.7151
95.6651
95.6129
95.5584
95.5016
95.4428
95.3818
95.3188
95.2537
95.1868
95.1181
95.0475
94.9753
94.9014
94.8259
94.7489
94.6705
94.5907
94.5096
94.4273
94.3439
94.2594
94.1739
94.0875
94.0002
93.9122
93.8236
93.7343
93.6446
93.5544
93.4639
93.3732
93.2822
93.1912
93.1002
93.0093
92.9186
92.8281
92.738
92.6483
92.5591
92.4706
92.3827
92.2957
92.2095
92.1243
92.0401
91.9571
91.8753
91.7948
91.7156
91.638
91.5619
91.4874
91.4146
91.3436
91.2745
91.2072
91.1421
91.0789
91.0179
90.9592
90.9027
90.8485
90.7968
90.7475
90.7007
90.6565
90.6149
90.5759
90.5396
90.5061
90.4754
90.4475
90.4224
90.4002
90.381
90.3646
90.3512
90.3407
90.3333
90.3288
90.3273
90.3288
90.3333
90.3407
90.3512
90.3646
90.381
90.4002
90.4224
90.4475
90.4754
90.5061
90.5396
90.5759
90.6149
90.6565
90.7007
90.7475
90.7968
90.8485
90.9027
90.9592
91.0179
91.0789
91.1421
91.2072
91.2745
91.3436
91.4146
91.4874
91.5619
91.638
91.7156
91.7948
91.8753
91.9571
92.0401
92.1243
92.2095
92.2957
92.3827
92.4706
92.5591
92.6483
92.738
92.8281
92.9186
93.0093
93.1002
93.1912
93.2822
93.3732
93.4639
93.5544
93.6446
93.7343
93.8236
93.9122
94.0002
94.0875
94.1739
94.2594
94.3439
94.4273
94.5096
94.5907
94.6705
94.7489
94.8259
94.9014
94.9753
95.0475
95.1181
95.1868
95.2537
95.3188
95.3818
95.4428
95.5016
95.5584
95.6129
95.6651
95.7151
95.7626
95.8078
95.8504
95.8905
95.9281
95.9631
95.9954
96.025
96.0519
96.0761
96.0975
96.1161
96.1319
96.1448
96.1549
96.1621
96.1664
96.1679
95.054
95.0525
95.0479
95.0403
95.0296
95.016
94.9993
94.9797
94.9571
94.9316
94.9032
94.8719
94.8378
94.8009
94.7612
94.7188
94.6738
94.6262
94.5761
94.5234
94.4682
94.4107
94.3509
94.2888
94.2244
94.158
94.0894
94.0189
93.9463
93.872
93.7958
93.7178
93.6382
93.5571
93.4744
93.3902
93.3047
93.218
93.13
93.0409
92.9507
92.8596
92.7677
92.6749
92.5814
92.4873
92.3927
92.2976
92.2021
92.1064
92.0105
91.9146
91.8186
91.7227
91.627
91.5316
91.4365
91.3419
91.2479
91.1545
91.0618
90.97
90.879
90.7891
90.7003
90.6127
90.5264
90.4414
90.3579
90.276
90.1957
90.1171
90.0403
89.9653
89.8923
89.8215
89.7526
89.686
89.6217
89.5596
89.5
89.4428
89.3882
89.3361
89.2867
89.2401
89.1961
89.155
89.1167
89.0813
89.0489
89.0194
88.9929
88.9695
88.9492
88.9319
88.9178
88.9067
88.8988
88.8941
88.8925
88.8941
88.8988
88.9067
88.9178
88.9319
88.9492
88.9695
88.9929
89.0194
89.0489
89.0813
89.1167
89.155
89.1961
89.2401
89.2867
89.3361
89.3882
89.4428
89.5
89.5596
89.6217
89.686
89.7526
89.8215
89.8923
89.9653
90.0403
90.1171
90.1957
90.276
90.3579
90.4414
90.5264
90.6127
90.7003
90.7891
90.879
90.97
91.0618
91.1545
91.2479
91.3419
91.4365
91.5316
91.627
91.7227
91.8186
91.9146
92.0105
92.1064
92.2021
92.2976
92.3927
92.4873
92.5814
92.6749
92.7677
92.8596
92.9507
93.0409
93.13
93.218
93.3047
93.3902
93.4744
93.5571
93.6382
93.7178
93.7958
93.872
93.9463
94.0189
94.0894
94.158
94.2244
94.2888
94.3509
94.4107
94.4682
94.5234
94.5761
94.6262
94.6738
94.7188
94.7612
94.8009
94.8378
94.8719
94.9032
94.9316
94.9571
94.9797
94.9993
95.016
95.0296
95.0403
95.0479
95.0525
95.054
93.9432
93.9416
93.9368
93.9288
93.9175
93.9032
93.8856
93.8649
93.8411
93.8142
93.7842
93.7512
93.7153
93.6764
93.6346
93.59
93.5426
93.4924
93.4395
93.3841
93.326
93.2654
93.2024
93.137
93.0693
92.9993
92.9271
92.8528
92.7765
92.6982
92.618
92.536
92.4522
92.3668
92.2797
92.1912
92.1012
92.0098
91.9173
91.8235
91.7286
91.6327
91.5359
91.4383
91.3399
91.2408
91.1412
91.0411
90.9407
90.8399
90.739
90.6379
90.5369
90.4359
90.3352
90.2347
90.1346
90.035
89.936
89.8376
89.74
89.6433
89.5476
89.4529
89.3593
89.2671
89.1762
89.0867
88.9987
88.9124
88.8278
88.745
88.6641
88.5851
88.5082
88.4335
88.361
88.2908
88.223
88.1576
88.0948
88.0345
87.977
87.9221
87.8701
87.8208
87.7745
87.7312
87.6908
87.6535
87.6194
87.5883
87.5604
87.5357
87.5143
87.4961
87.4812
87.4696
87.4613
87.4563
87.4546
87.4563
87.4613
87.4696
87.4812
87.4961
87.5143
87.5357
87.5604
87.5883
87.6194
87.6535
87.6908
87.7312
87.7745
87.8208
87.8701
87.9221
87.977
88.0345
88.0948
88.1576
88.223
88.2908
88.361
88.4335
88.5082
88.5851
88.6641
88.745
88.8278
88.9124
88.9987
89.0867
89.1762
89.2671
89.3593
89.4529
89.5476
89.6433
89.74
89.8376
89.936
90.035
90.1346
90.2347
90.3352
90.4359
90.5369
90.6379
90.739
90.8399
90.9407
91.0411
91.1412
91.2408
91.3399
91.4383
91.5359
91.6327
91.7286
91.8235
91.9173
92.0098
92.1012
92.1912
92.2797
92.3668
92.4522
92.536
92.618
92.6982
92.7765
92.8528
92.9271
92.9993
93.0693
93.137
93.2024
93.2654
93.326
93.3841
93.4395
93.4924
93.5426
93.59
93.6346
93.6764
93.7153
93.7512
93.7842
93.8142
93.8411
93.8649
93.8856
93.9032
93.9175
93.9288
93.9368
93.9416
93.9432
92.8356
92.8339
92.8288
92.8204
92.8085
92.7934
92.7749
92.7531
92.7281
92.6998
92.6682
92.6335
92.5957
92.5548
92.5108
92.4639
92.414
92.3613
92.3057
92.2473
92.1863
92.1226
92.0563
91.9876
91.9164
91.8428
91.767
91.6889
91.6086
91.5263
91.4421
91.3559
91.2678
91.178
91.0866
90.9935
90.899
90.803
90.7057
90.6072
90.5075
90.4067
90.305
90.2024
90.099
89.9949
89.8902
89.785
89.6795
89.5736
89.4675
89.3613
89.2551
89.149
89.0431
88.9375
88.8322
88.7276
88.6234
88.52
88.4174
88.3157
88.2151
88.1155
88.0172
87.9201
87.8245
87.7304
87.6379
87.5471
87.4581
87.371
87.2859
87.2029
87.122
87.0434
86.9671
86.8932
86.8219
86.7532
86.687
86.6237
86.5631
86.5054
86.4506
86.3988
86.3501
86.3045
86.262
86.2228
86.1868
86.1541
86.1248
86.0988
86.0762
86.0571
86.0414
86.0292
86.0204
86.0152
86.0134
86.0152
86.0204
86.0292
86.0414
86.0571
86.0762
86.0988
86.1248
86.1541
86.1868
86.2228
86.262
86.3045
86.3501
86.3988
86.4506
86.5054
86.5631
86.6237
86.687
86.7532
86.8219
86.8932
86.9671
87.0434
87.122
87.2029
87.2859
87.371
87.4581
87.5471
87.6379
87.7304
87.8245
87.9201
88.0172
88.1155
88.2151
88.3157
88.4174
88.52
88.6234
88.7276
88.8322
88.9375
89.0431
89.149
89.2551
89.3613
89.4675
89.5736
89.6795
89.785
89.8902
89.9949
90.099
90.2024
90.305
90.4067
90.5075
90.6072
90.7057
90.803
90.899
90.9935
91.0866
91.178
91.2678
91.3559
91.4421
91.5263
91.6086
91.6889
91.767
91.8428
91.9164
91.9876
92.0563
92.1226
92.1863
92.2473
92.3057
92.3613
92.414
92.4639
92.5108
92.5548
92.5957
92.6335
92.6682
92.6998
92.7281
92.7531
92.7749
92.7934
92.8085
92.8204
92.8288
92.8339
92.8356
91.7313
91.7295
91.7242
91.7153
91.7029
91.6869
91.6675
91.6446
91.6183
91.5885
91.5554
91.5189
91.4792
91.4362
91.39
91.3407
91.2883
91.2329
91.1745
91.1133
91.0492
90.9823
90.9127
90.8405
90.7658
90.6886
90.609
90.527
90.4428
90.3565
90.268
90.1775
90.0852
89.991
89.895
89.7974
89.6982
89.5975
89.4954
89.392
89.2874
89.1817
89.0749
88.9673
88.8588
88.7496
88.6397
88.5293
88.4185
88.3074
88.1961
88.0847
87.9732
87.8618
87.7507
87.6398
87.5294
87.4194
87.3102
87.2016
87.0939
86.9871
86.8814
86.7769
86.6736
86.5717
86.4713
86.3725
86.2753
86.18
86.0865
85.995
85.9056
85.8184
85.7334
85.6509
85.5708
85.4932
85.4182
85.346
85.2765
85.2099
85.1463
85.0856
85.0281
84.9737
84.9225
84.8745
84.8299
84.7887
84.7509
84.7165
84.6857
84.6584
84.6347
84.6146
84.5981
84.5852
84.5761
84.5705
84.5687
84.5705
84.5761
84.5852
84.5981
84.6146
84.6347
84.6584
84.6857
84.7165
84.7509
84.7887
84.8299
84.8745
84.9225
84.9737
85.0281
85.0856
85.1463
85.2099
85.2765
85.346
85.4182
85.4932
85.5708
85.6509
85.7334
85.8184
85.9056
85.995
86.0865
86.18
86.2753
86.3725
86.4713
86.5717
86.6736
86.7769
86.8814
86.9871
87.0939
87.2016
87.3102
87.4194
87.5294
87.6398
87.7507
87.8618
87.9732
88.0847
88.1961
88.3074
88.4185
88.5293
88.6397
88.7496
88.8588
88.9673
89.0749
89.1817
89.2874
89.392
89.4954
89.5975
89.6982
89.7974
89.895
89.991
90.0852
90.1775
90.268
90.3565
90.4428
90.527
90.609
90.6886
90.7658
90.8405
90.9127
90.9823
91.0492
91.1133
91.1745
91.2329
91.2883
91.3407
91.39
91.4362
91.4792
91.5189
91.5554
91.5885
91.6183
91.6446
91.6675
91.6869
91.7029
91.7153
91.7242
91.7295
91.7313
90.6306
90.6287
90.6231
90.6138
90.6008
90.584
90.5636
90.5396
90.5119
90.4807
90.4459
90.4076
90.3659
90.3208
90.2724
90.2206
90.1657
90.1075
90.0463
89.982
89.9148
89.8447
89.7718
89.6961
89.6177
89.5368
89.4533
89.3674
89.2792
89.1887
89.096
89.0012
88.9044
88.8057
88.7051
88.6028
88.4989
88.3933
88.2864
88.1781
88.0684
87.9577
87.8458
87.733
87.6193
87.5049
87.3898
87.2741
87.158
87.0415
86.9248
86.808
86.6912
86.5745
86.458
86.3418
86.226
86.1107
85.9962
85.8823
85.7694
85.6575
85.5466
85.437
85.3287
85.2218
85.1165
85.0129
84.911
84.811
84.7129
84.6169
84.5232
84.4316
84.3426
84.2559
84.1718
84.0904
84.0118
83.936
83.8631
83.7932
83.7264
83.6628
83.6024
83.5452
83.4915
83.4412
83.3944
83.3511
83.3114
83.2754
83.243
83.2144
83.1895
83.1684
83.1511
83.1376
83.128
83.1222
83.1202
83.1222
83.128
83.1376
83.1511
83.1684
83.1895
83.2144
83.243
83.2754
83.3114
83.3511
83.3944
83.4412
83.4915
83.5452
83.6024
83.6628
83.7264
83.7932
83.8631
83.936
84.0118
84.0904
84.1718
84.2559
84.3426
84.4316
84.5232
84.6169
84.7129
84.811
84.911
85.0129
85.1165
85.2218
85.3287
85.437
85.5466
85.6575
85.7694
85.8823
85.9962
86.1107
86.226
86.3418
86.458
86.5745
86.6912
86.808
86.9248
87.0415
87.158
87.2741
87.3898
87.5049
87.6193
87.733
87.8458
87.9577
88.0684
88.1781
88.2864
88.3933
88.4989
88.6028
88.7051
88.8057
88.9044
89.0012
89.096
89.1887
89.2792
89.3674
89.4533
89.5368
89.6177
89.6961
89.7718
89.8447
89.9148
89.982
90.0463
90.1075
90.1657
90.2206
90.2724
90.3208
90.3659
90.4076
90.4459
90.4807
90.5119
90.5396
90.5636
90.584
90.6008
90.6138
90.6231
90.6287
90.6306
89.5336
89.5317
89.5258
89.516
89.5023
89.4848
89.4634
89.4382
89.4092
89.3764
89.3399
89.2998
89.2561
89.2088
89.158
89.1037
89.0462
88.9852
88.9211
88.8538
88.7834
88.7099
88.6335
88.5543
88.4723
88.3875
88.3001
88.2102
88.1178
88.0231
87.9261
87.8269
87.7255
87.6222
87.517
87.4099
87.3011
87.1907
87.0788
86.9654
86.8507
86.7348
86.6177
86.4996
86.3806
86.2609
86.1404
86.0193
85.8978
85.7759
85.6537
85.5315
85.4092
85.2869
85.1649
85.0433
84.922
84.8014
84.6814
84.5622
84.444
84.3267
84.2106
84.0958
83.9824
83.8704
83.7601
83.6515
83.5448
83.44
83.3372
83.2367
83.1384
83.0426
82.9492
82.8584
82.7703
82.685
82.6025
82.5231
82.4467
82.3734
82.3034
82.2367
82.1734
82.1135
82.0572
82.0045
81.9554
81.91
81.8684
81.8306
81.7967
81.7667
81.7406
81.7184
81.7003
81.6862
81.6761
81.67
81.668
81.67
81.6761
81.6862
81.7003
81.7184
81.7406
81.7667
81.7967
81.8306
81.8684
81.91
81.9554
82.0045
82.0572
82.1135
82.1734
82.2367
82.3034
82.3734
82.4467
82.5231
82.6025
82.685
82.7703
82.8584
82.9492
83.0426
83.1384
83.2367
83.3372
83.44
83.5448
83.6515
83.7601
83.8704
83.9824
84.0958
84.2106
84.3267
84.444
84.5622
84.6814
84.8014
84.922
85.0433
85.1649
85.2869
85.4092
85.5315
85.6537
85.7759
85.8978
86.0193
86.1404
86.2609
86.3806
86.4996
86.6177
86.7348
86.8507
86.9654
87.0788
87.1907
87.3011
87.4099
87.517
87.6222
87.7255
87.8269
87.9261
88.0231
88.1178
88.2102
88.3001
88.3875
88.4723
88.5543
88.6335
88.7099
88.7834
88.8538
88.9211
88.9852
89.0462
89.1037
89.158
89.2088
89.2561
89.2998
89.3399
89.3764
89.4092
89.4382
89.4634
89.4848
89.5023
89.516
89.5258
89.5317
89.5336
88.4405
88.4385
88.4323
88.4221
88.4077
88.3893
88.3669
88.3405
88.3101
88.2758
88.2376
88.1956
88.1497
88.1002
88.047
87.9903
87.93
87.8662
87.7991
87.7286
87.655
87.5781
87.4982
87.4153
87.3295
87.2408
87.1495
87.0554
86.9589
86.8598
86.7583
86.6546
86.5487
86.4407
86.3307
86.2187
86.105
85.9896
85.8726
85.7541
85.6342
85.513
85.3906
85.2672
85.1428
85.0176
84.8916
84.765
84.638
84.5105
84.3828
84.2549
84.127
83.9992
83.8716
83.7444
83.6176
83.4914
83.3659
83.2412
83.1175
82.9948
82.8734
82.7532
82.6345
82.5174
82.402
82.2884
82.1766
82.0669
81.9595
81.8542
81.7513
81.651
81.5532
81.4582
81.3659
81.2766
81.1903
81.1071
81.0271
80.9504
80.8771
80.8073
80.741
80.6783
80.6193
80.5641
80.5127
80.4652
80.4216
80.3821
80.3465
80.3151
80.2878
80.2646
80.2456
80.2308
80.2202
80.2138
80.2117
80.2138
80.2202
80.2308
80.2456
80.2646
80.2878
80.3151
80.3465
80.3821
80.4216
80.4652
80.5127
80.5641
80.6193
80.6783
80.741
80.8073
80.8771
80.9504
81.0271
81.1071
81.1903
81.2766
81.3659
81.4582
81.5532
81.651
81.7513
81.8542
81.9595
82.0669
82.1766
82.2884
82.402
82.5174
82.6345
82.7532
82.8734
82.9948
83.1175
83.2412
83.3659
83.4914
83.6176
83.7444
83.8716
83.9992
84.127
84.2549
84.3828
84.5105
84.638
84.765
84.8916
85.0176
85.1428
85.2672
85.3906
85.513
85.6342
85.7541
85.8726
85.9896
86.105
86.2187
86.3307
86.4407
86.5487
86.6546
86.7583
86.8598
86.9589
87.0554
87.1495
87.2408
87.3295
87.4153
87.4982
87.5781
87.655
87.7286
87.7991
87.8662
87.93
87.9903
88.047
88.1002
88.1497
88.1956
88.2376
88.2758
88.3101
88.3405
88.3669
88.3893
88.4077
88.4221
88.4323
88.4385
88.4405
87.3515
87.3494
87.3429
87.3322
87.3172
87.2979
87.2744
87.2468
87.215
87.179
87.139
87.0951
87.0471
86.9953
86.9397
86.8803
86.8172
86.7505
86.6803
86.6067
86.5297
86.4493
86.3658
86.2792
86.1895
86.0969
86.0015
85.9032
85.8023
85.6989
85.5929
85.4846
85.374
85.2612
85.1463
85.0294
84.9106
84.7901
84.6679
84.5441
84.4189
84.2924
84.1646
84.0357
83.9058
83.775
83.6434
83.5112
83.3785
83.2454
83.112
82.9784
82.8448
82.7112
82.578
82.445
82.3125
82.1806
82.0495
81.9192
81.7899
81.6617
81.5348
81.4092
81.2851
81.1627
81.042
80.9232
80.8064
80.6917
80.5793
80.4693
80.3617
80.2567
80.1545
80.0551
79.9586
79.8652
79.7749
79.6879
79.6042
79.524
79.4473
79.3742
79.3049
79.2393
79.1776
79.1198
79.0661
79.0164
78.9708
78.9294
78.8922
78.8593
78.8307
78.8064
78.7866
78.7711
78.76
78.7533
78.7511
78.7533
78.76
78.7711
78.7866
78.8064
78.8307
78.8593
78.8922
78.9294
78.9708
79.0164
79.0661
79.1198
79.1776
79.2393
79.3049
79.3742
79.4473
79.524
79.6042
79.6879
79.7749
79.8652
79.9586
80.0551
80.1545
80.2567
80.3617
80.4693
80.5793
80.6917
80.8064
80.9232
81.042
81.1627
81.2851
81.4092
81.5348
81.6617
81.7899
81.9192
82.0495
82.1806
82.3125
82.445
82.578
82.7112
82.8448
82.9784
83.112
83.2454
83.3785
83.5112
83.6434
83.775
83.9058
84.0357
84.1646
84.2924
84.4189
84.5441
84.6679
84.7901
84.9106
85.0294
85.1463
85.2612
85.374
85.4846
85.5929
85.6989
85.8023
85.9032
86.0015
86.0969
86.1895
86.2792
86.3658
86.4493
86.5297
86.6067
86.6803
86.7505
86.8172
86.8803
86.9397
86.9953
87.0471
87.0951
87.139
87.179
87.215
87.2468
87.2744
87.2979
87.3172
87.3322
87.3429
87.3494
87.3515
86.2669
86.2647
86.2579
86.2467
86.231
86.2108
86.1862
86.1572
86.124
86.0864
86.0445
85.9985
85.9484
85.8942
85.8361
85.774
85.7081
85.6384
85.5651
85.4881
85.4077
85.3238
85.2366
85.1461
85.0525
84.9559
84.8562
84.7537
84.6484
84.5404
84.4299
84.3168
84.2014
84.0837
83.9639
83.8419
83.718
83.5923
83.4648
83.3357
83.205
83.073
82.9397
82.8052
82.6697
82.5332
82.3959
82.258
82.1195
81.9805
81.8413
81.7019
81.5624
81.4231
81.284
81.1452
81.0069
80.8692
80.7323
80.5962
80.4612
80.3274
80.1948
80.0637
79.9341
79.8062
79.6802
79.556
79.4341
79.3142
79.1968
79.0818
78.9694
78.8598
78.7529
78.6491
78.5482
78.4506
78.3563
78.2653
78.1778
78.094
78.0138
77.9375
77.865
77.7964
77.7319
77.6715
77.6153
77.5634
77.5157
77.4724
77.4336
77.3992
77.3693
77.3439
77.3231
77.3069
77.2954
77.2884
77.2861
77.2884
77.2954
77.3069
77.3231
77.3439
77.3693
77.3992
77.4336
77.4724
77.5157
77.5634
77.6153
77.6715
77.7319
77.7964
77.865
77.9375
78.0138
78.094
78.1778
78.2653
78.3563
78.4506
78.5482
78.6491
78.7529
78.8598
78.9694
79.0818
79.1968
79.3142
79.4341
79.556
79.6802
79.8062
79.9341
80.0637
80.1948
80.3274
80.4612
80.5962
80.7323
80.8692
81.0069
81.1452
81.284
81.4231
81.5624
81.7019
81.8413
81.9805
82.1195
82.258
82.3959
82.5332
82.6697
82.8052
82.9397
83.073
83.205
83.3357
83.4648
83.5923
83.718
83.8419
83.9639
84.0837
84.2014
84.3168
84.4299
84.5404
84.6484
84.7537
84.8562
84.9559
85.0525
85.1461
85.2366
85.3238
85.4077
85.4881
85.5651
85.6384
85.7081
85.774
85.8361
85.8942
85.9484
85.9985
86.0445
86.0864
86.124
86.1572
86.1862
86.2108
86.231
86.2467
86.2579
86.2647
86.2669
85.1867
85.1843
85.1773
85.1655
85.1491
85.128
85.1023
85.072
85.0372
84.9979
84.9542
84.9061
84.8537
84.7971
84.7363
84.6715
84.6027
84.5299
84.4534
84.373
84.2891
84.2016
84.1106
84.0162
83.9186
83.8178
83.7138
83.6069
83.4971
83.3846
83.2693
83.1515
83.0311
82.9085
82.7835
82.6564
82.5273
82.3962
82.2633
82.1287
81.9926
81.8549
81.7159
81.5758
81.4345
81.2922
81.1491
81.0053
80.8609
80.716
80.5709
80.4255
80.2801
80.1347
79.9896
79.8449
79.7006
79.557
79.4142
79.2722
79.1314
78.9917
78.8534
78.7166
78.5814
78.4479
78.3163
78.1868
78.0595
77.9345
77.8119
77.6918
77.5745
77.46
77.3485
77.24
77.1347
77.0328
76.9343
76.8393
76.748
76.6604
76.5767
76.4969
76.4212
76.3496
76.2822
76.2191
76.1604
76.1061
76.0564
76.0112
75.9706
75.9346
75.9034
75.8769
75.8552
75.8383
75.8262
75.8189
75.8165
75.8189
75.8262
75.8383
75.8552
75.8769
75.9034
75.9346
75.9706
76.0112
76.0564
76.1061
76.1604
76.2191
76.2822
76.3496
76.4212
76.4969
76.5767
76.6604
76.748
76.8393
76.9343
77.0328
77.1347
77.24
77.3485
77.46
77.5745
77.6918
77.8119
77.9345
78.0595
78.1868
78.3163
78.4479
78.5814
78.7166
78.8534
78.9917
79.1314
79.2722
79.4142
79.557
79.7006
79.8449
79.9896
80.1347
80.2801
80.4255
80.5709
80.716
80.8609
81.0053
81.1491
81.2922
81.4345
81.5758
81.7159
81.8549
81.9926
82.1287
82.2633
82.3962
82.5273
82.6564
82.7835
82.9085
83.0311
83.1515
83.2693
83.3846
83.4971
83.6069
83.7138
83.8178
83.9186
84.0162
84.1106
84.2016
84.2891
84.373
84.4534
84.5299
84.6027
84.6715
84.7363
84.7971
84.8537
84.9061
84.9542
84.9979
85.0372
85.072
85.1023
85.128
85.1491
85.1655
85.1773
85.1843
85.1867
84.1111
84.1087
84.1013
84.089
84.0718
84.0498
84.0229
83.9913
83.9549
83.9138
83.8681
83.8179
83.7632
83.7041
83.6407
83.573
83.5012
83.4253
83.3454
83.2616
83.1741
83.0828
82.988
82.8896
82.7878
82.6827
82.5745
82.4631
82.3487
82.2314
82.1113
81.9886
81.8633
81.7355
81.6053
81.473
81.3385
81.2019
81.0635
80.9234
80.7816
80.6382
80.4935
80.3474
80.2003
80.0521
79.903
79.7532
79.6028
79.4519
79.3006
79.1491
78.9976
78.8462
78.695
78.5441
78.3937
78.2441
78.0952
77.9473
77.8004
77.6548
77.5106
77.3679
77.2269
77.0877
76.9506
76.8155
76.6826
76.5522
76.4243
76.2991
76.1767
76.0573
75.9409
75.8277
75.7179
75.6115
75.5087
75.4096
75.3143
75.2229
75.1355
75.0523
74.9732
74.8985
74.8282
74.7624
74.7011
74.6444
74.5925
74.5453
74.5029
74.4654
74.4328
74.4051
74.3825
74.3648
74.3522
74.3446
74.3421
74.3446
74.3522
74.3648
74.3825
74.4051
74.4328
74.4654
74.5029
74.5453
74.5925
74.6444
74.7011
74.7624
74.8282
74.8985
74.9732
75.0523
75.1355
75.2229
75.3143
75.4096
75.5087
75.6115
75.7179
75.8277
75.9409
76.0573
76.1767
76.2991
76.4243
76.5522
76.6826
76.8155
76.9506
77.0877
77.2269
77.3679
77.5106
77.6548
77.8004
77.9473
78.0952
78.2441
78.3937
78.5441
78.695
78.8462
78.9976
79.1491
79.3006
79.4519
79.6028
79.7532
79.903
80.0521
80.2003
80.3474
80.4935
80.6382
80.7816
80.9234
81.0635
81.2019
81.3385
81.473
81.6053
81.7355
81.8633
81.9886
82.1113
82.2314
82.3487
82.4631
82.5745
82.6827
82.7878
82.8896
82.988
83.0828
83.1741
83.2616
83.3454
83.4253
83.5012
83.573
83.6407
83.7041
83.7632
83.8179
83.8681
83.9138
83.9549
83.9913
84.0229
84.0498
84.0718
84.089
84.1013
84.1087
84.1111
83.0406
83.038
83.0303
83.0174
82.9995
82.9764
82.9484
82.9153
82.8773
82.8344
82.7867
82.7343
82.6771
82.6155
82.5493
82.4787
82.4038
82.3246
82.2413
82.154
82.0628
81.9677
81.8688
81.7664
81.6604
81.5509
81.4382
81.3222
81.2031
81.081
80.9561
80.8283
80.6978
80.5648
80.4294
80.2916
80.1516
80.0096
79.8656
79.7197
79.5721
79.4229
79.2722
79.1203
78.9671
78.8128
78.6577
78.5017
78.3451
78.188
78.0305
77.8728
77.7151
77.5574
77.3999
77.2428
77.0862
76.9303
76.7752
76.6211
76.4681
76.3164
76.1662
76.0175
75.8706
75.7256
75.5826
75.4418
75.3034
75.1674
75.0341
74.9035
74.7759
74.6514
74.5301
74.4121
74.2975
74.1866
74.0794
73.976
73.8766
73.7813
73.6902
73.6033
73.5209
73.443
73.3696
73.3009
73.237
73.1779
73.1237
73.0745
73.0303
72.9911
72.9571
72.9283
72.9046
72.8862
72.873
72.8651
72.8625
72.8651
72.873
72.8862
72.9046
72.9283
72.9571
72.9911
73.0303
73.0745
73.1237
73.1779
73.237
73.3009
73.3696
73.443
73.5209
73.6033
73.6902
73.7813
73.8766
73.976
74.0794
74.1866
74.2975
74.4121
74.5301
74.6514
74.7759
74.9035
75.0341
75.1674
75.3034
75.4418
75.5826
75.7256
75.8706
76.0175
76.1662
76.3164
76.4681
76.6211
76.7752
76.9303
77.0862
77.2428
77.3999
77.5574
77.7151
77.8728
78.0305
78.188
78.3451
78.5017
78.6577
78.8128
78.9671
79.1203
79.2722
79.4229
79.5721
79.7197
79.8656
80.0096
80.1516
80.2916
80.4294
80.5648
80.6978
80.8283
80.9561
81.081
81.2031
81.3222
81.4382
81.5509
81.6604
81.7664
81.8688
81.9677
82.0628
82.154
82.2413
82.3246
82.4038
82.4787
82.5493
82.6155
82.6771
82.7343
82.7867
82.8344
82.8773
82.9153
82.9484
82.9764
82.9995
83.0174
83.0303
83.038
83.0406
81.9752
81.9725
81.9645
81.951
81.9322
81.9082
81.8788
81.8443
81.8046
81.7598
81.71
81.6552
81.5957
81.5313
81.4623
81.3886
81.3106
81.2281
81.1413
81.0503
80.9553
80.8563
80.7533
80.6467
80.5363
80.4225
80.3051
80.1845
80.0606
79.9336
79.8036
79.6707
79.535
79.3967
79.2558
79.1125
78.967
78.8192
78.6694
78.5177
78.3642
78.2091
78.0524
77.8943
77.735
77.5746
77.4132
77.2509
77.088
76.9246
76.7607
76.5966
76.4325
76.2684
76.1045
75.941
75.778
75.6157
75.4543
75.2938
75.1346
74.9766
74.8202
74.6654
74.5124
74.3613
74.2124
74.0658
73.9216
73.7799
73.6411
73.5051
73.3721
73.2423
73.1159
72.9929
72.8736
72.758
72.6462
72.5385
72.4349
72.3355
72.2405
72.15
72.0641
71.9829
71.9064
71.8348
71.7681
71.7065
71.65
71.5987
71.5526
71.5118
71.4763
71.4462
71.4216
71.4024
71.3886
71.3804
71.3776
71.3804
71.3886
71.4024
71.4216
71.4462
71.4763
71.5118
71.5526
71.5987
71.65
71.7065
71.7681
71.8348
71.9064
71.9829
72.0641
72.15
72.2405
72.3355
72.4349
72.5385
72.6462
72.758
72.8736
72.9929
73.1159
73.2423
73.3721
73.5051
73.6411
73.7799
73.9216
74.0658
74.2124
74.3613
74.5124
74.6654
74.8202
74.9766
75.1346
75.2938
75.4543
75.6157
75.778
75.941
76.1045
76.2684
76.4325
76.5966
76.7607
76.9246
77.088
77.2509
77.4132
77.5746
77.735
77.8943
78.0524
78.2091
78.3642
78.5177
78.6694
78.8192
78.967
79.1125
79.2558
79.3967
79.535
79.6707
79.8036
79.9336
80.0606
80.1845
80.3051
80.4225
80.5363
80.6467
80.7533
80.8563
80.9553
81.0503
81.1413
81.2281
81.3106
81.3886
81.4623
81.5313
81.5957
81.6552
81.71
81.7598
81.8046
81.8443
81.8788
81.9082
81.9322
81.951
81.9645
81.9725
81.9752
80.9151
80.9123
80.9039
80.8898
80.8702
80.845
80.8144
80.7783
80.7369
80.6901
80.6382
80.581
80.5189
80.4518
80.3798
80.3031
80.2217
80.1358
80.0454
79.9507
79.8518
79.7487
79.6416
79.5307
79.4159
79.2974
79.1754
79.05
78.9211
78.7891
78.6539
78.5158
78.3748
78.231
78.0846
77.9357
77.7844
77.6309
77.4752
77.3176
77.158
76.9968
76.8339
76.6696
76.504
76.3373
76.1695
76.0009
75.8315
75.6615
75.4912
75.3205
75.1498
74.9792
74.8087
74.6387
74.4691
74.3003
74.1323
73.9655
73.7997
73.6354
73.4726
73.3115
73.1522
72.995
72.84
72.6874
72.5372
72.3898
72.2452
72.1036
71.9651
71.83
71.6983
71.5702
71.4459
71.3255
71.2091
71.0969
70.989
70.8855
70.7865
70.6922
70.6027
70.518
70.4384
70.3637
70.2943
70.2301
70.1712
70.1177
70.0697
70.0272
69.9902
69.9589
69.9332
69.9131
69.8988
69.8902
69.8874
69.8902
69.8988
69.9131
69.9332
69.9589
69.9902
70.0272
70.0697
70.1177
70.1712
70.2301
70.2943
70.3637
70.4384
70.518
70.6027
70.6922
70.7865
70.8855
70.989
71.0969
71.2091
71.3255
71.4459
71.5702
71.6983
71.83
71.9651
72.1036
72.2452
72.3898
72.5372
72.6874
72.84
72.995
73.1522
73.3115
73.4726
73.6354
73.7997
73.9655
74.1323
74.3003
74.4691
74.6387
74.8087
74.9792
75.1498
75.3205
75.4912
75.6615
75.8315
76.0009
76.1695
76.3373
76.504
76.6696
76.8339
76.9968
77.158
77.3176
77.4752
77.6309
77.7844
77.9357
78.0846
78.231
78.3748
78.5158
78.6539
78.7891
78.9211
79.05
79.1754
79.2974
79.4159
79.5307
79.6416
79.7487
79.8518
79.9507
80.0454
80.1358
80.2217
80.3031
80.3798
80.4518
80.5189
80.581
80.6382
80.6901
80.7369
80.7783
80.8144
80.845
80.8702
80.8898
80.9039
80.9123
80.9151
79.8606
79.8576
79.8488
79.8342
79.8137
79.7874
79.7554
79.7177
79.6745
79.6257
79.5714
79.5119
79.4471
79.3771
79.3021
79.2222
79.1374
79.048
78.9539
78.8553
78.7524
78.6452
78.5338
78.4184
78.2991
78.176
78.0492
77.9188
77.7849
77.6477
77.5073
77.3638
77.2174
77.068
76.916
76.7613
76.6042
76.4447
76.283
76.1193
75.9536
75.7861
75.617
75.4463
75.2743
75.101
74.9267
74.7515
74.5755
74.3989
74.2219
74.0446
73.8671
73.6898
73.5126
73.3358
73.1596
72.984
72.8094
72.6358
72.4635
72.2926
72.1233
71.9557
71.7901
71.6265
71.4653
71.3064
71.1502
70.9968
70.8463
70.6989
70.5548
70.4141
70.2771
70.1438
70.0144
69.889
69.7678
69.651
69.5386
69.4309
69.3278
69.2296
69.1364
69.0482
68.9652
68.8875
68.8152
68.7483
68.687
68.6313
68.5812
68.537
68.4985
68.4658
68.439
68.4182
68.4033
68.3943
68.3913
68.3943
68.4033
68.4182
68.439
68.4658
68.4985
68.537
68.5812
68.6313
68.687
68.7483
68.8152
68.8875
68.9652
69.0482
69.1364
69.2296
69.3278
69.4309
69.5386
69.651
69.7678
69.889
70.0144
70.1438
70.2771
70.4141
70.5548
70.6989
70.8463
70.9968
71.1502
71.3064
71.4653
71.6265
71.7901
71.9557
72.1233
72.2926
72.4635
72.6358
72.8094
72.984
73.1596
73.3358
73.5126
73.6898
73.8671
74.0446
74.2219
74.3989
74.5755
74.7515
74.9267
75.101
75.2743
75.4463
75.617
75.7861
75.9536
76.1193
76.283
76.4447
76.6042
76.7613
76.916
77.068
77.2174
77.3638
77.5073
77.6477
77.7849
77.9188
78.0492
78.176
78.2991
78.4184
78.5338
78.6452
78.7524
78.8553
78.9539
79.048
79.1374
79.2222
79.3021
79.3771
79.4471
79.5119
79.5714
79.6257
79.6745
79.7177
79.7554
79.7874
79.8137
79.8342
79.8488
79.8576
79.8606
78.812
78.809
78.7998
78.7844
78.763
78.7356
78.7021
78.6628
78.6176
78.5667
78.5101
78.448
78.3804
78.3075
78.2294
78.1461
78.0579
77.9648
77.8668
77.7643
77.6572
77.5458
77.43
77.3101
77.1861
77.0582
76.9265
76.791
76.6521
76.5096
76.3638
76.2148
76.0628
75.9078
75.7499
75.5894
75.4263
75.2608
75.0929
74.9229
74.7509
74.5771
74.4015
74.2243
74.0457
73.8658
73.6848
73.5029
73.3201
73.1367
72.9529
72.7687
72.5844
72.4001
72.2161
72.0324
71.8492
71.6669
71.4854
71.305
71.1259
70.9482
70.7722
70.598
70.4258
70.2557
70.088
69.9228
69.7603
69.6007
69.4442
69.2909
69.141
68.9947
68.8521
68.7133
68.5787
68.4482
68.3221
68.2005
68.0836
67.9714
67.8642
67.762
67.6649
67.5731
67.4867
67.4059
67.3306
67.2609
67.1971
67.1391
67.087
67.0409
67.0008
66.9668
66.9389
66.9172
66.9016
66.8923
66.8892
66.8923
66.9016
66.9172
66.9389
66.9668
67.0008
67.0409
67.087
67.1391
67.1971
67.2609
67.3306
67.4059
67.4867
67.5731
67.6649
67.762
67.8642
67.9714
68.0836
68.2005
68.3221
68.4482
68.5787
68.7133
68.8521
68.9947
69.141
69.2909
69.4442
69.6007
69.7603
69.9228
70.088
70.2557
70.4258
70.598
70.7722
70.9482
71.1259
71.305
71.4854
71.6669
71.8492
72.0324
72.2161
72.4001
72.5844
72.7687
72.9529
73.1367
73.3201
73.5029
73.6848
73.8658
74.0457
74.2243
74.4015
74.5771
74.7509
74.9229
75.0929
75.2608
75.4263
75.5894
75.7499
75.9078
76.0628
76.2148
76.3638
76.5096
76.6521
76.791
76.9265
77.0582
77.1861
77.3101
77.43
77.5458
77.6572
77.7643
77.8668
77.9648
78.0579
78.1461
78.2294
78.3075
78.3804
78.448
78.5101
78.5667
78.6176
78.6628
78.7021
78.7356
78.763
78.7844
78.7998
78.809
78.812
77.7697
77.7664
77.7568
77.7408
77.7184
77.6897
77.6548
77.6137
77.5665
77.5134
77.4543
77.3895
77.3191
77.2431
77.1617
77.075
76.9832
76.8863
76.7845
76.6778
76.5665
76.4507
76.3304
76.2058
76.0771
75.9442
75.8075
75.6669
75.5227
75.3748
75.2236
75.069
74.9112
74.7504
74.5866
74.42
74.2508
74.0791
73.905
73.7286
73.5502
73.3698
73.1876
73.0038
72.8184
72.6318
72.4439
72.2551
72.0654
71.8751
71.6842
71.493
71.3017
71.1103
70.9192
70.7284
70.5383
70.3488
70.1603
69.9729
69.7868
69.6022
69.4193
69.2383
69.0593
68.8825
68.7082
68.5365
68.3676
68.2017
68.0389
67.8795
67.7236
67.5715
67.4231
67.2789
67.1388
67.0031
66.8719
66.7455
66.6238
66.5071
66.3955
66.2891
66.1882
66.0927
66.0028
65.9186
65.8402
65.7678
65.7013
65.641
65.5867
65.5387
65.497
65.4616
65.4326
65.41
65.3938
65.3841
65.3809
65.3841
65.3938
65.41
65.4326
65.4616
65.497
65.5387
65.5867
65.641
65.7013
65.7678
65.8402
65.9186
66.0028
66.0927
66.1882
66.2891
66.3955
66.5071
66.6238
66.7455
66.8719
67.0031
67.1388
67.2789
67.4231
67.5715
67.7236
67.8795
68.0389
68.2017
68.3676
68.5365
68.7082
68.8825
69.0593
69.2383
69.4193
69.6022
69.7868
69.9729
70.1603
70.3488
70.5383
70.7284
70.9192
71.1103
71.3017
71.493
71.6842
71.8751
72.0654
72.2551
72.4439
72.6318
72.8184
73.0038
73.1876
73.3698
73.5502
73.7286
73.905
74.0791
74.2508
74.42
74.5866
74.7504
74.9112
75.069
75.2236
75.3748
75.5227
75.6669
75.8075
75.9442
76.0771
76.2058
76.3304
76.4507
76.5665
76.6778
76.7845
76.8863
76.9832
77.075
77.1617
77.2431
77.3191
77.3895
77.4543
77.5134
77.5665
77.6137
77.6548
77.6897
77.7184
77.7408
77.7568
77.7664
77.7697
76.7336
76.7302
76.7201
76.7034
76.68
76.65
76.6135
76.5706
76.5213
76.4658
76.4043
76.3367
76.2633
76.1841
76.0993
76.0091
75.9135
75.8127
75.7068
75.596
75.4804
75.36
75.2351
75.1057
74.9721
74.8342
74.6923
74.5465
74.3968
74.2435
74.0866
73.9263
73.7626
73.5959
73.4261
73.2534
73.0779
72.8998
72.7193
72.5364
72.3514
72.1643
71.9754
71.7847
71.5925
71.3989
71.2041
71.0082
70.8114
70.6139
70.4159
70.2175
70.0189
69.8204
69.622
69.424
69.2265
69.0299
68.8341
68.6396
68.4463
68.2546
68.0646
67.8765
67.6906
67.507
67.3259
67.1474
66.9719
66.7995
66.6303
66.4647
66.3026
66.1444
65.9903
65.8403
65.6947
65.5536
65.4172
65.2856
65.1591
65.0377
64.9217
64.8111
64.706
64.6067
64.5132
64.4256
64.3441
64.2687
64.1996
64.1368
64.0804
64.0304
63.987
63.9502
63.92
63.8965
63.8796
63.8695
63.8662
63.8695
63.8796
63.8965
63.92
63.9502
63.987
64.0304
64.0804
64.1368
64.1996
64.2687
64.3441
64.4256
64.5132
64.6067
64.706
64.8111
64.9217
65.0377
65.1591
65.2856
65.4172
65.5536
65.6947
65.8403
65.9903
66.1444
66.3026
66.4647
66.6303
66.7995
66.9719
67.1474
67.3259
67.507
67.6906
67.8765
68.0646
68.2546
68.4463
68.6396
68.8341
69.0299
69.2265
69.424
69.622
69.8204
70.0189
70.2175
70.4159
70.6139
70.8114
71.0082
71.2041
71.3989
71.5925
71.7847
71.9754
72.1643
72.3514
72.5364
72.7193
72.8998
73.0779
73.2534
73.4261
73.5959
73.7626
73.9263
74.0866
74.2435
74.3968
74.5465
74.6923
74.8342
74.9721
75.1057
75.2351
75.36
75.4804
75.596
75.7068
75.8127
75.9135
76.0091
76.0993
76.1841
76.2633
76.3367
76.4043
76.4658
76.5213
76.5706
76.6135
76.65
76.68
76.7034
76.7201
76.7302
76.7336
75.7041
75.7006
75.6901
75.6725
75.6481
75.6167
75.5786
75.5337
75.4823
75.4244
75.3601
75.2897
75.2131
75.1307
75.0424
74.9485
74.849
74.7442
74.6341
74.519
74.3988
74.2739
74.1442
74.0099
73.8713
73.7282
73.5811
73.4298
73.2746
73.1156
72.953
72.7868
72.6172
72.4444
72.2684
72.0894
71.9076
71.723
71.5359
71.3464
71.1546
70.9607
70.7649
70.5673
70.368
70.1673
69.9653
69.7621
69.5581
69.3533
69.1479
68.9421
68.7362
68.5302
68.3244
68.1189
67.9141
67.71
67.5068
67.3048
67.1042
66.9052
66.708
66.5127
66.3196
66.1289
65.9408
65.7555
65.5731
65.394
65.2183
65.0462
64.8778
64.7134
64.5532
64.3973
64.2459
64.0993
63.9575
63.8208
63.6892
63.5631
63.4424
63.3274
63.2182
63.1149
63.0176
62.9266
62.8418
62.7634
62.6915
62.6262
62.5675
62.5155
62.4704
62.4321
62.4007
62.3762
62.3587
62.3482
62.3447
62.3482
62.3587
62.3762
62.4007
62.4321
62.4704
62.5155
62.5675
62.6262
62.6915
62.7634
62.8418
62.9266
63.0176
63.1149
63.2182
63.3274
63.4424
63.5631
63.6892
63.8208
63.9575
64.0993
64.2459
64.3973
64.5532
64.7134
64.8778
65.0462
65.2183
65.394
65.5731
65.7555
65.9408
66.1289
66.3196
66.5127
66.708
66.9052
67.1042
67.3048
67.5068
67.71
67.9141
68.1189
68.3244
68.5302
68.7362
68.9421
69.1479
69.3533
69.5581
69.7621
69.9653
70.1673
70.368
70.5673
70.7649
70.9607
71.1546
71.3464
71.5359
71.723
71.9076
72.0894
72.2684
72.4444
72.6172
72.7868
72.953
73.1156
73.2746
73.4298
73.5811
73.7282
73.8713
74.0099
74.1442
74.2739
74.3988
74.519
74.6341
74.7442
74.849
74.9485
75.0424
75.1307
75.2131
75.2897
75.3601
75.4244
75.4823
75.5337
75.5786
75.6167
75.6481
75.6725
75.6901
75.7006
75.7041
74.6819
74.6782
74.6671
74.6488
74.6232
74.5903
74.5505
74.5036
74.4498
74.3894
74.3223
74.2488
74.169
74.0831
73.9912
73.8934
73.79
73.681
73.5666
73.447
73.3222
73.1925
73.0579
72.9187
72.7748
72.6265
72.4739
72.3171
72.1563
71.9915
71.823
71.6508
71.4751
71.2961
71.1138
70.9284
70.74
70.5488
70.355
70.1587
69.96
69.7591
69.5562
69.3514
69.145
68.937
68.7276
68.5171
68.3056
68.0933
67.8804
67.667
67.4535
67.2399
67.0264
66.8133
66.6008
66.3891
66.1783
65.9688
65.7606
65.554
65.3493
65.1466
64.9462
64.7482
64.5529
64.3605
64.1712
63.9851
63.8026
63.6238
63.4489
63.2782
63.1117
62.9498
62.7925
62.6401
62.4928
62.3507
62.214
62.0828
61.9574
61.8378
61.7243
61.6169
61.5158
61.4212
61.333
61.2515
61.1767
61.1088
61.0478
60.9938
60.9468
60.907
60.8743
60.8489
60.8307
60.8198
60.8161
60.8198
60.8307
60.8489
60.8743
60.907
60.9468
60.9938
61.0478
61.1088
61.1767
61.2515
61.333
61.4212
61.5158
61.6169
61.7243
61.8378
61.9574
62.0828
62.214
62.3507
62.4928
62.6401
62.7925
62.9498
63.1117
63.2782
63.4489
63.6238
63.8026
63.9851
64.1712
64.3605
64.5529
64.7482
64.9462
65.1466
65.3493
65.554
65.7606
65.9688
66.1783
66.3891
66.6008
66.8133
67.0264
67.2399
67.4535
67.667
67.8804
68.0933
68.3056
68.5171
68.7276
68.937
69.145
69.3514
69.5562
69.7591
69.96
70.1587
70.355
70.5488
70.74
70.9284
71.1138
71.2961
71.4751
71.6508
71.823
71.9915
72.1563
72.3171
72.4739
72.6265
72.7748
72.9187
73.0579
73.1925
73.3222
73.447
73.5666
73.681
73.79
73.8934
73.9912
74.0831
74.169
74.2488
74.3223
74.3894
74.4498
74.5036
74.5505
74.5903
74.6232
74.6488
74.6671
74.6782
74.6819
73.667
73.6631
73.6516
73.6323
73.6055
73.5711
73.5293
73.4803
73.4241
73.3609
73.2909
73.2142
73.131
73.0415
72.9458
72.844
72.7364
72.6231
72.5043
72.38
72.2505
72.1159
71.9763
71.8318
71.6827
71.529
71.3709
71.2085
71.0419
70.8712
70.6967
70.5184
70.3364
70.151
69.9622
69.7703
69.5752
69.3773
69.1766
68.9733
68.7676
68.5595
68.3494
68.1373
67.9235
67.708
67.4912
67.273
67.0539
66.8339
66.6133
66.3922
66.1708
65.9494
65.7281
65.5072
65.2868
65.0672
64.8486
64.6313
64.4153
64.201
63.9886
63.7783
63.5703
63.3648
63.1621
62.9624
62.7658
62.5727
62.3832
62.1976
62.0159
61.8386
61.6657
61.4975
61.3341
61.1758
61.0228
60.8751
60.7331
60.5968
60.4665
60.3422
60.2242
60.1126
60.0076
59.9092
59.8175
59.7328
59.6551
59.5845
59.521
59.4649
59.4161
59.3747
59.3407
59.3143
59.2953
59.284
59.2802
59.284
59.2953
59.3143
59.3407
59.3747
59.4161
59.4649
59.521
59.5845
59.6551
59.7328
59.8175
59.9092
60.0076
60.1126
60.2242
60.3422
60.4665
60.5968
60.7331
60.8751
61.0228
61.1758
61.3341
61.4975
61.6657
61.8386
62.0159
62.1976
62.3832
62.5727
62.7658
62.9624
63.1621
63.3648
63.5703
63.7783
63.9886
64.201
64.4153
64.6313
64.8486
65.0672
65.2868
65.5072
65.7281
65.9494
66.1708
66.3922
66.6133
66.8339
67.0539
67.273
67.4912
67.708
67.9235
68.1373
68.3494
68.5595
68.7676
68.9733
69.1766
69.3773
69.5752
69.7703
69.9622
70.151
70.3364
70.5184
70.6967
70.8712
71.0419
71.2085
71.3709
71.529
71.6827
71.8318
71.9763
72.1159
72.2505
72.38
72.5043
72.6231
72.7364
72.844
72.9458
73.0415
73.131
73.2142
73.2909
73.3609
73.4241
73.4803
73.5293
73.5711
73.6055
73.6323
73.6516
73.6631
73.667
72.6598
72.6557
72.6436
72.6234
72.5952
72.5592
72.5154
72.4641
72.4053
72.3392
72.2661
72.1861
72.0993
72.006
71.9063
71.8004
71.6885
71.5708
71.4473
71.3183
71.1839
71.0443
70.8995
70.7498
70.5952
70.436
70.2722
70.104
69.9315
69.7548
69.5741
69.3895
69.2012
69.0093
68.8139
68.6152
68.4134
68.2085
68.0008
67.7904
67.5774
67.3621
67.1445
66.925
66.7035
66.4805
66.2559
66.0301
65.8031
65.5752
65.3466
65.1176
64.8882
64.6587
64.4294
64.2004
63.972
63.7444
63.5177
63.2924
63.0684
62.8462
62.6259
62.4077
62.1919
61.9787
61.7684
61.5611
61.3572
61.1567
60.96
60.7673
60.5788
60.3946
60.2151
60.0404
59.8708
59.7064
59.5474
59.394
59.2465
59.1049
58.9695
58.8404
58.7178
58.6019
58.4927
58.3904
58.2952
58.2072
58.1264
58.053
57.9871
57.9287
57.878
57.835
57.7997
57.7722
57.7525
57.7407
57.7368
57.7407
57.7525
57.7722
57.7997
57.835
57.878
57.9287
57.9871
58.053
58.1264
58.2072
58.2952
58.3904
58.4927
58.6019
58.7178
58.8404
58.9695
59.1049
59.2465
59.394
59.5474
59.7064
59.8708
60.0404
60.2151
60.3946
60.5788
60.7673
60.96
61.1567
61.3572
61.5611
61.7684
61.9787
62.1919
62.4077
62.6259
62.8462
63.0684
63.2924
63.5177
63.7444
63.972
64.2004
64.4294
64.6587
64.8882
65.1176
65.3466
65.5752
65.8031
66.0301
66.2559
66.4805
66.7035
66.925
67.1445
67.3621
67.5774
67.7904
68.0008
68.2085
68.4134
68.6152
68.8139
69.0093
69.2012
69.3895
69.5741
69.7548
69.9315
70.104
70.2722
70.436
70.5952
70.7498
70.8995
71.0443
71.1839
71.3183
71.4473
71.5708
71.6885
71.8004
71.9063
72.006
72.0993
72.1861
72.2661
72.3392
72.4053
72.4641
72.5154
72.5592
72.5952
72.6234
72.6436
72.6557
72.6598
71.6606
71.6563
71.6435
71.6223
71.5927
71.5549
71.509
71.4552
71.3937
71.3246
71.2482
71.1646
71.0741
70.9768
70.873
70.7629
70.6465
70.5241
70.3959
70.262
70.1226
69.9777
69.8277
69.6725
69.5124
69.3475
69.1779
69.0038
68.8252
68.6424
68.4554
68.2644
68.0696
67.871
67.6689
67.4634
67.2545
67.0426
66.8277
66.61
66.3896
66.1668
65.9417
65.7145
65.4854
65.2544
65.022
64.7882
64.5532
64.3172
64.0805
63.8433
63.6057
63.368
63.1304
62.8932
62.6564
62.4205
62.1856
61.952
61.7199
61.4895
61.261
61.0348
60.811
60.5898
60.3717
60.1566
59.945
59.737
59.5329
59.3329
59.1372
58.9461
58.7597
58.5784
58.4022
58.2315
58.0664
57.9072
57.754
57.6069
57.4663
57.3322
57.2049
57.0844
56.971
56.8648
56.7658
56.6744
56.5904
56.5142
56.4457
56.385
56.3323
56.2876
56.2509
56.2223
56.2019
56.1896
56.1855
56.1896
56.2019
56.2223
56.2509
56.2876
56.3323
56.385
56.4457
56.5142
56.5904
56.6744
56.7658
56.8648
56.971
57.0844
57.2049
57.3322
57.4663
57.6069
57.754
57.9072
58.0664
58.2315
58.4022
58.5784
58.7597
58.9461
59.1372
59.3329
59.5329
59.737
59.945
60.1566
60.3717
60.5898
60.811
61.0348
61.261
61.4895
61.7199
61.952
62.1856
62.4205
62.6564
62.8932
63.1304
63.368
63.6057
63.8433
64.0805
64.3172
64.5532
64.7882
65.022
65.2544
65.4854
65.7145
65.9417
66.1668
66.3896
66.61
66.8277
67.0426
67.2545
67.4634
67.6689
67.871
68.0696
68.2644
68.4554
68.6424
68.8252
69.0038
69.1779
69.3475
69.5124
69.6725
69.8277
69.9777
70.1226
70.262
70.3959
70.5241
70.6465
70.7629
70.873
70.9768
71.0741
71.1646
71.2482
71.3246
71.3937
71.4552
71.509
71.5549
71.5927
71.6223
71.6435
71.6563
71.6606
70.6698
70.6653
70.6519
70.6296
70.5985
70.5587
70.5106
70.4541
70.3896
70.3173
70.2374
70.1501
70.0556
69.9543
69.8462
69.7315
69.6105
69.4834
69.3502
69.2113
69.0666
68.9165
68.761
68.6003
68.4345
68.2637
68.0882
67.908
67.7232
67.5341
67.3407
67.1432
66.9417
66.7364
66.5273
66.3148
66.0988
65.8797
65.6574
65.4323
65.2043
64.9739
64.741
64.506
64.2689
64.03
63.7895
63.5475
63.3043
63.06
62.815
62.5693
62.3233
62.0772
61.8311
61.5853
61.3401
61.0957
60.8523
60.6102
60.3696
60.1308
59.8939
59.6594
59.4273
59.198
58.9718
58.7487
58.5292
58.3135
58.1017
57.8942
57.6911
57.4927
57.2993
57.1111
56.9283
56.7511
56.5797
56.4143
56.2552
56.1025
55.9565
55.8173
55.685
55.5599
55.4421
55.3317
55.229
55.1339
55.0467
54.9675
54.8963
54.8333
54.7786
54.7321
54.694
54.6643
54.6431
54.6303
54.626
54.6303
54.6431
54.6643
54.694
54.7321
54.7786
54.8333
54.8963
54.9675
55.0467
55.1339
55.229
55.3317
55.4421
55.5599
55.685
55.8173
55.9565
56.1025
56.2552
56.4143
56.5797
56.7511
56.9283
57.1111
57.2993
57.4927
57.6911
57.8942
58.1017
58.3135
58.5292
58.7487
58.9718
59.198
59.4273
59.6594
59.8939
60.1308
60.3696
60.6102
60.8523
61.0957
61.3401
61.5853
61.8311
62.0772
62.3233
62.5693
62.815
63.06
63.3043
63.5475
63.7895
64.03
64.2689
64.506
64.741
64.9739
65.2043
65.4323
65.6574
65.8797
66.0988
66.3148
66.5273
66.7364
66.9417
67.1432
67.3407
67.5341
67.7232
67.908
68.0882
68.2637
68.4345
68.6003
68.761
68.9165
69.0666
69.2113
69.3502
69.4834
69.6105
69.7315
69.8462
69.9543
70.0556
70.1501
70.2374
70.3173
70.3896
70.4541
70.5106
70.5587
70.5985
70.6296
70.6519
70.6653
70.6698
69.6882
69.6834
69.6692
69.6457
69.6129
69.5711
69.5204
69.4611
69.3934
69.3177
69.234
69.1428
69.0442
68.9385
68.8258
68.7065
68.5807
68.4486
68.3103
68.1662
68.0162
67.8606
67.6995
67.533
67.3614
67.1847
67.0031
66.8167
66.6256
66.43
66.2301
66.0259
65.8176
65.6053
65.3893
65.1696
64.9464
64.7198
64.4901
64.2573
64.0217
63.7834
63.5426
63.2995
63.0543
62.8072
62.5584
62.308
62.0564
61.8036
61.55
61.2957
61.0411
60.7862
60.5314
60.2769
60.023
59.7698
59.5177
59.2668
59.0175
58.77
58.5246
58.2815
58.0409
57.8032
57.5686
57.3373
57.1096
56.8859
56.6662
56.4509
56.2402
56.0344
55.8337
55.6384
55.4486
55.2647
55.0868
54.9151
54.75
54.5914
54.4398
54.2952
54.1579
54.0279
53.9056
53.791
53.6842
53.5855
53.495
53.4127
53.3387
53.2733
53.2164
53.1681
53.1285
53.0977
53.0756
53.0624
53.0579
53.0624
53.0756
53.0977
53.1285
53.1681
53.2164
53.2733
53.3387
53.4127
53.495
53.5855
53.6842
53.791
53.9056
54.0279
54.1579
54.2952
54.4398
54.5914
54.75
54.9151
55.0868
55.2647
55.4486
55.6384
55.8337
56.0344
56.2402
56.4509
56.6662
56.8859
57.1096
57.3373
57.5686
57.8032
58.0409
58.2815
58.5246
58.77
59.0175
59.2668
59.5177
59.7698
60.023
60.2769
60.5314
60.7862
61.0411
61.2957
61.55
61.8036
62.0564
62.308
62.5584
62.8072
63.0543
63.2995
63.5426
63.7834
64.0217
64.2573
64.4901
64.7198
64.9464
65.1696
65.3893
65.6053
65.8176
66.0259
66.2301
66.43
66.6256
66.8167
67.0031
67.1847
67.3614
67.533
67.6995
67.8606
68.0162
68.1662
68.3103
68.4486
68.5807
68.7065
68.8258
68.9385
69.0442
69.1428
69.234
69.3177
69.3934
69.4611
69.5204
69.5711
69.6129
69.6457
69.6692
69.6834
69.6882
68.7161
68.7111
68.6961
68.6711
68.6365
68.5923
68.5389
68.4765
68.4054
68.3259
68.2383
68.1428
68.0399
67.9295
67.8122
67.688
67.5572
67.4199
67.2764
67.1268
66.9714
66.8101
66.6433
66.471
66.2934
66.1106
65.9228
65.7301
65.5325
65.3304
65.1237
64.9128
64.6975
64.4782
64.2549
64.0279
63.7973
63.5632
63.3257
63.0852
62.8417
62.5954
62.3465
62.0952
61.8417
61.5861
61.3288
61.0698
60.8095
60.5481
60.2857
60.0226
59.759
59.4952
59.2315
58.968
58.7051
58.4429
58.1818
57.9219
57.6637
57.4072
57.1529
56.901
56.6517
56.4053
56.162
55.9222
55.6862
55.4541
55.2263
55.003
54.7845
54.5709
54.3627
54.16
53.9631
53.7722
53.5876
53.4094
53.238
53.0734
52.916
52.7659
52.6233
52.4883
52.3613
52.2423
52.1314
52.0289
51.9349
51.8494
51.7726
51.7046
51.6455
51.5953
51.5542
51.5222
51.4993
51.4855
51.4809
51.4855
51.4993
51.5222
51.5542
51.5953
51.6455
51.7046
51.7726
51.8494
51.9349
52.0289
52.1314
52.2423
52.3613
52.4883
52.6233
52.7659
52.916
53.0734
53.238
53.4094
53.5876
53.7722
53.9631
54.16
54.3627
54.5709
54.7845
55.003
55.2263
55.4541
55.6862
55.9222
56.162
56.4053
56.6517
56.901
57.1529
57.4072
57.6637
57.9219
58.1818
58.4429
58.7051
58.968
59.2315
59.4952
59.759
60.0226
60.2857
60.5481
60.8095
61.0698
61.3288
61.5861
61.8417
62.0952
62.3465
62.5954
62.8417
63.0852
63.3257
63.5632
63.7973
64.0279
64.2549
64.4782
64.6975
64.9128
65.1237
65.3304
65.5325
65.7301
65.9228
66.1106
66.2934
66.471
66.6433
66.8101
66.9714
67.1268
67.2764
67.4199
67.5572
67.688
67.8122
67.9295
68.0399
68.1428
68.2383
68.3259
68.4054
68.4765
68.5389
68.5923
68.6365
68.6711
68.6961
68.7111
68.7161
67.7541
67.7488
67.7328
67.7063
67.6696
67.6229
67.5664
67.5006
67.4257
67.3422
67.2503
67.1504
67.0428
66.9277
66.8053
66.6761
66.54
66.3974
66.2485
66.0934
65.9323
65.7653
65.5926
65.4143
65.2306
65.0416
64.8474
64.6482
64.4441
64.2353
64.0218
63.8038
63.5815
63.355
63.1244
62.8899
62.6517
62.4099
62.1646
61.9161
61.6645
61.41
61.1528
60.893
60.631
60.3669
60.1008
59.8331
59.5639
59.2935
59.0221
58.7499
58.4772
58.2043
57.9313
57.6586
57.3864
57.115
56.8446
56.5755
56.308
56.0424
55.7789
55.5179
55.2595
55.0042
54.7521
54.5035
54.2588
54.0182
53.7819
53.5504
53.3237
53.1023
52.8863
52.676
52.4717
52.2736
52.082
51.8971
51.7191
51.5483
51.3849
51.2291
51.081
50.9409
50.809
50.6854
50.5703
50.4639
50.3662
50.2774
50.1977
50.1271
50.0657
50.0136
49.9709
49.9376
49.9138
49.8995
49.8947
49.8995
49.9138
49.9376
49.9709
50.0136
50.0657
50.1271
50.1977
50.2774
50.3662
50.4639
50.5703
50.6854
50.809
50.9409
51.081
51.2291
51.3849
51.5483
51.7191
51.8971
52.082
52.2736
52.4717
52.676
52.8863
53.1023
53.3237
53.5504
53.7819
54.0182
54.2588
54.5035
54.7521
55.0042
55.2595
55.5179
55.7789
56.0424
56.308
56.5755
56.8446
57.115
57.3864
57.6586
57.9313
58.2043
58.4772
58.7499
59.0221
59.2935
59.5639
59.8331
60.1008
60.3669
60.631
60.893
61.1528
61.41
61.6645
61.9161
62.1646
62.4099
62.6517
62.8899
63.1244
63.355
63.5815
63.8038
64.0218
64.2353
64.4441
64.6482
64.8474
65.0416
65.2306
65.4143
65.5926
65.7653
65.9323
66.0934
66.2485
66.3974
66.54
66.6761
66.8053
66.9277
67.0428
67.1504
67.2503
67.3422
67.4257
67.5006
67.5664
67.6229
67.6696
67.7063
67.7328
67.7488
67.7541
66.8025
66.7968
66.7798
66.7516
66.7126
66.6629
66.6031
66.5335
66.4546
66.3667
66.2703
66.1656
66.053
65.9329
65.8054
65.6708
65.5293
65.3813
65.2267
65.0659
64.8989
64.7261
64.5473
64.3629
64.173
63.9777
63.777
63.5713
63.3604
63.1448
62.9243
62.6993
62.4697
62.2358
61.9978
61.7556
61.5096
61.2599
61.0066
60.75
60.4901
60.2272
59.9615
59.6932
59.4224
59.1495
58.8745
58.5977
58.3195
58.0399
57.7592
57.4777
57.1957
56.9133
56.6309
56.3487
56.067
55.786
55.5061
55.2275
54.9506
54.6755
54.4026
54.1322
53.8645
53.5999
53.3387
53.081
52.8274
52.5779
52.333
52.0929
51.8578
51.6282
51.4041
51.186
50.9741
50.7686
50.5697
50.3779
50.1932
50.0159
49.8463
49.6846
49.5309
49.3855
49.2485
49.1202
49.0007
48.8902
48.7887
48.6966
48.6137
48.5404
48.4767
48.4226
48.3782
48.3436
48.3189
48.3041
48.2991
48.3041
48.3189
48.3436
48.3782
48.4226
48.4767
48.5404
48.6137
48.6966
48.7887
48.8902
49.0007
49.1202
49.2485
49.3855
49.5309
49.6846
49.8463
50.0159
50.1932
50.3779
50.5697
50.7686
50.9741
51.186
51.4041
51.6282
51.8578
52.0929
52.333
52.5779
52.8274
53.081
53.3387
53.5999
53.8645
54.1322
54.4026
54.6755
54.9506
55.2275
55.5061
55.786
56.067
56.3487
56.6309
56.9133
57.1957
57.4777
57.7592
58.0399
58.3195
58.5977
58.8745
59.1495
59.4224
59.6932
59.9615
60.2272
60.4901
60.75
61.0066
61.2599
61.5096
61.7556
61.9978
62.2358
62.4697
62.6993
62.9243
63.1448
63.3604
63.5713
63.777
63.9777
64.173
64.3629
64.5473
64.7261
64.8989
65.0659
65.2267
65.3813
65.5293
65.6708
65.8054
65.9329
66.053
66.1656
66.2703
66.3667
66.4546
66.5335
66.6031
66.6629
66.7126
66.7516
66.7798
66.7968
66.8025
65.8623
65.8562
65.8379
65.8077
65.766
65.7131
65.6495
65.5758
65.4925
65.3998
65.2985
65.1887
65.0709
64.9454
64.8125
64.6724
64.5253
64.3715
64.2113
64.0445
63.8717
63.6927
63.5079
63.3172
63.1209
62.919
62.7118
62.4993
62.2817
62.059
61.8315
61.5992
61.3622
61.1209
60.8751
60.6252
60.3713
60.1135
59.8521
59.5871
59.3188
59.0473
58.7729
58.4958
58.2161
57.9341
57.65
57.364
57.0764
56.7874
56.4972
56.2062
55.9145
55.6224
55.3303
55.0384
54.7469
54.4561
54.1664
53.878
53.5913
53.3064
53.0238
52.7437
52.4665
52.1923
51.9216
51.6547
51.3918
51.1332
50.8793
50.6304
50.3867
50.1485
49.9162
49.6899
49.4701
49.2569
49.0506
48.8516
48.6599
48.476
48.2999
48.1321
47.9725
47.8216
47.6794
47.5462
47.4222
47.3074
47.2021
47.1064
47.0204
46.9442
46.878
46.8219
46.7758
46.7399
46.7142
46.6988
46.6937
46.6988
46.7142
46.7399
46.7758
46.8219
46.878
46.9442
47.0204
47.1064
47.2021
47.3074
47.4222
47.5462
47.6794
47.8216
47.9725
48.1321
48.2999
48.476
48.6599
48.8516
49.0506
49.2569
49.4701
49.6899
49.9162
50.1485
50.3867
50.6304
50.8793
51.1332
51.3918
51.6547
51.9216
52.1923
52.4665
52.7437
53.0238
53.3064
53.5913
53.878
54.1664
54.4561
54.7469
55.0384
55.3303
55.6224
55.9145
56.2062
56.4972
56.7874
57.0764
57.364
57.65
57.9341
58.2161
58.4958
58.7729
59.0473
59.3188
59.5871
59.8521
60.1135
60.3713
60.6252
60.8751
61.1209
61.3622
61.5992
61.8315
62.059
62.2817
62.4993
62.7118
62.919
63.1209
63.3172
63.5079
63.6927
63.8717
64.0445
64.2113
64.3715
64.5253
64.6724
64.8125
64.9454
65.0709
65.1887
65.2985
65.3998
65.4925
65.5758
65.6495
65.7131
65.766
65.8077
65.8379
65.8562
65.8623
64.9342
64.9276
64.9079
64.8754
64.8305
64.7739
64.7061
64.6278
64.5395
64.4417
64.335
64.2199
64.0965
63.9654
63.8268
63.681
63.5281
63.3685
63.2022
63.0295
62.8504
62.6653
62.4741
62.2771
62.0743
61.8658
61.6519
61.4325
61.2079
60.9781
60.7433
60.5037
60.2592
60.0102
59.7567
59.4988
59.2368
58.9708
58.701
58.4275
58.1506
57.8703
57.587
57.3009
57.012
56.7208
56.4273
56.1318
55.8347
55.536
55.2361
54.9352
54.6337
54.3317
54.0295
53.7275
53.426
53.1252
52.8254
52.5269
52.23
51.9351
51.6425
51.3525
51.0653
50.7813
50.5009
50.2243
49.9518
49.6839
49.4207
49.1626
48.91
48.663
48.4221
48.1874
47.9594
47.7383
47.5243
47.3178
47.1189
46.928
46.7454
46.5711
46.4056
46.2489
46.1014
45.9631
45.8343
45.7151
45.6058
45.5064
45.4171
45.3381
45.2693
45.211
45.1632
45.1259
45.0992
45.0832
45.0779
45.0832
45.0992
45.1259
45.1632
45.211
45.2693
45.3381
45.4171
45.5064
45.6058
45.7151
45.8343
45.9631
46.1014
46.2489
46.4056
46.5711
46.7454
46.928
47.1189
47.3178
47.5243
47.7383
47.9594
48.1874
48.4221
48.663
48.91
49.1626
49.4207
49.6839
49.9518
50.2243
50.5009
50.7813
51.0653
51.3525
51.6425
51.9351
52.23
52.5269
52.8254
53.1252
53.426
53.7275
54.0295
54.3317
54.6337
54.9352
55.2361
55.536
55.8347
56.1318
56.4273
56.7208
57.012
57.3009
57.587
57.8703
58.1506
58.4275
58.701
58.9708
59.2368
59.4988
59.7567
60.0102
60.2592
60.5037
60.7433
60.9781
61.2079
61.4325
61.6519
61.8658
62.0743
62.2771
62.4741
62.6653
62.8504
63.0295
63.2022
63.3685
63.5281
63.681
63.8268
63.9654
64.0965
64.2199
64.335
64.4417
64.5395
64.6278
64.7061
64.7739
64.8305
64.8754
64.9079
64.9276
64.9342
64.0195
64.0123
63.9908
63.9554
63.9069
63.8459
63.7733
63.6898
63.596
63.4927
63.3802
63.2592
63.13
62.993
62.8484
62.6966
62.5377
62.372
62.1996
62.0207
61.8354
61.6439
61.4463
61.2427
61.0333
60.8181
60.5973
60.371
60.1393
59.9023
59.6601
59.4129
59.1608
58.904
58.6425
58.3766
58.1063
57.8319
57.5536
57.2714
56.9856
56.6964
56.404
56.1086
55.8105
55.5097
55.2066
54.9015
54.5945
54.2859
53.976
53.665
53.3533
53.0411
52.7286
52.4163
52.1044
51.7932
51.483
51.1741
50.8669
50.5616
50.2586
49.9583
49.6609
49.3668
49.0763
48.7897
48.5074
48.2297
47.9569
47.6894
47.4275
47.1714
46.9216
46.6783
46.4418
46.2124
45.9904
45.7762
45.5699
45.3718
45.1823
45.0014
44.8296
44.667
44.5138
44.3703
44.2366
44.1129
43.9994
43.8962
43.8035
43.7214
43.65
43.5895
43.5398
43.5011
43.4734
43.4568
43.4512
43.4568
43.4734
43.5011
43.5398
43.5895
43.65
43.7214
43.8035
43.8962
43.9994
44.1129
44.2366
44.3703
44.5138
44.667
44.8296
45.0014
45.1823
45.3718
45.5699
45.7762
45.9904
46.2124
46.4418
46.6783
46.9216
47.1714
47.4275
47.6894
47.9569
48.2297
48.5074
48.7897
49.0763
49.3668
49.6609
49.9583
50.2586
50.5616
50.8669
51.1741
51.483
51.7932
52.1044
52.4163
52.7286
53.0411
53.3533
53.665
53.976
54.2859
54.5945
54.9015
55.2066
55.5097
55.8105
56.1086
56.404
56.6964
56.9856
57.2714
57.5536
57.8319
58.1063
58.3766
58.6425
58.904
59.1608
59.4129
59.6601
59.9023
60.1393
60.371
60.5973
60.8181
61.0333
61.2427
61.4463
61.6439
61.8354
62.0207
62.1996
62.372
62.5377
62.6966
62.8484
62.993
63.13
63.2592
63.3802
63.4927
63.596
63.6898
63.7733
63.8459
63.9069
63.9554
63.9908
64.0123
64.0195
63.1194
63.1114
63.0877
63.0489
62.9959
62.9298
62.8516
62.7621
62.6623
62.5527
62.4341
62.3068
62.1714
62.0282
61.8774
61.7193
61.5542
61.3822
61.2035
61.0183
60.8266
60.6287
60.4245
60.2143
59.9981
59.7761
59.5483
59.3149
59.0759
58.8316
58.5819
58.327
58.0672
57.8024
57.5328
57.2586
56.98
56.697
56.4099
56.1189
55.8241
55.5258
55.2241
54.9192
54.6115
54.301
53.9881
53.6729
53.3559
53.0371
52.7169
52.3956
52.0734
51.7507
51.4277
51.1047
50.7821
50.4602
50.1393
49.8197
49.5017
49.1858
48.8721
48.5611
48.2532
47.9486
47.6477
47.3508
47.0583
46.7705
46.4878
46.2106
45.939
45.6736
45.4145
45.1622
44.9169
44.679
44.4488
44.2265
44.0125
43.807
43.6103
43.4226
43.2443
43.0755
42.9166
42.7676
42.6288
42.5004
42.3825
42.2754
42.1791
42.0939
42.0198
41.9569
41.9053
41.8651
41.8364
41.8191
41.8133
41.8191
41.8364
41.8651
41.9053
41.9569
42.0198
42.0939
42.1791
42.2754
42.3825
42.5004
42.6288
42.7676
42.9166
43.0755
43.2443
43.4226
43.6103
43.807
44.0125
44.2265
44.4488
44.679
44.9169
45.1622
45.4145
45.6736
45.939
46.2106
46.4878
46.7705
47.0583
47.3508
47.6477
47.9486
48.2532
48.5611
48.8721
49.1858
49.5017
49.8197
50.1393
50.4602
50.7821
51.1047
51.4277
51.7507
52.0734
52.3956
52.7169
53.0371
53.3559
53.6729
53.9881
54.301
54.6115
54.9192
55.2241
55.5258
55.8241
56.1189
56.4099
56.697
56.98
57.2586
57.5328
57.8024
58.0672
58.327
58.5819
58.8316
59.0759
59.3149
59.5483
59.7761
59.9981
60.2143
60.4245
60.6287
60.8266
61.0183
61.2035
61.3822
61.5542
61.7193
61.8774
62.0282
62.1714
62.3068
62.4341
62.5527
62.6623
62.7621
62.8516
62.9298
62.9959
63.0489
63.0877
63.1114
63.1194
62.2354
62.2264
62.1998
62.1566
62.0981
62.0259
61.9411
61.8449
61.7383
61.622
61.4966
61.3627
61.2207
61.0709
60.9136
60.7491
60.5776
60.3991
60.214
60.0223
59.8241
59.6196
59.4087
59.1918
58.9687
58.7398
58.5049
58.2643
58.018
57.7661
57.5088
57.2462
56.9784
56.7055
56.4277
56.1451
55.8579
55.5662
55.2703
54.9702
54.6662
54.3585
54.0473
53.7328
53.4152
53.0948
52.7717
52.4464
52.119
51.7898
51.459
51.1271
50.7941
50.4606
50.1267
49.7928
49.4592
49.1263
48.7943
48.4636
48.1346
47.8076
47.4829
47.161
46.8421
46.5267
46.215
45.9075
45.6044
45.3063
45.0133
44.7259
44.4445
44.1693
43.9007
43.639
43.3847
43.1379
42.8991
42.6685
42.4465
42.2332
42.0291
41.8344
41.6494
41.4742
41.3092
41.1545
41.0104
40.8771
40.7548
40.6436
40.5436
40.4551
40.3782
40.3129
40.2593
40.2176
40.1877
40.1698
40.1638
40.1698
40.1877
40.2176
40.2593
40.3129
40.3782
40.4551
40.5436
40.6436
40.7548
40.8771
41.0104
41.1545
41.3092
41.4742
41.6494
41.8344
42.0291
42.2332
42.4465
42.6685
42.8991
43.1379
43.3847
43.639
43.9007
44.1693
44.4445
44.7259
45.0133
45.3063
45.6044
45.9075
46.215
46.5267
46.8421
47.161
47.4829
47.8076
48.1346
48.4636
48.7943
49.1263
49.4592
49.7928
50.1267
50.4606
50.7941
51.1271
51.459
51.7898
52.119
52.4464
52.7717
53.0948
53.4152
53.7328
54.0473
54.3585
54.6662
54.9702
55.2703
55.5662
55.8579
56.1451
56.4277
56.7055
56.9784
57.2462
57.5088
57.7661
58.018
58.2643
58.5049
58.7398
58.9687
59.1918
59.4087
59.6196
59.8241
60.0223
60.214
60.3991
60.5776
60.7491
60.9136
61.0709
61.2207
61.3627
61.4966
61.622
61.7383
61.8449
61.9411
62.0259
62.0981
62.1566
62.1998
62.2264
62.2354
61.3695
61.3591
61.3285
61.2795
61.2142
61.1345
61.0421
60.9382
60.824
60.7002
60.5676
60.4266
60.2776
60.121
59.957
59.7859
59.6078
59.4228
59.231
59.0327
58.8279
58.6166
58.3991
58.1753
57.9453
57.7092
57.4672
57.2193
56.9655
56.7061
56.4411
56.1706
55.8947
55.6136
55.3274
55.0363
54.7403
54.4398
54.1347
53.8254
53.512
53.1947
52.8738
52.5494
52.2217
51.8911
51.5578
51.222
50.8839
50.544
50.2024
49.8595
49.5155
49.1708
48.8257
48.4806
48.1357
47.7914
47.448
47.1059
46.7655
46.4271
46.0911
45.7578
45.4277
45.101
44.7782
44.4597
44.1458
43.8368
43.5332
43.2354
42.9436
42.6584
42.3799
42.1086
41.8448
41.5889
41.3412
41.102
40.8716
40.6504
40.4386
40.2366
40.0445
39.8627
39.6914
39.5309
39.3813
39.243
39.1159
39.0005
38.8967
38.8048
38.7249
38.6571
38.6015
38.5581
38.5271
38.5085
38.5023
38.5085
38.5271
38.5581
38.6015
38.6571
38.7249
38.8048
38.8967
39.0005
39.1159
39.243
39.3813
39.5309
39.6914
39.8627
40.0445
40.2366
40.4386
40.6504
40.8716
41.102
41.3412
41.5889
41.8448
42.1086
42.3799
42.6584
42.9436
43.2354
43.5332
43.8368
44.1458
44.4597
44.7782
45.101
45.4277
45.7578
46.0911
46.4271
46.7655
47.1059
47.448
47.7914
48.1357
48.4806
48.8257
49.1708
49.5155
49.8595
50.2024
50.544
50.8839
51.222
51.5578
51.8911
52.2217
52.5494
52.8738
53.1947
53.512
53.8254
54.1347
54.4398
54.7403
55.0363
55.3274
55.6136
55.8947
56.1706
56.4411
56.7061
56.9655
57.2193
57.4672
57.7092
57.9453
58.1753
58.3991
58.6166
58.8279
59.0327
59.231
59.4228
59.6078
59.7859
59.957
60.121
60.2776
60.4266
60.5676
60.7002
60.824
60.9382
61.0421
61.1345
61.2142
61.2795
61.3285
61.3591
61.3695
60.5245
60.5119
60.4756
60.4189
60.3447
60.2559
60.1544
60.0418
59.9192
59.7873
59.6469
59.4984
59.3422
59.1785
59.0076
58.8296
58.6447
58.453
58.2546
58.0496
57.838
57.62
57.3956
57.1648
56.9278
56.6846
56.4353
56.18
55.9187
55.6516
55.3787
55.1002
54.8162
54.5267
54.232
53.9322
53.6273
53.3177
53.0034
52.6847
52.3617
52.0346
51.7037
51.3692
51.0313
50.6902
50.3463
49.9997
49.6508
49.2999
48.9471
48.593
48.2377
47.8815
47.5249
47.1681
46.8116
46.4556
46.1005
45.7466
45.3944
45.0443
44.6965
44.3516
44.0098
43.6716
43.3373
43.0073
42.6821
42.3621
42.0475
41.7388
41.4364
41.1407
40.852
40.5707
40.2972
40.0318
39.7748
39.5267
39.2877
39.0582
38.8384
38.6288
38.4295
38.2408
38.063
37.8964
37.7411
37.5975
37.4656
37.3457
37.238
37.1426
37.0596
36.9892
36.9314
36.8864
36.8542
36.8349
36.8285
36.8349
36.8542
36.8864
36.9314
36.9892
37.0596
37.1426
37.238
37.3457
37.4656
37.5975
37.7411
37.8964
38.063
38.2408
38.4295
38.6288
38.8384
39.0582
39.2877
39.5267
39.7748
40.0318
40.2972
40.5707
40.852
41.1407
41.4364
41.7388
42.0475
42.3621
42.6821
43.0073
43.3373
43.6716
44.0098
44.3516
44.6965
45.0443
45.3944
45.7466
46.1005
46.4556
46.8116
47.1681
47.5249
47.8815
48.2377
48.593
48.9471
49.2999
49.6508
49.9997
50.3463
50.6902
51.0313
51.3692
51.7037
52.0346
52.3617
52.6847
53.0034
53.3177
53.6273
53.9322
54.232
54.5267
54.8162
55.1002
55.3787
55.6516
55.9187
56.18
56.4353
56.6846
56.9278
57.1648
57.3956
57.62
57.838
58.0496
58.2546
58.453
58.6447
58.8296
59.0076
59.1785
59.3422
59.4984
59.6469
59.7873
59.9192
60.0418
60.1544
60.2559
60.3447
60.4189
60.4756
60.5119
60.5245
59.7048
59.6883
59.6432
59.5755
59.4899
59.3899
59.2779
59.1554
59.0235
58.8829
58.7343
58.5779
58.4141
58.2432
58.0651
57.8802
57.6884
57.4899
57.2847
57.0729
56.8546
56.6297
56.3984
56.1606
55.9165
55.6661
55.4095
55.1467
54.8778
54.6028
54.322
54.0354
53.743
53.4451
53.1417
52.833
52.5192
52.2003
51.8766
51.5483
51.2155
50.8784
50.5373
50.1924
49.844
49.4922
49.1374
48.7799
48.4198
48.0575
47.6934
47.3276
46.9607
46.5927
46.2243
45.8556
45.487
45.1189
44.7517
44.3857
44.0214
43.6591
43.2993
42.9422
42.5884
42.2382
41.8921
41.5503
41.2135
40.8819
40.5559
40.236
39.9226
39.6161
39.3168
39.0251
38.7415
38.4662
38.1997
37.9423
37.6944
37.4563
37.2283
37.0107
36.8039
36.6081
36.4235
36.2506
36.0894
35.9403
35.8034
35.6789
35.567
35.468
35.3818
35.3087
35.2487
35.202
35.1686
35.1485
35.1418
35.1485
35.1686
35.202
35.2487
35.3087
35.3818
35.468
35.567
35.6789
35.8034
35.9403
36.0894
36.2506
36.4235
36.6081
36.8039
37.0107
37.2283
37.4563
37.6944
37.9423
38.1997
38.4662
38.7415
39.0251
39.3168
39.6161
39.9226
40.236
40.5559
40.8819
41.2135
41.5503
41.8921
42.2382
42.5884
42.9422
43.2993
43.6591
44.0214
44.3857
44.7517
45.1189
45.487
45.8556
46.2243
46.5927
46.9607
47.3276
47.6934
48.0575
48.4198
48.7799
49.1374
49.4922
49.844
50.1924
50.5373
50.8784
51.2155
51.5483
51.8766
52.2003
52.5192
52.833
53.1417
53.4451
53.743
54.0354
54.322
54.6028
54.8778
55.1467
55.4095
55.6661
55.9165
56.1606
56.3984
56.6297
56.8546
57.0729
57.2847
57.4899
57.6884
57.8802
58.0651
58.2432
58.4141
58.5779
58.7343
58.8829
59.0235
59.1554
59.2779
59.3899
59.4899
59.5755
59.6432
59.6883
59.7048
58.9179
58.8932
58.8334
58.7498
58.6494
58.5359
58.4118
58.2783
58.1363
57.9865
57.8292
57.6647
57.4932
57.3147
57.1295
56.9375
56.7388
56.5334
56.3214
56.1027
55.8775
55.6458
55.4075
55.1627
54.9114
54.6537
54.3897
54.1193
53.8427
53.5599
53.2711
52.9762
52.6754
52.3689
52.0567
51.739
51.416
51.0877
50.7544
50.4162
50.0734
49.7262
49.3747
49.0192
48.66
48.2973
47.9314
47.5625
47.191
46.8171
46.4412
46.0636
45.6846
45.3046
44.9239
44.5429
44.1619
43.7814
43.4017
43.0232
42.6464
42.2716
41.8992
41.5297
41.1634
40.8009
40.4424
40.0885
39.7396
39.3961
39.0584
38.7269
38.402
38.0843
37.774
37.4716
37.1775
36.892
36.6156
36.3486
36.0914
35.8444
35.6078
35.382
35.1674
34.9641
34.7726
34.5931
34.4258
34.2709
34.1288
33.9996
33.8834
33.7806
33.6911
33.6152
33.5529
33.5044
33.4697
33.4488
33.4419
33.4488
33.4697
33.5044
33.5529
33.6152
33.6911
33.7806
33.8834
33.9996
34.1288
34.2709
34.4258
34.5931
34.7726
34.9641
35.1674
35.382
35.6078
35.8444
36.0914
36.3486
36.6156
36.892
37.1775
37.4716
37.774
38.0843
38.402
38.7269
39.0584
39.3961
39.7396
40.0885
40.4424
40.8009
41.1634
41.5297
41.8992
42.2716
42.6464
43.0232
43.4017
43.7814
44.1619
44.5429
44.9239
45.3046
45.6846
46.0636
46.4412
46.8171
47.191
47.5625
47.9314
48.2973
48.66
49.0192
49.3747
49.7262
50.0734
50.4162
50.7544
51.0877
51.416
51.739
52.0567
52.3689
52.6754
52.9762
53.2711
53.5599
53.8427
54.1193
54.3897
54.6537
54.9114
55.1627
55.4075
55.6458
55.8775
56.1027
56.3214
56.5334
56.7388
56.9375
57.1295
57.3147
57.4932
57.6647
57.8292
57.9865
58.1363
58.2783
58.4118
58.5359
58.6494
58.7498
58.8334
58.8932
58.9179
58.1805
58.1332
58.0472
57.9411
57.8218
57.6926
57.5549
57.4096
57.2571
57.0976
56.9314
56.7586
56.5791
56.3931
56.2006
56.0014
55.7957
55.5835
55.3646
55.1391
54.907
54.6683
54.4231
54.1712
53.9127
53.6477
53.3762
53.0982
52.8138
52.5231
52.2261
51.9229
51.6136
51.2983
50.9772
50.6504
50.3179
49.9801
49.637
49.2889
48.9358
48.5782
48.2161
47.8498
47.4795
47.1056
46.7283
46.3478
45.9645
45.5787
45.1908
44.8009
44.4096
44.0171
43.6238
43.2301
42.8364
42.4431
42.0506
41.6592
41.2694
40.8817
40.4964
40.1139
39.7348
39.3595
38.9884
38.6218
38.2604
37.9045
37.5546
37.2111
36.8745
36.5451
36.2234
35.9099
35.6049
35.3088
35.0222
34.7452
34.4784
34.222
33.9766
33.7423
33.5195
33.3086
33.1098
32.9234
32.7497
32.589
32.4414
32.3073
32.1867
32.0799
31.987
31.9081
31.8435
31.7931
31.757
31.7354
31.7281
31.7354
31.757
31.7931
31.8435
31.9081
31.987
32.0799
32.1867
32.3073
32.4414
32.589
32.7497
32.9234
33.1098
33.3086
33.5195
33.7423
33.9766
34.222
34.4784
34.7452
35.0222
35.3088
35.6049
35.9099
36.2234
36.5451
36.8745
37.2111
37.5546
37.9045
38.2604
38.6218
38.9884
39.3595
39.7348
40.1139
40.4964
40.8817
41.2694
41.6592
42.0506
42.4431
42.8364
43.2301
43.6238
44.0171
44.4096
44.8009
45.1908
45.5787
45.9645
46.3478
46.7283
47.1056
47.4795
47.8498
48.2161
48.5782
48.9358
49.2889
49.637
49.9801
50.3179
50.6504
50.9772
51.2983
51.6136
51.9229
52.2261
52.5231
52.8138
53.0982
53.3762
53.6477
53.9127
54.1712
54.4231
54.6683
54.907
55.1391
55.3646
55.5835
55.7957
56.0014
56.2006
56.3931
56.5791
56.7586
56.9314
57.0976
57.2571
57.4096
57.5549
57.6926
57.8218
57.9411
58.0472
58.1332
58.1805
57.5375
57.4118
57.2812
57.1454
57.0042
56.8577
56.7057
56.548
56.3846
56.2154
56.0402
55.859
55.6716
55.478
55.2782
55.0719
54.8593
54.6401
54.4144
54.1821
53.9431
53.6975
53.4452
53.1862
52.9205
52.6482
52.3692
52.0835
51.7913
51.4925
51.1873
50.8756
50.5577
50.2336
49.9034
49.5673
49.2253
48.8778
48.5247
48.1663
47.8029
47.4346
47.0616
46.6843
46.3027
45.9173
45.5283
45.1359
44.7406
44.3425
43.9422
43.5398
43.1357
42.7304
42.3242
41.9175
41.5106
41.1041
40.6982
40.2935
39.8904
39.4893
39.0906
38.6949
38.3025
37.9139
37.5296
37.1501
36.7757
36.4071
36.0445
35.6886
35.3396
34.9982
34.6647
34.3396
34.0234
33.7163
33.419
33.1317
32.8549
32.5889
32.3342
32.0911
31.8599
31.6409
31.4346
31.2411
31.0608
30.8939
30.7407
30.6014
30.4762
30.3653
30.2688
30.1869
30.1198
30.0674
30.03
30.0075
30
30.0075
30.03
30.0674
30.1198
30.1869
30.2688
30.3653
30.4762
30.6014
30.7407
30.8939
31.0608
31.2411
31.4346
31.6409
31.8599
32.0911
32.3342
32.5889
32.8549
33.1317
33.419
33.7163
34.0234
34.3396
34.6647
34.9982
35.3396
35.6886
36.0445
36.4071
36.7757
37.1501
37.5296
37.9139
38.3025
38.6949
39.0906
39.4893
39.8904
40.2935
40.6982
41.1041
41.5106
41.9175
42.3242
42.7304
43.1357
43.5398
43.9422
44.3425
44.7406
45.1359
45.5283
45.9173
46.3027
46.6843
47.0616
47.4346
47.8029
48.1663
48.5247
48.8778
49.2253
49.5673
49.9034
50.2336
50.5577
50.8756
51.1873
51.4925
51.7913
52.0835
52.3692
52.6482
52.9205
53.1862
53.4452
53.6975
53.9431
54.1821
54.4144
54.6401
54.8593
55.0719
55.2782
55.478
55.6716
55.859
56.0402
56.2154
56.3846
56.548
56.7057
56.8577
57.0042
57.1454
57.2812
57.4118
57.5375
