200
200
200
200
200
200
200
200
200
200
200
200
200
200
200
200
200
200
200
200
200
200
200
200
200
200
200
200
200
200
200
200
200
200
200
200
200
200
200
200
200
200
200
200
200
200
200
200
200
200
200
200
200
200
200
200
200
200
200
200
200
200
200
200
200
200
200
200
200
200
200
200
200
200
200
200
200
200
200
200
200
200
200
200
200
200
200
200
200
200
200
200
200
200
200
200
200
200
200
200
200
200
200
200
200
200
200
200
200
200
200
200
200
200
200
200
200
200
200
200
200
200
200
200
200
200
200
200
200
200
200
200
200
200
200
200
200
200
200
200
200
200
200
200
200
200
200
200
200
200
200
196.746
196.746
196.745
196.745
196.745
196.744
196.743
196.742
196.741
196.74
196.739
196.738
196.736
196.734
196.732
196.731
196.728
196.726
196.724
196.721
196.719
196.716
196.713
196.71
196.707
196.704
196.701
196.698
196.694
196.69
196.687
196.683
196.679
196.675
196.671
196.667
196.663
196.659
196.655
196.65
196.646
196.642
196.638
196.633
196.629
196.625
196.62
196.616
196.612
196.607
196.603
196.599
196.595
196.591
196.587
196.584
196.58
196.577
196.573
196.57
196.567
196.564
196.561
196.559
196.556
196.554
196.552
196.55
196.549
196.547
196.546
196.545
196.544
196.544
196.543
196.543
196.543
196.544
196.544
196.545
196.546
196.547
196.549
196.55
196.552
196.554
196.556
196.559
196.561
196.564
196.567
196.57
196.573
196.577
196.58
196.584
196.587
196.591
196.595
196.599
196.603
196.607
196.612
196.616
196.62
196.625
196.629
196.633
196.638
196.642
196.646
196.65
196.655
196.659
196.663
196.667
196.671
196.675
196.679
196.683
196.687
196.69
196.694
196.698
196.701
196.704
196.707
196.71
196.713
196.716
196.719
196.721
196.724
196.726
196.728
196.731
196.732
196.734
196.736
196.738
196.739
196.74
196.741
196.742
196.743
196.744
196.745
196.745
196.745
196.746
196.746
193.492
193.492
193.491
193.49
193.489
193.488
193.487
193.485
193.483
193.481
193.478
193.475
193.472
193.469
193.465
193.461
193.457
193.453
193.448
193.443
193.438
193.433
193.427
193.421
193.415
193.409
193.402
193.395
193.388
193.381
193.374
193.366
193.359
193.351
193.343
193.335
193.326
193.318
193.31
193.301
193.292
193.284
193.275
193.266
193.258
193.249
193.24
193.232
193.223
193.215
193.207
193.198
193.19
193.182
193.175
193.167
193.16
193.153
193.146
193.14
193.133
193.128
193.122
193.117
193.112
193.107
193.104
193.1
193.096
193.094
193.091
193.089
193.088
193.087
193.086
193.086
193.086
193.087
193.088
193.089
193.091
193.094
193.096
193.1
193.104
193.107
193.112
193.117
193.122
193.128
193.133
193.14
193.146
193.153
193.16
193.167
193.175
193.182
193.19
193.198
193.207
193.215
193.223
193.232
193.24
193.249
193.258
193.266
193.275
193.284
193.292
193.301
193.31
193.318
193.326
193.335
193.343
193.351
193.359
193.366
193.374
193.381
193.388
193.395
193.402
193.409
193.415
193.421
193.427
193.433
193.438
193.443
193.448
193.453
193.457
193.461
193.465
193.469
193.472
193.475
193.478
193.481
193.483
193.485
193.487
193.488
193.489
193.49
193.491
193.492
193.492
190.238
190.238
190.237
190.236
190.235
190.233
190.23
190.228
190.225
190.221
190.217
190.213
190.209
190.203
190.198
190.192
190.186
190.179
190.172
190.165
190.157
190.149
190.141
190.132
190.123
190.113
190.103
190.093
190.083
190.072
190.061
190.05
190.038
190.026
190.014
190.002
189.99
189.977
189.964
189.952
189.939
189.926
189.913
189.9
189.886
189.873
189.86
189.848
189.835
189.822
189.81
189.797
189.785
189.773
189.762
189.751
189.74
189.729
189.719
189.709
189.7
189.691
189.683
189.675
189.668
189.661
189.655
189.649
189.645
189.64
189.637
189.634
189.631
189.63
189.629
189.628
189.629
189.63
189.631
189.634
189.637
189.64
189.645
189.649
189.655
189.661
189.668
189.675
189.683
189.691
189.7
189.709
189.719
189.729
189.74
189.751
189.762
189.773
189.785
189.797
189.81
189.822
189.835
189.848
189.86
189.873
189.886
189.9
189.913
189.926
189.939
189.952
189.964
189.977
189.99
190.002
190.014
190.026
190.038
190.05
190.061
190.072
190.083
190.093
190.103
190.113
190.123
190.132
190.141
190.149
190.157
190.165
190.172
190.179
190.186
190.192
190.198
190.203
190.209
190.213
190.217
190.221
190.225
190.228
190.23
190.233
190.235
190.236
190.237
190.238
190.238
186.985
186.984
186.983
186.982
186.98
186.978
186.975
186.971
186.967
186.962
186.957
186.952
186.945
186.939
186.931
186.924
186.915
186.906
186.897
186.887
186.877
186.866
186.855
186.843
186.831
186.818
186.805
186.791
186.777
186.763
186.748
186.733
186.718
186.702
186.686
186.67
186.653
186.636
186.619
186.602
186.585
186.568
186.55
186.533
186.515
186.498
186.481
186.463
186.446
186.429
186.412
186.396
186.38
186.364
186.349
186.334
186.319
186.305
186.291
186.278
186.266
186.254
186.243
186.233
186.223
186.214
186.206
186.198
186.192
186.186
186.181
186.177
186.174
186.172
186.171
186.17
186.171
186.172
186.174
186.177
186.181
186.186
186.192
186.198
186.206
186.214
186.223
186.233
186.243
186.254
186.266
186.278
186.291
186.305
186.319
186.334
186.349
186.364
186.38
186.396
186.412
186.429
186.446
186.463
186.481
186.498
186.515
186.533
186.55
186.568
186.585
186.602
186.619
186.636
186.653
186.67
186.686
186.702
186.718
186.733
186.748
186.763
186.777
186.791
186.805
186.818
186.831
186.843
186.855
186.866
186.877
186.887
186.897
186.906
186.915
186.924
186.931
186.939
186.945
186.952
186.957
186.962
186.967
186.971
186.975
186.978
186.98
186.982
186.983
186.984
186.985
183.732
183.731
183.73
183.729
183.726
183.723
183.72
183.715
183.71
183.704
183.698
183.691
183.683
183.674
183.665
183.656
183.645
183.634
183.622
183.61
183.597
183.584
183.569
183.555
183.539
183.524
183.507
183.49
183.473
183.455
183.436
183.417
183.398
183.378
183.358
183.338
183.317
183.296
183.275
183.253
183.232
183.21
183.188
183.166
183.144
183.122
183.101
183.079
183.057
183.036
183.015
182.995
182.974
182.954
182.935
182.916
182.898
182.88
182.863
182.847
182.831
182.816
182.802
182.789
182.777
182.766
182.756
182.746
182.738
182.731
182.725
182.72
182.716
182.713
182.711
182.711
182.711
182.713
182.716
182.72
182.725
182.731
182.738
182.746
182.756
182.766
182.777
182.789
182.802
182.816
182.831
182.847
182.863
182.88
182.898
182.916
182.935
182.954
182.974
182.995
183.015
183.036
183.057
183.079
183.101
183.122
183.144
183.166
183.188
183.21
183.232
183.253
183.275
183.296
183.317
183.338
183.358
183.378
183.398
183.417
183.436
183.455
183.473
183.49
183.507
183.524
183.539
183.555
183.569
183.584
183.597
183.61
183.622
183.634
183.645
183.656
183.665
183.674
183.683
183.691
183.698
183.704
183.71
183.715
183.72
183.723
183.726
183.729
183.73
183.731
183.732
180.48
180.479
180.478
180.476
180.473
180.469
180.465
180.46
180.454
180.447
180.439
180.43
180.421
180.411
180.4
180.388
180.376
180.363
180.348
180.334
180.318
180.302
180.285
180.267
180.249
180.23
180.21
180.189
180.168
180.147
180.125
180.102
180.079
180.055
180.031
180.006
179.981
179.956
179.93
179.904
179.878
179.852
179.826
179.799
179.773
179.747
179.72
179.694
179.668
179.643
179.618
179.593
179.568
179.544
179.521
179.498
179.476
179.455
179.434
179.415
179.396
179.378
179.361
179.345
179.331
179.317
179.305
179.294
179.284
179.275
179.268
179.262
179.257
179.253
179.251
179.251
179.251
179.253
179.257
179.262
179.268
179.275
179.284
179.294
179.305
179.317
179.331
179.345
179.361
179.378
179.396
179.415
179.434
179.455
179.476
179.498
179.521
179.544
179.568
179.593
179.618
179.643
179.668
179.694
179.72
179.747
179.773
179.799
179.826
179.852
179.878
179.904
179.93
179.956
179.981
180.006
180.031
180.055
180.079
180.102
180.125
180.147
180.168
180.189
180.21
180.23
180.249
180.267
180.285
180.302
180.318
180.334
180.348
180.363
180.376
180.388
180.4
180.411
180.421
180.43
180.439
180.447
180.454
180.46
180.465
180.469
180.473
180.476
180.478
180.479
180.48
177.228
177.228
177.227
177.224
177.221
177.217
177.211
177.205
177.198
177.19
177.181
177.171
177.16
177.148
177.135
177.122
177.107
177.092
177.075
177.058
177.04
177.021
177.001
176.98
176.959
176.936
176.913
176.889
176.865
176.839
176.813
176.787
176.76
176.732
176.704
176.675
176.646
176.616
176.586
176.556
176.525
176.494
176.464
176.433
176.402
176.371
176.34
176.31
176.279
176.249
176.22
176.19
176.162
176.134
176.106
176.08
176.054
176.029
176.005
175.981
175.96
175.939
175.919
175.9
175.883
175.867
175.853
175.84
175.828
175.818
175.809
175.802
175.796
175.792
175.79
175.789
175.79
175.792
175.796
175.802
175.809
175.818
175.828
175.84
175.853
175.867
175.883
175.9
175.919
175.939
175.96
175.981
176.005
176.029
176.054
176.08
176.106
176.134
176.162
176.19
176.22
176.249
176.279
176.31
176.34
176.371
176.402
176.433
176.464
176.494
176.525
176.556
176.586
176.616
176.646
176.675
176.704
176.732
176.76
176.787
176.813
176.839
176.865
176.889
176.913
176.936
176.959
176.98
177.001
177.021
177.04
177.058
177.075
177.092
177.107
177.122
177.135
177.148
177.16
177.171
177.181
177.19
177.198
177.205
177.211
177.217
177.221
177.224
177.227
177.228
177.228
173.978
173.978
173.976
173.973
173.969
173.965
173.958
173.951
173.943
173.934
173.924
173.912
173.9
173.886
173.872
173.856
173.839
173.822
173.803
173.783
173.762
173.74
173.718
173.694
173.669
173.644
173.617
173.59
173.562
173.533
173.503
173.472
173.441
173.409
173.377
173.344
173.31
173.276
173.242
173.207
173.172
173.137
173.101
173.066
173.031
172.995
172.96
172.925
172.89
172.855
172.821
172.787
172.755
172.722
172.691
172.66
172.63
172.601
172.574
172.547
172.522
172.498
172.475
172.454
172.434
172.415
172.399
172.384
172.37
172.359
172.348
172.34
172.334
172.329
172.327
172.326
172.327
172.329
172.334
172.34
172.348
172.359
172.37
172.384
172.399
172.415
172.434
172.454
172.475
172.498
172.522
172.547
172.574
172.601
172.63
172.66
172.691
172.722
172.755
172.787
172.821
172.855
172.89
172.925
172.96
172.995
173.031
173.066
173.101
173.137
173.172
173.207
173.242
173.276
173.31
173.344
173.377
173.409
173.441
173.472
173.503
173.533
173.562
173.59
173.617
173.644
173.669
173.694
173.718
173.74
173.762
173.783
173.803
173.822
173.839
173.856
173.872
173.886
173.9
173.912
173.924
173.934
173.943
173.951
173.958
173.965
173.969
173.973
173.976
173.978
173.978
170.729
170.728
170.726
170.723
170.719
170.713
170.707
170.699
170.69
170.679
170.668
170.655
170.641
170.625
170.609
170.591
170.572
170.553
170.531
170.509
170.486
170.461
170.435
170.409
170.381
170.352
170.322
170.291
170.259
170.227
170.193
170.159
170.123
170.087
170.051
170.013
169.976
169.937
169.898
169.859
169.819
169.779
169.739
169.699
169.659
169.619
169.579
169.539
169.5
169.461
169.422
169.384
169.347
169.31
169.274
169.24
169.206
169.173
169.142
169.112
169.083
169.056
169.03
169.006
168.983
168.963
168.944
168.926
168.911
168.898
168.887
168.877
168.87
168.865
168.862
168.861
168.862
168.865
168.87
168.877
168.887
168.898
168.911
168.926
168.944
168.963
168.983
169.006
169.03
169.056
169.083
169.112
169.142
169.173
169.206
169.24
169.274
169.31
169.347
169.384
169.422
169.461
169.5
169.539
169.579
169.619
169.659
169.699
169.739
169.779
169.819
169.859
169.898
169.937
169.976
170.013
170.051
170.087
170.123
170.159
170.193
170.227
170.259
170.291
170.322
170.352
170.381
170.409
170.435
170.461
170.486
170.509
170.531
170.553
170.572
170.591
170.609
170.625
170.641
170.655
170.668
170.679
170.69
170.699
170.707
170.713
170.719
170.723
170.726
170.728
170.729
167.48
167.48
167.478
167.474
167.47
167.463
167.456
167.447
167.437
167.425
167.412
167.398
167.382
167.365
167.347
167.328
167.307
167.284
167.261
167.236
167.21
167.183
167.154
167.124
167.093
167.061
167.028
166.993
166.958
166.921
166.884
166.845
166.806
166.766
166.725
166.684
166.641
166.598
166.555
166.511
166.467
166.422
166.377
166.332
166.287
166.243
166.198
166.153
166.109
166.066
166.022
165.98
165.938
165.897
165.857
165.818
165.78
165.744
165.709
165.675
165.643
165.612
165.583
165.556
165.531
165.507
165.486
165.467
165.45
165.435
165.422
165.412
165.404
165.398
165.394
165.393
165.394
165.398
165.404
165.412
165.422
165.435
165.45
165.467
165.486
165.507
165.531
165.556
165.583
165.612
165.643
165.675
165.709
165.744
165.78
165.818
165.857
165.897
165.938
165.98
166.022
166.066
166.109
166.153
166.198
166.243
166.287
166.332
166.377
166.422
166.467
166.511
166.555
166.598
166.641
166.684
166.725
166.766
166.806
166.845
166.884
166.921
166.958
166.993
167.028
167.061
167.093
167.124
167.154
167.183
167.21
167.236
167.261
167.284
167.307
167.328
167.347
167.365
167.382
167.398
167.412
167.425
167.437
167.447
167.456
167.463
167.47
167.474
167.478
167.48
167.48
164.233
164.233
164.23
164.227
164.221
164.215
164.206
164.197
164.185
164.173
164.158
164.143
164.126
164.107
164.087
164.065
164.042
164.018
163.992
163.964
163.935
163.905
163.874
163.841
163.807
163.771
163.734
163.697
163.657
163.617
163.576
163.533
163.49
163.446
163.4
163.354
163.307
163.26
163.212
163.163
163.114
163.065
163.016
162.966
162.916
162.866
162.817
162.767
162.718
162.67
162.622
162.575
162.528
162.483
162.439
162.395
162.353
162.313
162.274
162.236
162.201
162.166
162.134
162.104
162.076
162.05
162.027
162.005
161.986
161.97
161.955
161.944
161.935
161.928
161.924
161.923
161.924
161.928
161.935
161.944
161.955
161.97
161.986
162.005
162.027
162.05
162.076
162.104
162.134
162.166
162.201
162.236
162.274
162.313
162.353
162.395
162.439
162.483
162.528
162.575
162.622
162.67
162.718
162.767
162.817
162.866
162.916
162.966
163.016
163.065
163.114
163.163
163.212
163.26
163.307
163.354
163.4
163.446
163.49
163.533
163.576
163.617
163.657
163.697
163.734
163.771
163.807
163.841
163.874
163.905
163.935
163.964
163.992
164.018
164.042
164.065
164.087
164.107
164.126
164.143
164.158
164.173
164.185
164.197
164.206
164.215
164.221
164.227
164.23
164.233
164.233
160.988
160.987
160.985
160.98
160.975
160.967
160.958
160.948
160.935
160.922
160.906
160.889
160.87
160.85
160.828
160.804
160.779
160.752
160.724
160.694
160.662
160.629
160.595
160.559
160.521
160.483
160.442
160.401
160.358
160.314
160.269
160.222
160.174
160.126
160.076
160.026
159.974
159.922
159.869
159.816
159.762
159.708
159.654
159.599
159.544
159.49
159.435
159.381
159.327
159.274
159.221
159.169
159.118
159.068
159.019
158.971
158.925
158.88
158.837
158.796
158.757
158.719
158.684
158.651
158.62
158.591
158.565
158.541
158.52
158.502
158.487
158.474
158.464
158.457
158.452
158.451
158.452
158.457
158.464
158.474
158.487
158.502
158.52
158.541
158.565
158.591
158.62
158.651
158.684
158.719
158.757
158.796
158.837
158.88
158.925
158.971
159.019
159.068
159.118
159.169
159.221
159.274
159.327
159.381
159.435
159.49
159.544
159.599
159.654
159.708
159.762
159.816
159.869
159.922
159.974
160.026
160.076
160.126
160.174
160.222
160.269
160.314
160.358
160.401
160.442
160.483
160.521
160.559
160.595
160.629
160.662
160.694
160.724
160.752
160.779
160.804
160.828
160.85
160.87
160.889
160.906
160.922
160.935
160.948
160.958
160.967
160.975
160.98
160.985
160.987
160.988
157.744
157.743
157.74
157.736
157.73
157.722
157.712
157.701
157.687
157.672
157.655
157.637
157.616
157.594
157.57
157.545
157.517
157.488
157.458
157.425
157.391
157.355
157.318
157.278
157.238
157.196
157.152
157.107
157.06
157.012
156.963
156.912
156.86
156.807
156.753
156.698
156.642
156.585
156.528
156.47
156.411
156.352
156.292
156.233
156.173
156.113
156.053
155.994
155.935
155.877
155.819
155.762
155.707
155.652
155.598
155.546
155.495
155.446
155.399
155.354
155.311
155.27
155.231
155.194
155.161
155.129
155.101
155.075
155.052
155.032
155.015
155.001
154.99
154.982
154.977
154.976
154.977
154.982
154.99
155.001
155.015
155.032
155.052
155.075
155.101
155.129
155.161
155.194
155.231
155.27
155.311
155.354
155.399
155.446
155.495
155.546
155.598
155.652
155.707
155.762
155.819
155.877
155.935
155.994
156.053
156.113
156.173
156.233
156.292
156.352
156.411
156.47
156.528
156.585
156.642
156.698
156.753
156.807
156.86
156.912
156.963
157.012
157.06
157.107
157.152
157.196
157.238
157.278
157.318
157.355
157.391
157.425
157.458
157.488
157.517
157.545
157.57
157.594
157.616
157.637
157.655
157.672
157.687
157.701
157.712
157.722
157.73
157.736
157.74
157.743
157.744
154.502
154.501
154.498
154.493
154.487
154.478
154.468
154.455
154.441
154.425
154.406
154.386
154.364
154.341
154.315
154.287
154.258
154.226
154.193
154.158
154.121
154.083
154.042
154
153.956
153.91
153.863
153.814
153.764
153.712
153.658
153.603
153.547
153.49
153.431
153.372
153.311
153.249
153.187
153.124
153.06
152.996
152.931
152.866
152.801
152.736
152.672
152.607
152.543
152.48
152.417
152.355
152.294
152.234
152.176
152.119
152.064
152.011
151.959
151.91
151.863
151.818
151.776
151.736
151.699
151.665
151.634
151.605
151.58
151.558
151.54
151.524
151.512
151.504
151.498
151.497
151.498
151.504
151.512
151.524
151.54
151.558
151.58
151.605
151.634
151.665
151.699
151.736
151.776
151.818
151.863
151.91
151.959
152.011
152.064
152.119
152.176
152.234
152.294
152.355
152.417
152.48
152.543
152.607
152.672
152.736
152.801
152.866
152.931
152.996
153.06
153.124
153.187
153.249
153.311
153.372
153.431
153.49
153.547
153.603
153.658
153.712
153.764
153.814
153.863
153.91
153.956
154
154.042
154.083
154.121
154.158
154.193
154.226
154.258
154.287
154.315
154.341
154.364
154.386
154.406
154.425
154.441
154.455
154.468
154.478
154.487
154.493
154.498
154.501
154.502
151.262
151.261
151.258
151.253
151.246
151.236
151.225
151.212
151.196
151.179
151.16
151.138
151.114
151.089
151.061
151.032
151
150.966
150.931
150.893
150.853
150.812
150.768
150.723
150.675
150.626
150.576
150.523
150.469
150.413
150.355
150.296
150.235
150.174
150.11
150.046
149.98
149.914
149.846
149.778
149.709
149.64
149.57
149.5
149.43
149.359
149.289
149.22
149.15
149.081
149.013
148.946
148.88
148.816
148.753
148.691
148.631
148.573
148.517
148.464
148.413
148.364
148.318
148.275
148.235
148.198
148.164
148.133
148.106
148.082
148.062
148.045
148.032
148.023
148.017
148.015
148.017
148.023
148.032
148.045
148.062
148.082
148.106
148.133
148.164
148.198
148.235
148.275
148.318
148.364
148.413
148.464
148.517
148.573
148.631
148.691
148.753
148.816
148.88
148.946
149.013
149.081
149.15
149.22
149.289
149.359
149.43
149.5
149.57
149.64
149.709
149.778
149.846
149.914
149.98
150.046
150.11
150.174
150.235
150.296
150.355
150.413
150.469
150.523
150.576
150.626
150.675
150.723
150.768
150.812
150.853
150.893
150.931
150.966
151
151.032
151.061
151.089
151.114
151.138
151.16
151.179
151.196
151.212
151.225
151.236
151.246
151.253
151.258
151.261
151.262
148.024
148.023
148.019
148.014
148.006
147.996
147.984
147.97
147.954
147.935
147.915
147.892
147.866
147.839
147.81
147.778
147.744
147.708
147.67
147.63
147.587
147.543
147.496
147.448
147.397
147.344
147.29
147.233
147.175
147.115
147.053
146.99
146.925
146.859
146.791
146.721
146.651
146.58
146.507
146.434
146.359
146.285
146.21
146.134
146.058
145.982
145.907
145.832
145.757
145.682
145.609
145.537
145.465
145.396
145.327
145.261
145.196
145.133
145.073
145.015
144.96
144.907
144.857
144.811
144.767
144.727
144.69
144.657
144.628
144.602
144.58
144.562
144.548
144.537
144.531
144.529
144.531
144.537
144.548
144.562
144.58
144.602
144.628
144.657
144.69
144.727
144.767
144.811
144.857
144.907
144.96
145.015
145.073
145.133
145.196
145.261
145.327
145.396
145.465
145.537
145.609
145.682
145.757
145.832
145.907
145.982
146.058
146.134
146.21
146.285
146.359
146.434
146.507
146.58
146.651
146.721
146.791
146.859
146.925
146.99
147.053
147.115
147.175
147.233
147.29
147.344
147.397
147.448
147.496
147.543
147.587
147.63
147.67
147.708
147.744
147.778
147.81
147.839
147.866
147.892
147.915
147.935
147.954
147.97
147.984
147.996
148.006
148.014
148.019
148.023
148.024
144.788
144.787
144.783
144.777
144.769
144.759
144.746
144.731
144.713
144.694
144.672
144.647
144.62
144.591
144.56
144.526
144.49
144.452
144.411
144.368
144.323
144.276
144.226
144.174
144.12
144.064
144.006
143.946
143.884
143.82
143.753
143.686
143.616
143.545
143.472
143.398
143.323
143.246
143.169
143.09
143.01
142.93
142.849
142.768
142.687
142.605
142.524
142.443
142.362
142.283
142.204
142.126
142.049
141.974
141.9
141.829
141.759
141.691
141.626
141.563
141.504
141.447
141.393
141.343
141.296
141.253
141.213
141.177
141.145
141.117
141.094
141.074
141.059
141.048
141.041
141.039
141.041
141.048
141.059
141.074
141.094
141.117
141.145
141.177
141.213
141.253
141.296
141.343
141.393
141.447
141.504
141.563
141.626
141.691
141.759
141.829
141.9
141.974
142.049
142.126
142.204
142.283
142.362
142.443
142.524
142.605
142.687
142.768
142.849
142.93
143.01
143.09
143.169
143.246
143.323
143.398
143.472
143.545
143.616
143.686
143.753
143.82
143.884
143.946
144.006
144.064
144.12
144.174
144.226
144.276
144.323
144.368
144.411
144.452
144.49
144.526
144.56
144.591
144.62
144.647
144.672
144.694
144.713
144.731
144.746
144.759
144.769
144.777
144.783
144.787
144.788
141.554
141.553
141.549
141.543
141.534
141.523
141.51
141.494
141.475
141.454
141.431
141.405
141.377
141.346
141.313
141.277
141.239
141.198
141.155
141.11
141.062
141.011
140.958
140.903
140.846
140.786
140.724
140.66
140.594
140.526
140.455
140.383
140.309
140.233
140.156
140.076
139.996
139.914
139.831
139.747
139.662
139.576
139.489
139.403
139.315
139.228
139.141
139.054
138.968
138.882
138.797
138.714
138.631
138.551
138.472
138.394
138.319
138.247
138.177
138.11
138.045
137.984
137.926
137.872
137.822
137.775
137.732
137.694
137.659
137.629
137.604
137.583
137.566
137.554
137.547
137.545
137.547
137.554
137.566
137.583
137.604
137.629
137.659
137.694
137.732
137.775
137.822
137.872
137.926
137.984
138.045
138.11
138.177
138.247
138.319
138.394
138.472
138.551
138.631
138.714
138.797
138.882
138.968
139.054
139.141
139.228
139.315
139.403
139.489
139.576
139.662
139.747
139.831
139.914
139.996
140.076
140.156
140.233
140.309
140.383
140.455
140.526
140.594
140.66
140.724
140.786
140.846
140.903
140.958
141.011
141.062
141.11
141.155
141.198
141.239
141.277
141.313
141.346
141.377
141.405
141.431
141.454
141.475
141.494
141.51
141.523
141.534
141.543
141.549
141.553
141.554
138.323
138.322
138.318
138.311
138.302
138.29
138.276
138.259
138.24
138.218
138.193
138.166
138.136
138.103
138.068
138.03
137.99
137.947
137.901
137.853
137.802
137.749
137.693
137.635
137.574
137.511
137.445
137.377
137.307
137.234
137.159
137.082
137.004
136.923
136.84
136.756
136.67
136.583
136.494
136.405
136.314
136.222
136.13
136.037
135.944
135.851
135.758
135.665
135.572
135.481
135.39
135.3
135.212
135.126
135.041
134.958
134.878
134.8
134.725
134.653
134.584
134.518
134.456
134.398
134.343
134.293
134.247
134.206
134.169
134.137
134.109
134.087
134.069
134.056
134.049
134.046
134.049
134.056
134.069
134.087
134.109
134.137
134.169
134.206
134.247
134.293
134.343
134.398
134.456
134.518
134.584
134.653
134.725
134.8
134.878
134.958
135.041
135.126
135.212
135.3
135.39
135.481
135.572
135.665
135.758
135.851
135.944
136.037
136.13
136.222
136.314
136.405
136.494
136.583
136.67
136.756
136.84
136.923
137.004
137.082
137.159
137.234
137.307
137.377
137.445
137.511
137.574
137.635
137.693
137.749
137.802
137.853
137.901
137.947
137.99
138.03
138.068
138.103
138.136
138.166
138.193
138.218
138.24
138.259
138.276
138.29
138.302
138.311
138.318
138.322
138.323
135.094
135.093
135.089
135.082
135.072
135.06
135.045
135.027
135.007
134.984
134.958
134.929
134.897
134.863
134.826
134.786
134.744
134.698
134.65
134.599
134.546
134.489
134.43
134.369
134.304
134.237
134.168
134.096
134.021
133.945
133.865
133.784
133.7
133.615
133.527
133.437
133.346
133.254
133.159
133.064
132.967
132.87
132.771
132.672
132.573
132.474
132.374
132.275
132.176
132.079
131.982
131.886
131.792
131.699
131.608
131.52
131.433
131.35
131.27
131.192
131.118
131.048
130.982
130.919
130.861
130.807
130.758
130.713
130.674
130.639
130.609
130.585
130.566
130.553
130.545
130.542
130.545
130.553
130.566
130.585
130.609
130.639
130.674
130.713
130.758
130.807
130.861
130.919
130.982
131.048
131.118
131.192
131.27
131.35
131.433
131.52
131.608
131.699
131.792
131.886
131.982
132.079
132.176
132.275
132.374
132.474
132.573
132.672
132.771
132.87
132.967
133.064
133.159
133.254
133.346
133.437
133.527
133.615
133.7
133.784
133.865
133.945
134.021
134.096
134.168
134.237
134.304
134.369
134.43
134.489
134.546
134.599
134.65
134.698
134.744
134.786
134.826
134.863
134.897
134.929
134.958
134.984
135.007
135.027
135.045
135.06
135.072
135.082
135.089
135.093
135.094
131.868
131.867
131.862
131.855
131.845
131.832
131.817
131.798
131.776
131.752
131.725
131.695
131.662
131.625
131.587
131.545
131.5
131.452
131.402
131.348
131.292
131.232
131.17
131.105
131.037
130.967
130.893
130.817
130.739
130.657
130.574
130.487
130.399
130.308
130.215
130.121
130.024
129.925
129.825
129.724
129.621
129.518
129.413
129.308
129.202
129.096
128.991
128.885
128.78
128.675
128.572
128.47
128.369
128.27
128.173
128.079
127.987
127.897
127.811
127.729
127.65
127.574
127.503
127.436
127.374
127.316
127.263
127.216
127.173
127.136
127.105
127.079
127.058
127.044
127.035
127.032
127.035
127.044
127.058
127.079
127.105
127.136
127.173
127.216
127.263
127.316
127.374
127.436
127.503
127.574
127.65
127.729
127.811
127.897
127.987
128.079
128.173
128.27
128.369
128.47
128.572
128.675
128.78
128.885
128.991
129.096
129.202
129.308
129.413
129.518
129.621
129.724
129.825
129.925
130.024
130.121
130.215
130.308
130.399
130.487
130.574
130.657
130.739
130.817
130.893
130.967
131.037
131.105
131.17
131.232
131.292
131.348
131.402
131.452
131.5
131.545
131.587
131.625
131.662
131.695
131.725
131.752
131.776
131.798
131.817
131.832
131.845
131.855
131.862
131.867
131.868
128.645
128.643
128.639
128.631
128.621
128.607
128.591
128.571
128.549
128.523
128.495
128.463
128.429
128.391
128.35
128.306
128.259
128.209
128.156
128.1
128.041
127.978
127.913
127.844
127.773
127.699
127.621
127.541
127.458
127.373
127.284
127.193
127.1
127.004
126.906
126.805
126.703
126.599
126.493
126.385
126.277
126.167
126.056
125.944
125.832
125.719
125.607
125.494
125.382
125.271
125.161
125.052
124.945
124.84
124.736
124.635
124.537
124.442
124.35
124.262
124.177
124.097
124.021
123.949
123.883
123.821
123.765
123.713
123.668
123.628
123.595
123.567
123.545
123.529
123.52
123.517
123.52
123.529
123.545
123.567
123.595
123.628
123.668
123.713
123.765
123.821
123.883
123.949
124.021
124.097
124.177
124.262
124.35
124.442
124.537
124.635
124.736
124.84
124.945
125.052
125.161
125.271
125.382
125.494
125.607
125.719
125.832
125.944
126.056
126.167
126.277
126.385
126.493
126.599
126.703
126.805
126.906
127.004
127.1
127.193
127.284
127.373
127.458
127.541
127.621
127.699
127.773
127.844
127.913
127.978
128.041
128.1
128.156
128.209
128.259
128.306
128.35
128.391
128.429
128.463
128.495
128.523
128.549
128.571
128.591
128.607
128.621
128.631
128.639
128.643
128.645
125.425
125.423
125.418
125.41
125.4
125.386
125.368
125.348
125.325
125.298
125.268
125.235
125.199
125.159
125.117
125.071
125.022
124.969
124.914
124.855
124.793
124.727
124.659
124.587
124.512
124.434
124.353
124.268
124.181
124.091
123.998
123.902
123.803
123.702
123.598
123.493
123.384
123.274
123.162
123.048
122.933
122.817
122.699
122.581
122.461
122.342
122.222
122.103
121.984
121.866
121.749
121.633
121.519
121.406
121.297
121.189
121.084
120.983
120.885
120.791
120.701
120.615
120.533
120.457
120.386
120.32
120.26
120.205
120.157
120.114
120.078
120.048
120.025
120.008
119.998
119.995
119.998
120.008
120.025
120.048
120.078
120.114
120.157
120.205
120.26
120.32
120.386
120.457
120.533
120.615
120.701
120.791
120.885
120.983
121.084
121.189
121.297
121.406
121.519
121.633
121.749
121.866
121.984
122.103
122.222
122.342
122.461
122.581
122.699
122.817
122.933
123.048
123.162
123.274
123.384
123.493
123.598
123.702
123.803
123.902
123.998
124.091
124.181
124.268
124.353
124.434
124.512
124.587
124.659
124.727
124.793
124.855
124.914
124.969
125.022
125.071
125.117
125.159
125.199
125.235
125.268
125.298
125.325
125.348
125.368
125.386
125.4
125.41
125.418
125.423
125.425
122.207
122.206
122.201
122.193
122.181
122.167
122.149
122.128
122.103
122.075
122.044
122.01
121.972
121.931
121.887
121.839
121.787
121.733
121.675
121.613
121.548
121.48
121.408
121.333
121.254
121.172
121.087
120.998
120.907
120.812
120.714
120.613
120.509
120.403
120.294
120.182
120.068
119.952
119.833
119.713
119.591
119.468
119.343
119.218
119.092
118.965
118.839
118.712
118.586
118.46
118.336
118.213
118.091
117.972
117.854
117.74
117.629
117.52
117.416
117.315
117.219
117.128
117.041
116.96
116.884
116.813
116.749
116.691
116.639
116.594
116.555
116.523
116.498
116.48
116.47
116.466
116.47
116.48
116.498
116.523
116.555
116.594
116.639
116.691
116.749
116.813
116.884
116.96
117.041
117.128
117.219
117.315
117.416
117.52
117.629
117.74
117.854
117.972
118.091
118.213
118.336
118.46
118.586
118.712
118.839
118.965
119.092
119.218
119.343
119.468
119.591
119.713
119.833
119.952
120.068
120.182
120.294
120.403
120.509
120.613
120.714
120.812
120.907
120.998
121.087
121.172
121.254
121.333
121.408
121.48
121.548
121.613
121.675
121.733
121.787
121.839
121.887
121.931
121.972
122.01
122.044
122.075
122.103
122.128
122.149
122.167
122.181
122.193
122.201
122.206
122.207
118.993
118.992
118.986
118.978
118.966
118.951
118.932
118.91
118.885
118.856
118.824
118.788
118.749
118.706
118.66
118.61
118.556
118.499
118.439
118.374
118.307
118.235
118.16
118.081
117.999
117.914
117.824
117.732
117.635
117.536
117.433
117.327
117.218
117.106
116.991
116.874
116.753
116.631
116.506
116.379
116.251
116.12
115.989
115.856
115.722
115.589
115.454
115.32
115.186
115.053
114.921
114.79
114.661
114.534
114.41
114.288
114.169
114.054
113.943
113.836
113.734
113.636
113.544
113.457
113.376
113.301
113.232
113.17
113.115
113.067
113.025
112.991
112.965
112.946
112.934
112.931
112.934
112.946
112.965
112.991
113.025
113.067
113.115
113.17
113.232
113.301
113.376
113.457
113.544
113.636
113.734
113.836
113.943
114.054
114.169
114.288
114.41
114.534
114.661
114.79
114.921
115.053
115.186
115.32
115.454
115.589
115.722
115.856
115.989
116.12
116.251
116.379
116.506
116.631
116.753
116.874
116.991
117.106
117.218
117.327
117.433
117.536
117.635
117.732
117.824
117.914
117.999
118.081
118.16
118.235
118.307
118.374
118.439
118.499
118.556
118.61
118.66
118.706
118.749
118.788
118.824
118.856
118.885
118.91
118.932
118.951
118.966
118.978
118.986
118.992
118.993
115.782
115.781
115.775
115.767
115.754
115.739
115.719
115.697
115.67
115.64
115.607
115.57
115.529
115.484
115.436
115.384
115.329
115.269
115.206
115.139
115.069
114.994
114.916
114.834
114.748
114.659
114.565
114.468
114.368
114.263
114.156
114.045
113.93
113.812
113.692
113.568
113.442
113.312
113.181
113.047
112.912
112.774
112.635
112.495
112.354
112.212
112.07
111.928
111.786
111.645
111.505
111.366
111.229
111.094
110.962
110.833
110.707
110.585
110.466
110.352
110.244
110.14
110.041
109.949
109.862
109.782
109.709
109.643
109.584
109.533
109.489
109.452
109.424
109.404
109.392
109.388
109.392
109.404
109.424
109.452
109.489
109.533
109.584
109.643
109.709
109.782
109.862
109.949
110.041
110.14
110.244
110.352
110.466
110.585
110.707
110.833
110.962
111.094
111.229
111.366
111.505
111.645
111.786
111.928
112.07
112.212
112.354
112.495
112.635
112.774
112.912
113.047
113.181
113.312
113.442
113.568
113.692
113.812
113.93
114.045
114.156
114.263
114.368
114.468
114.565
114.659
114.748
114.834
114.916
114.994
115.069
115.139
115.206
115.269
115.329
115.384
115.436
115.484
115.529
115.57
115.607
115.64
115.67
115.697
115.719
115.739
115.754
115.767
115.775
115.781
115.782
112.575
112.573
112.568
112.559
112.546
112.53
112.51
112.486
112.459
112.428
112.393
112.355
112.313
112.266
112.217
112.163
112.105
112.044
111.978
111.908
111.835
111.757
111.676
111.59
111.501
111.408
111.31
111.209
111.104
110.995
110.882
110.765
110.646
110.522
110.395
110.265
110.132
109.997
109.858
109.718
109.575
109.43
109.283
109.135
108.986
108.836
108.686
108.535
108.385
108.236
108.087
107.94
107.795
107.652
107.512
107.374
107.241
107.111
106.985
106.864
106.748
106.637
106.532
106.434
106.342
106.257
106.179
106.108
106.045
105.99
105.943
105.905
105.875
105.853
105.84
105.836
105.84
105.853
105.875
105.905
105.943
105.99
106.045
106.108
106.179
106.257
106.342
106.434
106.532
106.637
106.748
106.864
106.985
107.111
107.241
107.374
107.512
107.652
107.795
107.94
108.087
108.236
108.385
108.535
108.686
108.836
108.986
109.135
109.283
109.43
109.575
109.718
109.858
109.997
110.132
110.265
110.395
110.522
110.646
110.765
110.882
110.995
111.104
111.209
111.31
111.408
111.501
111.59
111.676
111.757
111.835
111.908
111.978
112.044
112.105
112.163
112.217
112.266
112.313
112.355
112.393
112.428
112.459
112.486
112.51
112.53
112.546
112.559
112.568
112.573
112.575
109.371
109.369
109.364
109.354
109.341
109.324
109.304
109.28
109.251
109.219
109.184
109.144
109.1
109.052
109.001
108.945
108.885
108.821
108.754
108.681
108.605
108.525
108.44
108.351
108.258
108.161
108.059
107.953
107.843
107.73
107.612
107.49
107.364
107.235
107.102
106.966
106.827
106.684
106.538
106.39
106.24
106.087
105.933
105.777
105.619
105.461
105.302
105.143
104.984
104.826
104.669
104.513
104.359
104.207
104.058
103.913
103.77
103.632
103.499
103.37
103.247
103.129
103.017
102.912
102.815
102.724
102.641
102.566
102.499
102.44
102.39
102.349
102.317
102.294
102.28
102.275
102.28
102.294
102.317
102.349
102.39
102.44
102.499
102.566
102.641
102.724
102.815
102.912
103.017
103.129
103.247
103.37
103.499
103.632
103.77
103.913
104.058
104.207
104.359
104.513
104.669
104.826
104.984
105.143
105.302
105.461
105.619
105.777
105.933
106.087
106.24
106.39
106.538
106.684
106.827
106.966
107.102
107.235
107.364
107.49
107.612
107.73
107.843
107.953
108.059
108.161
108.258
108.351
108.44
108.525
108.605
108.681
108.754
108.821
108.885
108.945
109.001
109.052
109.1
109.144
109.184
109.219
109.251
109.28
109.304
109.324
109.341
109.354
109.364
109.369
109.371
106.171
106.169
106.163
106.153
106.14
106.123
106.101
106.076
106.047
106.014
105.977
105.936
105.891
105.842
105.789
105.731
105.669
105.603
105.533
105.458
105.379
105.296
105.208
105.115
105.019
104.917
104.812
104.702
104.587
104.468
104.345
104.218
104.087
103.951
103.812
103.67
103.523
103.374
103.221
103.065
102.907
102.746
102.583
102.419
102.253
102.086
101.918
101.75
101.582
101.415
101.249
101.084
100.921
100.76
100.602
100.447
100.296
100.15
100.008
99.8709
99.7397
99.6147
99.4962
99.3846
99.2803
99.1838
99.0953
99.0153
98.9439
98.8814
98.8281
98.7844
98.7501
98.7255
98.7107
98.7058
98.7107
98.7255
98.7501
98.7844
98.8281
98.8814
98.9439
99.0153
99.0953
99.1838
99.2803
99.3846
99.4962
99.6147
99.7397
99.8709
100.008
100.15
100.296
100.447
100.602
100.76
100.921
101.084
101.249
101.415
101.582
101.75
101.918
102.086
102.253
102.419
102.583
102.746
102.907
103.065
103.221
103.374
103.523
103.67
103.812
103.951
104.087
104.218
104.345
104.468
104.587
104.702
104.812
104.917
105.019
105.115
105.208
105.296
105.379
105.458
105.533
105.603
105.669
105.731
105.789
105.842
105.891
105.936
105.977
106.014
106.047
106.076
106.101
106.123
106.14
106.153
106.163
106.169
106.171
102.974
102.972
102.966
102.956
102.943
102.925
102.903
102.877
102.847
102.813
102.775
102.733
102.687
102.636
102.581
102.522
102.458
102.39
102.317
102.24
102.158
102.071
101.98
101.885
101.784
101.679
101.569
101.454
101.335
101.211
101.083
100.95
100.813
100.672
100.526
100.377
100.223
100.067
99.9062
99.7428
99.5763
99.4075
99.2361
99.063
98.888
98.7119
98.535
98.3576
98.1803
98.0033
97.8274
97.6527
97.48
97.3097
97.1423
96.9782
96.8181
96.6624
96.5116
96.3663
96.227
96.094
95.968
95.8493
95.7384
95.6356
95.5415
95.4562
95.3802
95.3137
95.257
95.2102
95.1738
95.1476
95.1319
95.1265
95.1319
95.1476
95.1738
95.2102
95.257
95.3137
95.3802
95.4562
95.5415
95.6356
95.7384
95.8493
95.968
96.094
96.227
96.3663
96.5116
96.6624
96.8181
96.9782
97.1423
97.3097
97.48
97.6527
97.8274
98.0033
98.1803
98.3576
98.535
98.7119
98.888
99.063
99.2361
99.4075
99.5763
99.7428
99.9062
100.067
100.223
100.377
100.526
100.672
100.813
100.95
101.083
101.211
101.335
101.454
101.569
101.679
101.784
101.885
101.98
102.071
102.158
102.24
102.317
102.39
102.458
102.522
102.581
102.636
102.687
102.733
102.775
102.813
102.847
102.877
102.903
102.925
102.943
102.956
102.966
102.972
102.974
99.7814
99.7793
99.7733
99.7632
99.7491
99.7308
99.7085
99.682
99.6514
99.6165
99.5775
99.534
99.4864
99.4342
99.3777
99.3165
99.2509
99.1805
99.1056
99.0258
98.9413
98.8519
98.7576
98.6585
98.5543
98.4453
98.3312
98.2123
98.0883
97.9596
97.8259
97.6875
97.5444
97.3967
97.2447
97.0882
96.9278
96.7633
96.5953
96.4236
96.2489
96.0712
95.8912
95.7088
95.5246
95.339
95.1523
94.9651
94.7777
94.5908
94.4046
94.2199
94.037
93.8566
93.679
93.5051
93.3352
93.17
93.0099
92.8556
92.7074
92.5661
92.4321
92.3058
92.1877
92.0784
91.9781
91.8874
91.8064
91.7355
91.6751
91.6254
91.5864
91.5585
91.5417
91.5362
91.5417
91.5585
91.5864
91.6254
91.6751
91.7355
91.8064
91.8874
91.9781
92.0784
92.1877
92.3058
92.4321
92.5661
92.7074
92.8556
93.0099
93.17
93.3352
93.5051
93.679
93.8566
94.037
94.2199
94.4046
94.5908
94.7777
94.9651
95.1523
95.339
95.5246
95.7088
95.8912
96.0712
96.2489
96.4236
96.5953
96.7633
96.9278
97.0882
97.2447
97.3967
97.5444
97.6875
97.8259
97.9596
98.0883
98.2123
98.3312
98.4453
98.5543
98.6585
98.7576
98.8519
98.9413
99.0258
99.1056
99.1805
99.2509
99.3165
99.3777
99.4342
99.4864
99.534
99.5775
99.6165
99.6514
99.682
99.7085
99.7308
99.7491
99.7632
99.7733
99.7793
99.7814
96.5924
96.5904
96.5842
96.5739
96.5593
96.5407
96.5178
96.4908
96.4594
96.4237
96.3837
96.3392
96.2902
96.2368
96.1787
96.1159
96.0484
95.976
95.8989
95.8166
95.7295
95.6372
95.54
95.4373
95.3297
95.2167
95.0985
94.975
94.8464
94.7125
94.5735
94.4294
94.2802
94.1263
93.9673
93.804
93.636
93.464
93.2877
93.1079
92.9245
92.738
92.5486
92.3567
92.1628
91.9672
91.7704
91.5729
91.3751
91.1775
90.9807
90.7852
90.5916
90.4005
90.2125
90.028
89.8478
89.6724
89.5024
89.3385
89.1811
89.0308
88.8883
88.7539
88.6284
88.5119
88.4052
88.3084
88.2222
88.1467
88.0824
88.0293
87.9879
87.9581
87.9402
87.9342
87.9402
87.9581
87.9879
88.0293
88.0824
88.1467
88.2222
88.3084
88.4052
88.5119
88.6284
88.7539
88.8883
89.0308
89.1811
89.3385
89.5024
89.6724
89.8478
90.028
90.2125
90.4005
90.5916
90.7852
90.9807
91.1775
91.3751
91.5729
91.7704
91.9672
92.1628
92.3567
92.5486
92.738
92.9245
93.1079
93.2877
93.464
93.636
93.804
93.9673
94.1263
94.2802
94.4294
94.5735
94.7125
94.8464
94.975
95.0985
95.2167
95.3297
95.4373
95.54
95.6372
95.7295
95.8166
95.8989
95.976
96.0484
96.1159
96.1787
96.2368
96.2902
96.3392
96.3837
96.4237
96.4594
96.4908
96.5178
96.5407
96.5593
96.5739
96.5842
96.5904
96.5924
93.4074
93.4053
93.399
93.3885
93.3737
93.3546
93.3313
93.3036
93.2715
93.2351
93.1941
93.1487
93.0985
93.0438
92.9841
92.9199
92.8504
92.7763
92.6968
92.6124
92.5226
92.4276
92.3271
92.2213
92.11
91.9932
91.8709
91.7429
91.6095
91.4704
91.326
91.176
91.0208
90.8601
90.6946
90.5239
90.3485
90.1684
89.984
89.7954
89.6031
89.4073
89.2083
89.0066
88.8025
88.5966
88.3891
88.1808
87.972
87.7634
87.5554
87.3487
87.1439
86.9415
86.7423
86.5468
86.3557
86.1696
85.9892
85.8151
85.6478
85.4882
85.3366
85.1938
85.0601
84.9362
84.8226
84.7196
84.6278
84.5474
84.4788
84.4223
84.3781
84.3464
84.3273
84.321
84.3273
84.3464
84.3781
84.4223
84.4788
84.5474
84.6278
84.7196
84.8226
84.9362
85.0601
85.1938
85.3366
85.4882
85.6478
85.8151
85.9892
86.1696
86.3557
86.5468
86.7423
86.9415
87.1439
87.3487
87.5554
87.7634
87.972
88.1808
88.3891
88.5966
88.8025
89.0066
89.2083
89.4073
89.6031
89.7954
89.984
90.1684
90.3485
90.5239
90.6946
90.8601
91.0208
91.176
91.326
91.4704
91.6095
91.7429
91.8709
91.9932
92.11
92.2213
92.3271
92.4276
92.5226
92.6124
92.6968
92.7763
92.8504
92.9199
92.9841
93.0438
93.0985
93.1487
93.1941
93.2351
93.2715
93.3036
93.3313
93.3546
93.3737
93.3885
93.399
93.4053
93.4074
90.2267
90.2245
90.2181
90.2073
90.1923
90.1728
90.1491
90.1208
90.0882
90.0509
90.0092
89.9627
89.9116
89.8555
89.7947
89.7287
89.6578
89.5815
89.5002
89.4133
89.3211
89.2234
89.12
89.0109
88.896
88.7754
88.6487
88.5165
88.3781
88.2341
88.084
87.9283
87.7667
87.5996
87.4268
87.2488
87.0655
86.8773
86.6843
86.4869
86.2853
86.0798
85.8709
85.6589
85.4442
85.2274
85.009
84.7893
84.569
84.3487
84.129
83.9104
83.6938
83.4796
83.2686
83.0614
82.8587
82.6613
82.4699
82.285
82.1074
81.9376
81.7765
81.6246
81.4825
81.3506
81.2296
81.12
81.0222
80.9366
80.8636
80.8033
80.7563
80.7225
80.7022
80.6954
80.7022
80.7225
80.7563
80.8033
80.8636
80.9366
81.0222
81.12
81.2296
81.3506
81.4825
81.6246
81.7765
81.9376
82.1074
82.285
82.4699
82.6613
82.8587
83.0614
83.2686
83.4796
83.6938
83.9104
84.129
84.3487
84.569
84.7893
85.009
85.2274
85.4442
85.6589
85.8709
86.0798
86.2853
86.4869
86.6843
86.8773
87.0655
87.2488
87.4268
87.5996
87.7667
87.9283
88.084
88.2341
88.3781
88.5165
88.6487
88.7754
88.896
89.0109
89.12
89.2234
89.3211
89.4133
89.5002
89.5815
89.6578
89.7287
89.7947
89.8555
89.9116
89.9627
90.0092
90.0509
90.0882
90.1208
90.1491
90.1728
90.1923
90.2073
90.2181
90.2245
90.2267
87.0498
87.0477
87.0411
87.0303
87.0149
86.9952
86.971
86.9423
86.909
86.8712
86.8286
86.7814
86.7291
86.6721
86.6099
86.5426
86.4701
86.3921
86.3088
86.2198
86.1252
86.0246
85.9184
85.806
85.6879
85.5633
85.4329
85.2959
85.153
85.0035
84.848
84.6862
84.5184
84.3445
84.1647
83.979
83.7878
83.5912
83.3894
83.1827
82.9714
82.756
82.5367
82.314
82.0883
81.8601
81.6299
81.3984
81.166
80.9335
80.7014
80.4704
80.2411
80.0144
79.7908
79.5713
79.3564
79.147
78.9437
78.7474
78.5586
78.3783
78.2069
78.0453
77.894
77.7537
77.625
77.5082
77.404
77.3128
77.2349
77.1708
77.1206
77.0846
77.0629
77.0557
77.0629
77.0846
77.1206
77.1708
77.2349
77.3128
77.404
77.5082
77.625
77.7537
77.894
78.0453
78.2069
78.3783
78.5586
78.7474
78.9437
79.147
79.3564
79.5713
79.7908
80.0144
80.2411
80.4704
80.7014
80.9335
81.166
81.3984
81.6299
81.8601
82.0883
82.314
82.5367
82.756
82.9714
83.1827
83.3894
83.5912
83.7878
83.979
84.1647
84.3445
84.5184
84.6862
84.848
85.0035
85.153
85.2959
85.4329
85.5633
85.6879
85.806
85.9184
86.0246
86.1252
86.2198
86.3088
86.3921
86.4701
86.5426
86.6099
86.6721
86.7291
86.7814
86.8286
86.8712
86.909
86.9423
86.971
86.9952
87.0149
87.0303
87.0411
87.0477
87.0498
83.8772
83.875
83.8684
83.8573
83.8418
83.8218
83.7973
83.7682
83.7344
83.696
83.6528
83.6047
83.5517
83.4936
83.4303
83.3617
83.2876
83.2082
83.1229
83.032
82.935
82.8322
82.723
82.6078
82.4859
82.3579
82.2231
82.082
81.9341
81.7797
81.6186
81.4509
81.2766
81.0958
80.9087
80.7153
80.5159
80.3106
80.0998
79.8835
79.6624
79.4364
79.2063
78.9724
78.7352
78.4951
78.2527
78.0087
77.7636
77.518
77.2728
77.0285
76.786
76.546
76.3092
76.0764
75.8485
75.6262
75.4104
75.2018
75.0012
74.8094
74.6272
74.4552
74.2942
74.1447
74.0075
73.8831
73.7721
73.6748
73.5919
73.5234
73.4699
73.4315
73.4084
73.4007
73.4084
73.4315
73.4699
73.5234
73.5919
73.6748
73.7721
73.8831
74.0075
74.1447
74.2942
74.4552
74.6272
74.8094
75.0012
75.2018
75.4104
75.6262
75.8485
76.0764
76.3092
76.546
76.786
77.0285
77.2728
77.518
77.7636
78.0087
78.2527
78.4951
78.7352
78.9724
79.2063
79.4364
79.6624
79.8835
80.0998
80.3106
80.5159
80.7153
80.9087
81.0958
81.2766
81.4509
81.6186
81.7797
81.9341
82.082
82.2231
82.3579
82.4859
82.6078
82.723
82.8322
82.935
83.032
83.1229
83.2082
83.2876
83.3617
83.4303
83.4936
83.5517
83.6047
83.6528
83.696
83.7344
83.7682
83.7973
83.8218
83.8418
83.8573
83.8684
83.875
83.8772
80.7088
80.7066
80.6999
80.6887
80.673
80.6528
80.628
80.5985
80.5644
80.5254
80.4817
80.4329
80.3792
80.3201
80.2559
80.1861
80.111
80.0298
79.943
79.85
79.7511
79.6456
79.534
79.4156
79.2908
79.1589
79.0204
78.8747
78.7222
78.5625
78.3959
78.2221
78.0414
77.8537
77.6592
77.4579
77.2501
77.0359
76.8156
76.5896
76.358
76.1214
75.88
75.6344
75.3851
75.1325
74.8773
74.6202
74.3616
74.1025
73.8434
73.5852
73.3286
73.0744
72.8236
72.5768
72.3351
72.0991
71.8699
71.6483
71.435
71.2311
71.0371
70.854
70.6825
70.5234
70.3772
70.2446
70.1262
70.0226
69.934
69.861
69.8039
69.763
69.7383
69.7301
69.7383
69.763
69.8039
69.861
69.934
70.0226
70.1262
70.2446
70.3772
70.5234
70.6825
70.854
71.0371
71.2311
71.435
71.6483
71.8699
72.0991
72.3351
72.5768
72.8236
73.0744
73.3286
73.5852
73.8434
74.1025
74.3616
74.6202
74.8773
75.1325
75.3851
75.6344
75.88
76.1214
76.358
76.5896
76.8156
77.0359
77.2501
77.4579
77.6592
77.8537
78.0414
78.2221
78.3959
78.5625
78.7222
78.8747
79.0204
79.1589
79.2908
79.4156
79.534
79.6456
79.7511
79.85
79.943
80.0298
80.111
80.1861
80.2559
80.3201
80.3792
80.4329
80.4817
80.5254
80.5644
80.5985
80.628
80.6528
80.673
80.6887
80.6999
80.7066
80.7088
77.5447
77.5425
77.5357
77.5244
77.5085
77.4882
77.4631
77.4334
77.3989
77.3597
77.3153
77.2662
77.2116
77.152
77.0867
77.0161
76.9395
76.8573
76.7688
76.6743
76.5731
76.4656
76.3513
76.2302
76.102
75.9668
75.8242
75.6744
75.5171
75.3524
75.1802
75.0003
74.813
74.6183
74.4162
74.2068
73.9904
73.7671
73.5373
73.301
73.0588
72.8109
72.5578
72.3
72.0381
71.7725
71.504
71.233
70.9604
70.6868
70.4132
70.1402
69.8688
69.5998
69.334
69.0724
68.8159
68.5655
68.3221
68.0866
67.8599
67.6429
67.4366
67.2417
67.0591
66.8895
66.7337
66.5924
66.4662
66.3556
66.2612
66.1834
66.1224
66.0787
66.0524
66.0436
66.0524
66.0787
66.1224
66.1834
66.2612
66.3556
66.4662
66.5924
66.7337
66.8895
67.0591
67.2417
67.4366
67.6429
67.8599
68.0866
68.3221
68.5655
68.8159
69.0724
69.334
69.5998
69.8688
70.1402
70.4132
70.6868
70.9604
71.233
71.504
71.7725
72.0381
72.3
72.5578
72.8109
73.0588
73.301
73.5373
73.7671
73.9904
74.2068
74.4162
74.6183
74.813
75.0003
75.1802
75.3524
75.5171
75.6744
75.8242
75.9668
76.102
76.2302
76.3513
76.4656
76.5731
76.6743
76.7688
76.8573
76.9395
77.0161
77.0867
77.152
77.2116
77.2662
77.3153
77.3597
77.3989
77.4334
77.4631
77.4882
77.5085
77.5244
77.5357
77.5425
77.5447
74.385
74.3827
74.3759
74.3645
74.3486
74.328
74.3028
74.2728
74.2382
74.1985
74.154
74.1042
74.0494
73.989
73.9233
73.8516
73.7742
73.6906
73.6008
73.5045
73.4017
73.292
73.1754
73.0516
72.9205
72.7818
72.6355
72.4814
72.3195
72.1496
71.9717
71.7859
71.592
71.3901
71.1803
70.9628
70.7375
70.5049
70.265
70.0182
69.7649
69.5055
69.2402
68.9698
68.6946
68.4154
68.1327
67.8474
67.56
67.2714
66.9823
66.6938
66.4067
66.1219
65.8403
65.563
65.291
65.0252
64.7666
64.5164
64.2754
64.0446
63.825
63.6176
63.423
63.2424
63.0764
62.9258
62.7912
62.6733
62.5725
62.4895
62.4245
62.3778
62.3497
62.3404
62.3497
62.3778
62.4245
62.4895
62.5725
62.6733
62.7912
62.9258
63.0764
63.2424
63.423
63.6176
63.825
64.0446
64.2754
64.5164
64.7666
65.0252
65.291
65.563
65.8403
66.1219
66.4067
66.6938
66.9823
67.2714
67.56
67.8474
68.1327
68.4154
68.6946
68.9698
69.2402
69.5055
69.7649
70.0182
70.265
70.5049
70.7375
70.9628
71.1803
71.3901
71.592
71.7859
71.9717
72.1496
72.3195
72.4814
72.6355
72.7818
72.9205
73.0516
73.1754
73.292
73.4017
73.5045
73.6008
73.6906
73.7742
73.8516
73.9233
73.989
74.0494
74.1042
74.154
74.1985
74.2382
74.2728
74.3028
74.328
74.3486
74.3645
74.3759
74.3827
74.385
71.2295
71.2273
71.2204
71.209
71.193
71.1724
71.147
71.117
71.0821
71.0424
70.9976
70.9477
70.8923
70.8316
70.7651
70.693
70.6147
70.5302
70.4393
70.3417
70.2372
70.1256
70.0068
69.8804
69.7463
69.6044
69.4545
69.2963
69.1299
68.955
68.7716
68.5796
68.379
68.1699
67.9524
67.7264
67.4922
67.2499
66.9998
66.7421
66.4773
66.2058
65.9279
65.6442
65.3553
65.0618
64.7644
64.4638
64.1608
63.8562
63.551
63.246
62.9423
62.6407
62.3424
62.0484
61.7598
61.4776
61.203
60.937
60.6807
60.4351
60.2014
59.9804
59.7732
59.5807
59.4037
59.2431
59.0995
58.9737
58.8662
58.7776
58.7082
58.6584
58.6284
58.6184
58.6284
58.6584
58.7082
58.7776
58.8662
58.9737
59.0995
59.2431
59.4037
59.5807
59.7732
59.9804
60.2014
60.4351
60.6807
60.937
61.203
61.4776
61.7598
62.0484
62.3424
62.6407
62.9423
63.246
63.551
63.8562
64.1608
64.4638
64.7644
65.0618
65.3553
65.6442
65.9279
66.2058
66.4773
66.7421
66.9998
67.2499
67.4922
67.7264
67.9524
68.1699
68.379
68.5796
68.7716
68.955
69.1299
69.2963
69.4545
69.6044
69.7463
69.8804
70.0068
70.1256
70.2372
70.3417
70.4393
70.5302
70.6147
70.693
70.7651
70.8316
70.8923
70.9477
70.9976
71.0424
71.0821
71.117
71.147
71.1724
71.193
71.209
71.2204
71.2273
71.2295
68.0786
68.0763
68.0694
68.058
68.0419
68.0213
67.9959
67.9659
67.9309
67.8911
67.8463
67.7962
67.7408
67.6798
67.6132
67.5404
67.4616
67.3764
67.2845
67.1857
67.0799
66.9667
66.8459
66.7172
66.5805
66.4355
66.282
66.12
65.949
65.7692
65.5803
65.3823
65.1751
64.9587
64.7332
64.4987
64.2553
64.0031
63.7424
63.4736
63.1969
62.9128
62.6218
62.3243
62.0209
61.7124
61.3994
61.0828
60.7634
60.4419
60.1195
59.797
59.4756
59.1563
58.8401
58.5283
58.2219
57.9222
57.6304
57.3475
57.0748
56.8135
56.5645
56.3291
56.1082
55.9029
55.7141
55.5427
55.3895
55.2552
55.1404
55.0457
54.9716
54.9184
54.8864
54.8757
54.8864
54.9184
54.9716
55.0457
55.1404
55.2552
55.3895
55.5427
55.7141
55.9029
56.1082
56.3291
56.5645
56.8135
57.0748
57.3475
57.6304
57.9222
58.2219
58.5283
58.8401
59.1563
59.4756
59.797
60.1195
60.4419
60.7634
61.0828
61.3994
61.7124
62.0209
62.3243
62.6218
62.9128
63.1969
63.4736
63.7424
64.0031
64.2553
64.4987
64.7332
64.9587
65.1751
65.3823
65.5803
65.7692
65.949
66.12
66.282
66.4355
66.5805
66.7172
66.8459
66.9667
67.0799
67.1857
67.2845
67.3764
67.4616
67.5404
67.6132
67.6798
67.7408
67.7962
67.8463
67.8911
67.9309
67.9659
67.9959
68.0213
68.0419
68.058
68.0694
68.0763
68.0786
64.9317
64.9295
64.9226
64.9111
64.8951
64.8744
64.8492
64.8192
64.7845
64.7447
64.6999
64.6499
64.5945
64.5335
64.4668
64.3939
64.3148
64.2291
64.1366
64.037
63.93
63.8154
63.6928
63.5621
63.423
63.2752
63.1185
62.9526
62.7775
62.5928
62.3985
62.1945
61.9806
61.757
61.5235
61.2803
61.0276
60.7653
60.4938
60.2134
59.9244
59.6272
59.3224
59.0105
58.692
58.3678
58.0385
57.7049
57.3681
57.0288
56.6881
56.3471
56.0068
55.6685
55.3333
55.0024
54.6771
54.3587
54.0484
53.7474
53.4571
53.1787
52.9134
52.6624
52.4268
52.2077
52.0062
51.8232
51.6595
51.516
51.3933
51.2921
51.2129
51.156
51.1218
51.1104
51.1218
51.156
51.2129
51.2921
51.3933
51.516
51.6595
51.8232
52.0062
52.2077
52.4268
52.6624
52.9134
53.1787
53.4571
53.7474
54.0484
54.3587
54.6771
55.0024
55.3333
55.6685
56.0068
56.3471
56.6881
57.0288
57.3681
57.7049
58.0385
58.3678
58.692
59.0105
59.3224
59.6272
59.9244
60.2134
60.4938
60.7653
61.0276
61.2803
61.5235
61.757
61.9806
62.1945
62.3985
62.5928
62.7775
62.9526
63.1185
63.2752
63.423
63.5621
63.6928
63.8154
63.93
64.037
64.1366
64.2291
64.3148
64.3939
64.4668
64.5335
64.5945
64.6499
64.6999
64.7447
64.7845
64.8192
64.8492
64.8744
64.8951
64.9111
64.9226
64.9295
64.9317
61.7894
61.7871
61.7802
61.7688
61.7528
61.7322
61.707
61.6772
61.6426
61.6032
61.5587
61.5091
61.4539
61.3932
61.3266
61.2538
61.1746
61.0887
60.9959
60.8957
60.7879
60.6723
60.5483
60.4159
60.2746
60.1242
59.9645
59.7951
59.6158
59.4265
59.227
59.0171
58.7966
58.5657
58.3243
58.0723
57.8099
57.5373
57.2547
56.9624
56.6606
56.35
56.0308
55.7038
55.3695
55.0287
54.6822
54.3308
53.9755
53.6174
53.2573
52.8966
52.5363
52.1777
51.8222
51.471
51.1254
50.7868
50.4567
50.1363
49.8271
49.5303
49.2474
48.9796
48.7282
48.4942
48.279
48.0834
47.9084
47.755
47.6238
47.5156
47.4308
47.37
47.3333
47.3211
47.3333
47.37
47.4308
47.5156
47.6238
47.755
47.9084
48.0834
48.279
48.4942
48.7282
48.9796
49.2474
49.5303
49.8271
50.1363
50.4567
50.7868
51.1254
51.471
51.8222
52.1777
52.5363
52.8966
53.2573
53.6174
53.9755
54.3308
54.6822
55.0287
55.3695
55.7038
56.0308
56.35
56.6606
56.9624
57.2547
57.5373
57.8099
58.0723
58.3243
58.5657
58.7966
59.0171
59.227
59.4265
59.6158
59.7951
59.9645
60.1242
60.2746
60.4159
60.5483
60.6723
60.7879
60.8957
60.9959
61.0887
61.1746
61.2538
61.3266
61.3932
61.4539
61.5091
61.5587
61.6032
61.6426
61.6772
61.707
61.7322
61.7528
61.7688
61.7802
61.7871
61.7894
58.6512
58.6489
58.642
58.6306
58.6146
58.5942
58.5693
58.5397
58.5055
58.4664
58.4224
58.3732
58.3187
58.2584
58.1923
58.1199
58.041
57.9553
57.8624
57.762
57.6538
57.5373
57.4123
57.2784
57.1353
56.9827
56.8202
56.6475
56.4645
56.2707
56.066
55.8503
55.6234
55.3852
55.1357
54.8749
54.6029
54.3197
54.0257
53.7211
53.4062
53.0814
52.7474
52.4046
52.0538
51.6957
51.3311
50.9609
50.5862
50.2079
49.8274
49.4457
49.0641
48.684
48.3068
47.9338
47.5665
47.2064
46.8551
46.5138
46.1843
45.8678
45.566
45.2801
45.0115
44.7616
44.5315
44.3224
44.1353
43.9711
43.8307
43.7149
43.6242
43.559
43.5198
43.5067
43.5198
43.559
43.6242
43.7149
43.8307
43.9711
44.1353
44.3224
44.5315
44.7616
45.0115
45.2801
45.566
45.8678
46.1843
46.5138
46.8551
47.2064
47.5665
47.9338
48.3068
48.684
49.0641
49.4457
49.8274
50.2079
50.5862
50.9609
51.3311
51.6957
52.0538
52.4046
52.7474
53.0814
53.4062
53.7211
54.0257
54.3197
54.6029
54.8749
55.1357
55.3852
55.6234
55.8503
56.066
56.2707
56.4645
56.6475
56.8202
56.9827
57.1353
57.2784
57.4123
57.5373
57.6538
57.762
57.8624
57.9553
58.041
58.1199
58.1923
58.2584
58.3187
58.3732
58.4224
58.4664
58.5055
58.5397
58.5693
58.5942
58.6146
58.6306
58.642
58.6489
58.6512
55.5175
55.5152
55.5082
55.4967
55.4808
55.4604
55.4357
55.4066
55.3729
55.3345
55.2911
55.2428
55.1889
55.1295
55.064
54.9924
54.9141
54.8288
54.7363
54.636
54.5277
54.4109
54.2852
54.1502
54.0056
53.8511
53.6861
53.5105
53.3238
53.1258
52.9162
52.6949
52.4616
52.2162
51.9587
51.689
51.4071
51.1132
50.8075
50.4902
50.1618
49.8225
49.473
49.1138
48.7456
48.3693
47.9857
47.5957
47.2005
46.8011
46.3988
45.9949
45.5906
45.1876
44.7872
44.391
44.0005
43.6174
43.2433
42.8797
42.5283
42.1907
41.8685
41.5632
41.2762
41.009
40.7629
40.5392
40.3389
40.1632
40.0129
39.8888
39.7917
39.7219
39.6798
39.6658
39.6798
39.7219
39.7917
39.8888
40.0129
40.1632
40.3389
40.5392
40.7629
41.009
41.2762
41.5632
41.8685
42.1907
42.5283
42.8797
43.2433
43.6174
44.0005
44.391
44.7872
45.1876
45.5906
45.9949
46.3988
46.8011
47.2005
47.5957
47.9857
48.3693
48.7456
49.1138
49.473
49.8225
50.1618
50.4902
50.8075
51.1132
51.4071
51.689
51.9587
52.2162
52.4616
52.6949
52.9162
53.1258
53.3238
53.5105
53.6861
53.8511
54.0056
54.1502
54.2852
54.4109
54.5277
54.636
54.7363
54.8288
54.9141
54.9924
55.064
55.1295
55.1889
55.2428
55.2911
55.3345
55.3729
55.4066
55.4357
55.4604
55.4808
55.4967
55.5082
55.5152
55.5175
52.3883
52.3859
52.3788
52.3671
52.3512
52.3311
52.3067
52.278
52.2449
52.2073
52.1649
52.1174
52.0647
52.0063
51.942
51.8714
51.7941
51.7097
51.6179
51.5181
51.4101
51.2933
51.1673
51.0316
50.886
50.7298
50.5628
50.3845
50.1946
49.9926
49.7784
49.5516
49.312
49.0595
48.794
48.5153
48.2235
47.9187
47.6011
47.2708
46.9284
46.574
46.2084
45.8321
45.4459
45.0505
44.6469
44.2361
43.8192
43.3974
42.9721
42.5445
42.1162
41.6888
41.2637
40.8427
40.4274
40.0196
39.6211
39.2335
38.8587
38.4984
38.1543
37.828
37.5212
37.2354
36.9721
36.7326
36.5182
36.3299
36.1689
36.036
35.9318
35.857
35.812
35.7969
35.812
35.857
35.9318
36.036
36.1689
36.3299
36.5182
36.7326
36.9721
37.2354
37.5212
37.828
38.1543
38.4984
38.8587
39.2335
39.6211
40.0196
40.4274
40.8427
41.2637
41.6888
42.1162
42.5445
42.9721
43.3974
43.8192
44.2361
44.6469
45.0505
45.4459
45.8321
46.2084
46.574
46.9284
47.2708
47.6011
47.9187
48.2235
48.5153
48.794
49.0595
49.312
49.5516
49.7784
49.9926
50.1946
50.3845
50.5628
50.7298
50.886
51.0316
51.1673
51.2933
51.4101
51.5181
51.6179
51.7097
51.7941
51.8714
51.942
52.0063
52.0647
52.1174
52.1649
52.2073
52.2449
52.278
52.3067
52.3311
52.3512
52.3671
52.3788
52.3859
52.3883
49.2637
49.2611
49.2536
49.2416
49.2255
49.2055
49.1815
49.1535
49.1213
49.0847
49.0434
48.9973
48.9459
48.889
48.8261
48.7569
48.6809
48.5978
48.5071
48.4084
48.301
48.1847
48.0588
47.923
47.7766
47.6193
47.4506
47.27
47.0771
46.8715
46.6529
46.4209
46.1753
45.9158
45.6423
45.3546
45.0528
44.737
44.4071
44.0636
43.7067
43.3369
42.9545
42.5604
42.1553
41.7399
41.3153
40.8826
40.4428
39.9974
39.5476
39.095
38.6411
38.1876
37.7362
37.2887
36.8469
36.4127
35.988
35.5747
35.1748
34.79
34.4223
34.0735
33.7454
33.4395
33.1576
32.9011
32.6714
32.4697
32.2971
32.1546
32.0429
31.9627
31.9143
31.8982
31.9143
31.9627
32.0429
32.1546
32.2971
32.4697
32.6714
32.9011
33.1576
33.4395
33.7454
34.0735
34.4223
34.79
35.1748
35.5747
35.988
36.4127
36.8469
37.2887
37.7362
38.1876
38.6411
39.095
39.5476
39.9974
40.4428
40.8826
41.3153
41.7399
42.1553
42.5604
42.9545
43.3369
43.7067
44.0636
44.4071
44.737
45.0528
45.3546
45.6423
45.9158
46.1753
46.4209
46.6529
46.8715
47.0771
47.27
47.4506
47.6193
47.7766
47.923
48.0588
48.1847
48.301
48.4084
48.5071
48.5978
48.6809
48.7569
48.8261
48.889
48.9459
48.9973
49.0434
49.0847
49.1213
49.1535
49.1815
49.2055
49.2255
49.2416
49.2536
49.2611
49.2637
46.1443
46.1411
46.1328
46.1203
46.104
46.084
46.0605
46.0332
46.002
45.9666
45.9268
45.8823
45.8326
45.7775
45.7164
45.6491
45.575
45.4936
45.4045
45.3071
45.201
45.0856
44.9604
44.8247
44.6782
44.5202
44.3503
44.1678
43.9724
43.7635
43.5408
43.3039
43.0524
42.7861
42.5047
42.2082
41.8963
41.5692
41.227
40.8699
40.4981
40.1122
39.7126
39.2999
38.875
38.4387
37.992
37.5361
37.0723
36.6018
36.1261
35.6469
35.1657
34.6845
34.205
33.7292
33.259
32.7965
32.3438
31.9029
31.4759
31.0648
30.6717
30.2986
29.9475
29.62
29.318
29.0432
28.7969
28.5806
28.3955
28.2426
28.1227
28.0366
27.9848
27.9675
27.9848
28.0366
28.1227
28.2426
28.3955
28.5806
28.7969
29.0432
29.318
29.62
29.9475
30.2986
30.6717
31.0648
31.4759
31.9029
32.3438
32.7965
33.259
33.7292
34.205
34.6845
35.1657
35.6469
36.1261
36.6018
37.0723
37.5361
37.992
38.4387
38.875
39.2999
39.7126
40.1122
40.4981
40.8699
41.227
41.5692
41.8963
42.2082
42.5047
42.7861
43.0524
43.3039
43.5408
43.7635
43.9724
44.1678
44.3503
44.5202
44.6782
44.8247
44.9604
45.0856
45.201
45.3071
45.4045
45.4936
45.575
45.6491
45.7164
45.7775
45.8326
45.8823
45.9268
45.9666
46.002
46.0332
46.0605
46.084
46.104
46.1203
46.1328
46.1411
46.1443
43.0312
43.0262
43.0161
43.0025
42.9858
42.966
42.943
42.9167
42.8867
42.8529
42.8149
42.7723
42.7247
42.6718
42.613
42.5479
42.4761
42.3969
42.3099
42.2145
42.1102
41.9962
41.8722
41.7373
41.5911
41.433
41.2623
41.0785
40.881
40.6693
40.4429
40.2014
39.9443
39.6714
39.3823
39.0769
38.755
38.4166
38.0618
37.6907
37.3037
36.9011
36.4836
36.0516
35.606
35.1478
34.678
34.1977
33.7084
33.2113
32.7082
32.2007
31.6906
31.1798
30.6703
30.1641
29.6636
29.1707
28.6879
28.2172
27.7611
27.3217
26.9013
26.502
26.126
25.7752
25.4515
25.1568
24.8926
24.6606
24.4619
24.2977
24.169
24.0766
24.0209
24.0023
24.0209
24.0766
24.169
24.2977
24.4619
24.6606
24.8926
25.1568
25.4515
25.7752
26.126
26.502
26.9013
27.3217
27.7611
28.2172
28.6879
29.1707
29.6636
30.1641
30.6703
31.1798
31.6906
32.2007
32.7082
33.2113
33.7084
34.1977
34.678
35.1478
35.606
36.0516
36.4836
36.9011
37.3037
37.6907
38.0618
38.4166
38.755
39.0769
39.3823
39.6714
39.9443
40.2014
40.4429
40.6693
40.881
41.0785
41.2623
41.433
41.5911
41.7373
41.8722
41.9962
42.1102
42.2145
42.3099
42.3969
42.4761
42.5479
42.613
42.6718
42.7247
42.7723
42.8149
42.8529
42.8867
42.9167
42.943
42.966
42.9858
43.0025
43.0161
43.0262
43.0312
39.9279
39.9163
39.903
39.8879
39.8707
39.8511
39.8289
39.8037
39.7754
39.7434
39.7075
39.6672
39.6222
39.5718
39.5158
39.4535
39.3845
39.3081
39.2237
39.1309
39.0288
38.917
38.7947
38.6613
38.516
38.3583
38.1875
38.0028
37.8038
37.5897
37.3601
37.1144
36.8521
36.5728
36.2762
35.9621
35.6301
35.2804
34.9128
34.5275
34.1248
33.7051
33.2689
32.8169
32.3498
31.8686
31.3744
30.8685
30.3522
29.827
29.2948
28.7572
28.2161
27.6737
27.1321
26.5936
26.0604
25.535
25.0198
24.5172
24.0297
23.5598
23.1098
22.6822
22.2793
21.9033
21.5561
21.2399
20.9564
20.7072
20.4938
20.3175
20.1792
20.0798
20.02
20
20.02
20.0798
20.1792
20.3175
20.4938
20.7072
20.9564
21.2399
21.5561
21.9033
22.2793
22.6822
23.1098
23.5598
24.0297
24.5172
25.0198
25.535
26.0604
26.5936
27.1321
27.6737
28.2161
28.7572
29.2948
29.827
30.3522
30.8685
31.3744
31.8686
32.3498
32.8169
33.2689
33.7051
34.1248
34.5275
34.9128
35.2804
35.6301
35.9621
36.2762
36.5728
36.8521
37.1144
37.3601
37.5897
37.8038
38.0028
38.1875
38.3583
38.516
38.6613
38.7947
38.917
39.0288
39.1309
39.2237
39.3081
39.3845
39.4535
39.5158
39.5718
39.6222
39.6672
39.7075
39.7434
39.7754
39.8037
39.8289
39.8511
39.8707
39.8879
39.903
39.9163
39.9279
