120
120
120
120
120
120
120
120
120
120
120
120
120
120
120
120
120
120
120
120
120
120
120
120
120
120
120
120
120
120
120
120
120
120
120
120
120
120
120
120
120
120
120
120
120
120
120
120
120
120
120
120
120
120
120
120
120
120
120
120
120
120
120
120
120
120
120
120
120
120
120
120
120
120
120
120
120
120
120
120
120
120
120
120
120
120
120
120
120
120
120
120
120
120
120
120
120
120
120
120
120
120
120
120
120
120
120
120
120
120
120
120
120
120
120
120
120
120
120
120
120
120
120
120
120
120
120
120
120
120
120
120
120
120
120
120
120
120
120
120
120
120
120
120
120
120
120
120
120
120
120
120
120
120
120
120
120
120
120
120
120
120
120
120
120
120
120
120
120
120
120
120
120
120
120
120
120
120
120
120
120
120
120
120
120
120
120
120
120
120
120
120
120
120
120
120
120
120
120
120
120
118.853
118.853
118.852
118.852
118.852
118.852
118.851
118.85
118.849
118.848
118.847
118.846
118.844
118.843
118.841
118.84
118.838
118.836
118.834
118.831
118.829
118.827
118.824
118.821
118.819
118.816
118.813
118.81
118.807
118.804
118.801
118.797
118.794
118.79
118.787
118.783
118.78
118.776
118.772
118.769
118.765
118.761
118.757
118.753
118.75
118.745
118.741
118.738
118.733
118.73
118.726
118.721
118.718
118.714
118.709
118.706
118.702
118.697
118.693
118.691
118.686
118.681
118.679
118.675
118.67
118.667
118.665
118.66
118.657
118.654
118.65
118.647
118.644
118.641
118.638
118.635
118.632
118.629
118.626
118.624
118.621
118.619
118.616
118.614
118.612
118.61
118.608
118.607
118.605
118.604
118.602
118.601
118.6
118.599
118.598
118.597
118.597
118.596
118.596
118.596
118.596
118.596
118.596
118.596
118.597
118.597
118.598
118.599
118.6
118.601
118.602
118.604
118.605
118.607
118.608
118.61
118.612
118.614
118.616
118.619
118.621
118.624
118.626
118.629
118.632
118.635
118.638
118.641
118.644
118.647
118.65
118.654
118.657
118.66
118.665
118.667
118.67
118.675
118.679
118.681
118.686
118.691
118.693
118.697
118.702
118.706
118.709
118.714
118.718
118.721
118.726
118.73
118.733
118.738
118.741
118.745
118.75
118.753
118.757
118.761
118.765
118.769
118.772
118.776
118.78
118.783
118.787
118.79
118.794
118.797
118.801
118.804
118.807
118.81
118.813
118.816
118.819
118.821
118.824
118.827
118.829
118.831
118.834
118.836
118.838
118.84
118.841
118.843
118.844
118.846
118.847
118.848
118.849
118.85
118.851
118.852
118.852
118.852
118.852
118.853
118.853
117.709
117.709
117.708
117.708
117.707
117.706
117.704
117.703
117.7
117.698
117.696
117.693
117.69
117.687
117.684
117.68
117.676
117.672
117.668
117.664
117.659
117.654
117.649
117.644
117.639
117.633
117.627
117.621
117.615
117.609
117.602
117.596
117.589
117.582
117.575
117.568
117.561
117.553
117.546
117.539
117.531
117.523
117.515
117.507
117.5
117.492
117.484
117.476
117.467
117.46
117.451
117.443
117.435
117.427
117.419
117.411
117.403
117.395
117.387
117.379
117.372
117.364
117.356
117.348
117.342
117.335
117.326
117.321
117.313
117.306
117.3
117.293
117.287
117.28
117.274
117.268
117.262
117.256
117.251
117.246
117.241
117.236
117.231
117.227
117.223
117.219
117.215
117.211
117.208
117.205
117.202
117.2
117.198
117.196
117.194
117.193
117.191
117.191
117.19
117.189
117.189
117.189
117.19
117.191
117.191
117.193
117.194
117.196
117.198
117.2
117.202
117.205
117.208
117.211
117.215
117.219
117.223
117.227
117.231
117.236
117.241
117.246
117.251
117.256
117.262
117.268
117.274
117.28
117.287
117.293
117.3
117.306
117.313
117.321
117.326
117.335
117.342
117.348
117.356
117.364
117.372
117.379
117.387
117.395
117.403
117.411
117.419
117.427
117.435
117.443
117.451
117.46
117.467
117.476
117.484
117.492
117.5
117.507
117.515
117.523
117.531
117.539
117.546
117.553
117.561
117.568
117.575
117.582
117.589
117.596
117.602
117.609
117.615
117.621
117.627
117.633
117.639
117.644
117.649
117.654
117.659
117.664
117.668
117.672
117.676
117.68
117.684
117.687
117.69
117.693
117.696
117.698
117.7
117.703
117.704
117.706
117.707
117.708
117.708
117.709
117.709
116.563
116.563
116.562
116.561
116.56
116.558
116.556
116.553
116.551
116.547
116.544
116.54
116.535
116.531
116.525
116.52
116.514
116.508
116.502
116.495
116.488
116.481
116.474
116.466
116.458
116.449
116.441
116.432
116.423
116.413
116.403
116.393
116.383
116.373
116.362
116.352
116.341
116.33
116.319
116.307
116.296
116.284
116.273
116.261
116.249
116.237
116.225
116.213
116.201
116.189
116.177
116.165
116.152
116.14
116.129
116.116
116.104
116.093
116.081
116.068
116.057
116.046
116.034
116.023
116.012
116.001
115.991
115.979
115.97
115.96
115.949
115.94
115.93
115.92
115.911
115.902
115.893
115.885
115.876
115.869
115.861
115.854
115.847
115.84
115.834
115.828
115.822
115.817
115.812
115.808
115.804
115.8
115.797
115.794
115.791
115.789
115.787
115.786
115.785
115.784
115.784
115.784
115.785
115.786
115.787
115.789
115.791
115.794
115.797
115.8
115.804
115.808
115.812
115.817
115.822
115.828
115.834
115.84
115.847
115.854
115.861
115.869
115.876
115.885
115.893
115.902
115.911
115.92
115.93
115.94
115.949
115.96
115.97
115.979
115.991
116.001
116.012
116.023
116.034
116.046
116.057
116.068
116.081
116.093
116.104
116.116
116.129
116.14
116.152
116.165
116.177
116.189
116.201
116.213
116.225
116.237
116.249
116.261
116.273
116.284
116.296
116.307
116.319
116.33
116.341
116.352
116.362
116.373
116.383
116.393
116.403
116.413
116.423
116.432
116.441
116.449
116.458
116.466
116.474
116.481
116.488
116.495
116.502
116.508
116.514
116.52
116.525
116.531
116.535
116.54
116.544
116.547
116.551
116.553
116.556
116.558
116.56
116.561
116.562
116.563
116.563
115.416
115.416
115.415
115.414
115.412
115.41
115.407
115.404
115.401
115.396
115.392
115.386
115.381
115.374
115.368
115.361
115.353
115.345
115.337
115.328
115.318
115.309
115.298
115.288
115.277
115.266
115.254
115.242
115.23
115.217
115.205
115.191
115.178
115.164
115.15
115.136
115.121
115.107
115.092
115.077
115.062
115.046
115.031
115.015
114.999
114.983
114.967
114.951
114.935
114.919
114.903
114.887
114.87
114.854
114.838
114.822
114.806
114.79
114.774
114.759
114.743
114.727
114.713
114.699
114.682
114.669
114.654
114.64
114.626
114.613
114.6
114.586
114.574
114.561
114.549
114.536
114.525
114.513
114.502
114.492
114.482
114.472
114.463
114.454
114.446
114.438
114.43
114.424
114.417
114.411
114.406
114.401
114.396
114.392
114.389
114.386
114.384
114.382
114.381
114.38
114.379
114.38
114.381
114.382
114.384
114.386
114.389
114.392
114.396
114.401
114.406
114.411
114.417
114.424
114.43
114.438
114.446
114.454
114.463
114.472
114.482
114.492
114.502
114.513
114.525
114.536
114.549
114.561
114.574
114.586
114.6
114.613
114.626
114.64
114.654
114.669
114.682
114.699
114.713
114.727
114.743
114.759
114.774
114.79
114.806
114.822
114.838
114.854
114.87
114.887
114.903
114.919
114.935
114.951
114.967
114.983
114.999
115.015
115.031
115.046
115.062
115.077
115.092
115.107
115.121
115.136
115.15
115.164
115.178
115.191
115.205
115.217
115.23
115.242
115.254
115.266
115.277
115.288
115.298
115.309
115.318
115.328
115.337
115.345
115.353
115.361
115.368
115.374
115.381
115.386
115.392
115.396
115.401
115.404
115.407
115.41
115.412
115.414
115.415
115.416
115.416
114.273
114.272
114.271
114.27
114.268
114.265
114.261
114.257
114.252
114.247
114.241
114.234
114.227
114.219
114.211
114.202
114.193
114.183
114.172
114.161
114.149
114.137
114.124
114.111
114.098
114.084
114.069
114.054
114.039
114.023
114.007
113.99
113.974
113.956
113.939
113.921
113.903
113.884
113.865
113.847
113.828
113.808
113.789
113.769
113.749
113.729
113.709
113.689
113.669
113.649
113.629
113.608
113.588
113.568
113.547
113.528
113.508
113.487
113.468
113.449
113.429
113.41
113.391
113.371
113.354
113.335
113.317
113.3
113.283
113.265
113.248
113.232
113.215
113.2
113.184
113.169
113.155
113.141
113.127
113.114
113.101
113.089
113.077
113.066
113.056
113.046
113.037
113.028
113.02
113.012
113.006
112.999
112.994
112.989
112.985
112.981
112.978
112.976
112.974
112.973
112.973
112.973
112.974
112.976
112.978
112.981
112.985
112.989
112.994
112.999
113.006
113.012
113.02
113.028
113.037
113.046
113.056
113.066
113.077
113.089
113.101
113.114
113.127
113.141
113.155
113.169
113.184
113.2
113.215
113.232
113.248
113.265
113.283
113.3
113.317
113.335
113.354
113.371
113.391
113.41
113.429
113.449
113.468
113.487
113.508
113.528
113.547
113.568
113.588
113.608
113.629
113.649
113.669
113.689
113.709
113.729
113.749
113.769
113.789
113.808
113.828
113.847
113.865
113.884
113.903
113.921
113.939
113.956
113.974
113.99
114.007
114.023
114.039
114.054
114.069
114.084
114.098
114.111
114.124
114.137
114.149
114.161
114.172
114.183
114.193
114.202
114.211
114.219
114.227
114.234
114.241
114.247
114.252
114.257
114.261
114.265
114.268
114.27
114.271
114.272
114.273
113.129
113.129
113.128
113.126
113.123
113.12
113.115
113.111
113.105
113.098
113.091
113.083
113.074
113.065
113.054
113.044
113.032
113.02
113.008
112.994
112.98
112.965
112.951
112.935
112.918
112.901
112.884
112.866
112.847
112.829
112.809
112.789
112.769
112.748
112.727
112.705
112.684
112.662
112.639
112.617
112.593
112.571
112.547
112.523
112.5
112.475
112.451
112.427
112.403
112.379
112.354
112.33
112.306
112.281
112.257
112.233
112.208
112.185
112.161
112.137
112.114
112.092
112.067
112.046
112.023
112.002
111.98
111.958
111.938
111.917
111.897
111.877
111.858
111.838
111.82
111.802
111.784
111.767
111.751
111.735
111.72
111.705
111.691
111.678
111.665
111.653
111.642
111.632
111.622
111.613
111.605
111.597
111.59
111.585
111.579
111.575
111.571
111.569
111.567
111.565
111.565
111.565
111.567
111.569
111.571
111.575
111.579
111.585
111.59
111.597
111.605
111.613
111.622
111.632
111.642
111.653
111.665
111.678
111.691
111.705
111.72
111.735
111.751
111.767
111.784
111.802
111.82
111.838
111.858
111.877
111.897
111.917
111.938
111.958
111.98
112.002
112.023
112.046
112.067
112.092
112.114
112.137
112.161
112.185
112.208
112.233
112.257
112.281
112.306
112.33
112.354
112.379
112.403
112.427
112.451
112.475
112.5
112.523
112.547
112.571
112.593
112.617
112.639
112.662
112.684
112.705
112.727
112.748
112.769
112.789
112.809
112.829
112.847
112.866
112.884
112.901
112.918
112.935
112.951
112.965
112.98
112.994
113.008
113.02
113.032
113.044
113.054
113.065
113.074
113.083
113.091
113.098
113.105
113.111
113.115
113.12
113.123
113.126
113.128
113.129
113.129
111.985
111.985
111.983
111.982
111.978
111.974
111.969
111.964
111.957
111.95
111.941
111.932
111.922
111.911
111.899
111.887
111.873
111.859
111.844
111.828
111.812
111.795
111.777
111.759
111.74
111.72
111.7
111.678
111.657
111.635
111.612
111.589
111.565
111.541
111.516
111.491
111.466
111.44
111.414
111.387
111.36
111.333
111.305
111.278
111.25
111.222
111.194
111.165
111.137
111.109
111.08
111.052
111.023
110.995
110.967
110.938
110.91
110.883
110.855
110.827
110.8
110.772
110.747
110.72
110.694
110.668
110.643
110.619
110.593
110.57
110.546
110.523
110.5
110.478
110.456
110.435
110.415
110.395
110.375
110.357
110.339
110.322
110.306
110.29
110.276
110.262
110.249
110.236
110.225
110.215
110.205
110.196
110.188
110.181
110.175
110.17
110.166
110.163
110.161
110.159
110.159
110.159
110.161
110.163
110.166
110.17
110.175
110.181
110.188
110.196
110.205
110.215
110.225
110.236
110.249
110.262
110.276
110.29
110.306
110.322
110.339
110.357
110.375
110.395
110.415
110.435
110.456
110.478
110.5
110.523
110.546
110.57
110.593
110.619
110.643
110.668
110.694
110.72
110.747
110.772
110.8
110.827
110.855
110.883
110.91
110.938
110.967
110.995
111.023
111.052
111.08
111.109
111.137
111.165
111.194
111.222
111.25
111.278
111.305
111.333
111.36
111.387
111.414
111.44
111.466
111.491
111.516
111.541
111.565
111.589
111.612
111.635
111.657
111.678
111.7
111.72
111.74
111.759
111.777
111.795
111.812
111.828
111.844
111.859
111.873
111.887
111.899
111.911
111.922
111.932
111.941
111.95
111.957
111.964
111.969
111.974
111.978
111.982
111.983
111.985
111.985
110.843
110.842
110.841
110.838
110.835
110.83
110.824
110.818
110.81
110.802
110.792
110.782
110.77
110.758
110.744
110.73
110.715
110.699
110.681
110.664
110.645
110.625
110.605
110.583
110.561
110.539
110.515
110.491
110.467
110.441
110.415
110.389
110.361
110.334
110.305
110.277
110.247
110.218
110.188
110.157
110.127
110.095
110.064
110.033
110
109.969
109.936
109.904
109.872
109.839
109.806
109.774
109.741
109.709
109.676
109.644
109.612
109.579
109.548
109.517
109.485
109.455
109.423
109.394
109.364
109.335
109.305
109.277
109.249
109.221
109.194
109.168
109.142
109.116
109.092
109.067
109.044
109.021
108.999
108.978
108.957
108.938
108.919
108.901
108.885
108.869
108.854
108.84
108.827
108.815
108.804
108.794
108.785
108.777
108.77
108.764
108.759
108.756
108.753
108.751
108.751
108.751
108.753
108.756
108.759
108.764
108.77
108.777
108.785
108.794
108.804
108.815
108.827
108.84
108.854
108.869
108.885
108.901
108.919
108.938
108.957
108.978
108.999
109.021
109.044
109.067
109.092
109.116
109.142
109.168
109.194
109.221
109.249
109.277
109.305
109.335
109.364
109.394
109.423
109.455
109.485
109.517
109.548
109.579
109.612
109.644
109.676
109.709
109.741
109.774
109.806
109.839
109.872
109.904
109.936
109.969
110
110.033
110.064
110.095
110.127
110.157
110.188
110.218
110.247
110.277
110.305
110.334
110.361
110.389
110.415
110.441
110.467
110.491
110.515
110.539
110.561
110.583
110.605
110.625
110.645
110.664
110.681
110.699
110.715
110.73
110.744
110.758
110.77
110.782
110.792
110.802
110.81
110.818
110.824
110.83
110.835
110.838
110.841
110.842
110.843
109.704
109.703
109.701
109.698
109.694
109.689
109.683
109.675
109.666
109.656
109.646
109.633
109.62
109.606
109.591
109.574
109.557
109.539
109.52
109.5
109.478
109.456
109.433
109.41
109.384
109.359
109.333
109.306
109.278
109.249
109.22
109.189
109.159
109.128
109.096
109.064
109.03
108.997
108.963
108.929
108.894
108.859
108.824
108.788
108.752
108.716
108.679
108.643
108.606
108.569
108.533
108.495
108.459
108.423
108.385
108.349
108.313
108.277
108.242
108.204
108.17
108.135
108.101
108.067
108.033
108
107.967
107.935
107.903
107.872
107.841
107.811
107.782
107.753
107.724
107.698
107.671
107.646
107.621
107.597
107.574
107.552
107.531
107.51
107.491
107.474
107.457
107.441
107.426
107.413
107.4
107.389
107.379
107.37
107.362
107.355
107.35
107.346
107.343
107.341
107.34
107.341
107.343
107.346
107.35
107.355
107.362
107.37
107.379
107.389
107.4
107.413
107.426
107.441
107.457
107.474
107.491
107.51
107.531
107.552
107.574
107.597
107.621
107.646
107.671
107.698
107.724
107.753
107.782
107.811
107.841
107.872
107.903
107.935
107.967
108
108.033
108.067
108.101
108.135
108.17
108.204
108.242
108.277
108.313
108.349
108.385
108.423
108.459
108.495
108.533
108.569
108.606
108.643
108.679
108.716
108.752
108.788
108.824
108.859
108.894
108.929
108.963
108.997
109.03
109.064
109.096
109.128
109.159
109.189
109.22
109.249
109.278
109.306
109.333
109.359
109.384
109.41
109.433
109.456
109.478
109.5
109.52
109.539
109.557
109.574
109.591
109.606
109.62
109.633
109.646
109.656
109.666
109.675
109.683
109.689
109.694
109.698
109.701
109.703
109.704
108.564
108.563
108.561
108.558
108.554
108.548
108.541
108.532
108.523
108.511
108.499
108.486
108.471
108.455
108.439
108.42
108.401
108.38
108.359
108.337
108.313
108.289
108.263
108.237
108.209
108.181
108.151
108.121
108.089
108.058
108.025
107.991
107.957
107.922
107.887
107.851
107.814
107.777
107.739
107.701
107.662
107.623
107.583
107.544
107.504
107.463
107.423
107.382
107.341
107.301
107.259
107.218
107.177
107.136
107.096
107.055
107.014
106.975
106.934
106.895
106.855
106.816
106.778
106.74
106.703
106.665
106.629
106.593
106.557
106.522
106.488
106.455
106.422
106.39
106.359
106.328
106.299
106.27
106.243
106.216
106.19
106.166
106.142
106.12
106.099
106.079
106.06
106.042
106.026
106.011
105.997
105.984
105.973
105.963
105.954
105.947
105.941
105.936
105.933
105.931
105.93
105.931
105.933
105.936
105.941
105.947
105.954
105.963
105.973
105.984
105.997
106.011
106.026
106.042
106.06
106.079
106.099
106.12
106.142
106.166
106.19
106.216
106.243
106.27
106.299
106.328
106.359
106.39
106.422
106.455
106.488
106.522
106.557
106.593
106.629
106.665
106.703
106.74
106.778
106.816
106.855
106.895
106.934
106.975
107.014
107.055
107.096
107.136
107.177
107.218
107.259
107.301
107.341
107.382
107.423
107.463
107.504
107.544
107.583
107.623
107.662
107.701
107.739
107.777
107.814
107.851
107.887
107.922
107.957
107.991
108.025
108.058
108.089
108.121
108.151
108.181
108.209
108.237
108.263
108.289
108.313
108.337
108.359
108.38
108.401
108.42
108.439
108.455
108.471
108.486
108.499
108.511
108.523
108.532
108.541
108.548
108.554
108.558
108.561
108.563
108.564
107.424
107.423
107.421
107.417
107.412
107.406
107.398
107.389
107.378
107.367
107.353
107.339
107.323
107.306
107.287
107.267
107.246
107.223
107.2
107.175
107.149
107.121
107.093
107.063
107.033
107.001
106.969
106.936
106.901
106.866
106.83
106.793
106.755
106.717
106.678
106.638
106.598
106.556
106.515
106.472
106.43
106.387
106.343
106.299
106.255
106.21
106.166
106.121
106.076
106.031
105.985
105.941
105.895
105.85
105.805
105.76
105.717
105.671
105.627
105.584
105.541
105.498
105.455
105.413
105.372
105.331
105.29
105.25
105.212
105.173
105.135
105.098
105.062
105.027
104.992
104.959
104.926
104.895
104.865
104.835
104.807
104.78
104.754
104.729
104.706
104.684
104.663
104.644
104.626
104.609
104.594
104.58
104.568
104.556
104.547
104.539
104.532
104.527
104.523
104.521
104.52
104.521
104.523
104.527
104.532
104.539
104.547
104.556
104.568
104.58
104.594
104.609
104.626
104.644
104.663
104.684
104.706
104.729
104.754
104.78
104.807
104.835
104.865
104.895
104.926
104.959
104.992
105.027
105.062
105.098
105.135
105.173
105.212
105.25
105.29
105.331
105.372
105.413
105.455
105.498
105.541
105.584
105.627
105.671
105.717
105.76
105.805
105.85
105.895
105.941
105.985
106.031
106.076
106.121
106.166
106.21
106.255
106.299
106.343
106.387
106.43
106.472
106.515
106.556
106.598
106.638
106.678
106.717
106.755
106.793
106.83
106.866
106.901
106.936
106.969
107.001
107.033
107.063
107.093
107.121
107.149
107.175
107.2
107.223
107.246
107.267
107.287
107.306
107.323
107.339
107.353
107.367
107.378
107.389
107.398
107.406
107.412
107.417
107.421
107.423
107.424
106.288
106.287
106.285
106.281
106.276
106.269
106.26
106.25
106.238
106.225
106.211
106.195
106.177
106.158
106.137
106.116
106.092
106.068
106.042
106.015
105.986
105.956
105.925
105.893
105.86
105.825
105.79
105.753
105.715
105.677
105.637
105.597
105.555
105.514
105.47
105.427
105.382
105.337
105.292
105.245
105.199
105.152
105.104
105.056
105.007
104.959
104.91
104.861
104.812
104.762
104.713
104.663
104.614
104.565
104.514
104.466
104.417
104.369
104.32
104.272
104.225
104.178
104.132
104.085
104.04
103.995
103.951
103.907
103.864
103.822
103.781
103.74
103.7
103.662
103.624
103.587
103.552
103.517
103.484
103.452
103.421
103.391
103.363
103.336
103.31
103.286
103.264
103.242
103.223
103.204
103.187
103.172
103.159
103.147
103.136
103.127
103.12
103.114
103.11
103.108
103.107
103.108
103.11
103.114
103.12
103.127
103.136
103.147
103.159
103.172
103.187
103.204
103.223
103.242
103.264
103.286
103.31
103.336
103.363
103.391
103.421
103.452
103.484
103.517
103.552
103.587
103.624
103.662
103.7
103.74
103.781
103.822
103.864
103.907
103.951
103.995
104.04
104.085
104.132
104.178
104.225
104.272
104.32
104.369
104.417
104.466
104.514
104.565
104.614
104.663
104.713
104.762
104.812
104.861
104.91
104.959
105.007
105.056
105.104
105.152
105.199
105.245
105.292
105.337
105.382
105.427
105.47
105.514
105.555
105.597
105.637
105.677
105.715
105.753
105.79
105.825
105.86
105.893
105.925
105.956
105.986
106.015
106.042
106.068
106.092
106.116
106.137
106.158
106.177
106.195
106.211
106.225
106.238
106.25
106.26
106.269
106.276
106.281
106.285
106.287
106.288
105.155
105.154
105.152
105.147
105.141
105.134
105.124
105.113
105.1
105.086
105.07
105.052
105.033
105.012
104.99
104.966
104.94
104.913
104.885
104.856
104.824
104.792
104.758
104.724
104.687
104.65
104.611
104.571
104.53
104.488
104.446
104.401
104.357
104.311
104.264
104.217
104.168
104.12
104.069
104.02
103.969
103.917
103.866
103.813
103.761
103.708
103.654
103.601
103.547
103.494
103.44
103.385
103.332
103.278
103.225
103.171
103.118
103.065
103.013
102.961
102.909
102.858
102.807
102.758
102.708
102.658
102.61
102.563
102.516
102.47
102.425
102.381
102.338
102.295
102.255
102.215
102.176
102.139
102.102
102.067
102.034
102.001
101.97
101.941
101.913
101.887
101.862
101.839
101.817
101.798
101.779
101.763
101.748
101.735
101.723
101.714
101.706
101.7
101.695
101.693
101.692
101.693
101.695
101.7
101.706
101.714
101.723
101.735
101.748
101.763
101.779
101.798
101.817
101.839
101.862
101.887
101.913
101.941
101.97
102.001
102.034
102.067
102.102
102.139
102.176
102.215
102.255
102.295
102.338
102.381
102.425
102.47
102.516
102.563
102.61
102.658
102.708
102.758
102.807
102.858
102.909
102.961
103.013
103.065
103.118
103.171
103.225
103.278
103.332
103.385
103.44
103.494
103.547
103.601
103.654
103.708
103.761
103.813
103.866
103.917
103.969
104.02
104.069
104.12
104.168
104.217
104.264
104.311
104.357
104.401
104.446
104.488
104.53
104.571
104.611
104.65
104.687
104.724
104.758
104.792
104.824
104.856
104.885
104.913
104.94
104.966
104.99
105.012
105.033
105.052
105.07
105.086
105.1
105.113
105.124
105.134
105.141
105.147
105.152
105.154
105.155
104.021
104.02
104.017
104.013
104.006
103.998
103.988
103.976
103.962
103.946
103.929
103.91
103.889
103.867
103.843
103.817
103.79
103.76
103.73
103.698
103.665
103.629
103.593
103.555
103.516
103.476
103.433
103.391
103.346
103.301
103.254
103.206
103.158
103.108
103.058
103.006
102.955
102.902
102.848
102.794
102.738
102.683
102.627
102.571
102.514
102.456
102.399
102.341
102.283
102.225
102.167
102.109
102.05
101.993
101.934
101.877
101.82
101.762
101.706
101.65
101.594
101.538
101.483
101.429
101.375
101.322
101.27
101.218
101.168
101.118
101.069
101.021
100.975
100.93
100.885
100.842
100.801
100.76
100.721
100.683
100.647
100.612
100.578
100.547
100.517
100.488
100.461
100.436
100.413
100.392
100.372
100.354
100.338
100.324
100.311
100.301
100.292
100.286
100.281
100.278
100.277
100.278
100.281
100.286
100.292
100.301
100.311
100.324
100.338
100.354
100.372
100.392
100.413
100.436
100.461
100.488
100.517
100.547
100.578
100.612
100.647
100.683
100.721
100.76
100.801
100.842
100.885
100.93
100.975
101.021
101.069
101.118
101.168
101.218
101.27
101.322
101.375
101.429
101.483
101.538
101.594
101.65
101.706
101.762
101.82
101.877
101.934
101.993
102.05
102.109
102.167
102.225
102.283
102.341
102.399
102.456
102.514
102.571
102.627
102.683
102.738
102.794
102.848
102.902
102.955
103.006
103.058
103.108
103.158
103.206
103.254
103.301
103.346
103.391
103.433
103.476
103.516
103.555
103.593
103.629
103.665
103.698
103.73
103.76
103.79
103.817
103.843
103.867
103.889
103.91
103.929
103.946
103.962
103.976
103.988
103.998
104.006
104.013
104.017
104.02
104.021
102.888
102.888
102.885
102.88
102.873
102.864
102.853
102.841
102.826
102.81
102.791
102.771
102.748
102.724
102.698
102.671
102.641
102.61
102.577
102.542
102.506
102.468
102.429
102.388
102.346
102.302
102.257
102.211
102.163
102.115
102.064
102.013
101.961
101.908
101.853
101.798
101.742
101.685
101.628
101.568
101.51
101.45
101.389
101.329
101.267
101.206
101.144
101.082
101.02
100.957
100.895
100.832
100.77
100.707
100.645
100.583
100.521
100.46
100.399
100.338
100.277
100.218
100.159
100.1
100.042
99.9853
99.9292
99.8739
99.8189
99.7656
99.7135
99.6621
99.6115
99.563
99.5154
99.4687
99.4238
99.3806
99.3379
99.2979
99.2584
99.2211
99.1851
99.151
99.1186
99.088
99.0592
99.0323
99.0073
98.9841
98.9629
98.9437
98.9264
98.9111
98.8979
98.8866
98.8774
98.8702
98.865
98.862
98.8609
98.862
98.865
98.8702
98.8774
98.8866
98.8979
98.9111
98.9264
98.9437
98.9629
98.9841
99.0073
99.0323
99.0592
99.088
99.1186
99.151
99.1851
99.2211
99.2584
99.2979
99.3379
99.3806
99.4238
99.4687
99.5154
99.563
99.6115
99.6621
99.7135
99.7656
99.8189
99.8739
99.9292
99.9853
100.042
100.1
100.159
100.218
100.277
100.338
100.399
100.46
100.521
100.583
100.645
100.707
100.77
100.832
100.895
100.957
101.02
101.082
101.144
101.206
101.267
101.329
101.389
101.45
101.51
101.568
101.628
101.685
101.742
101.798
101.853
101.908
101.961
102.013
102.064
102.115
102.163
102.211
102.257
102.302
102.346
102.388
102.429
102.468
102.506
102.542
102.577
102.61
102.641
102.671
102.698
102.724
102.748
102.771
102.791
102.81
102.826
102.841
102.853
102.864
102.873
102.88
102.885
102.888
102.888
101.761
101.76
101.757
101.751
101.744
101.734
101.723
101.709
101.693
101.675
101.656
101.634
101.61
101.584
101.556
101.526
101.494
101.461
101.426
101.389
101.35
101.309
101.267
101.223
101.178
101.131
101.083
101.033
100.982
100.93
100.876
100.821
100.765
100.708
100.65
100.591
100.53
100.47
100.408
100.345
100.282
100.217
100.153
100.088
100.023
99.9564
99.8895
99.8237
99.7561
99.6902
99.622
99.5554
99.4881
99.4217
99.3553
99.2885
99.2221
99.156
99.0908
99.0257
98.9609
98.8963
98.833
98.7703
98.7084
98.6467
98.5863
98.527
98.4689
98.4111
98.3548
98.3
98.2464
98.1934
98.1425
98.093
98.0445
97.9976
97.953
97.9088
97.8674
97.8269
97.7886
97.752
97.7172
97.6844
97.6535
97.6246
97.5978
97.573
97.5502
97.5296
97.511
97.4946
97.4804
97.4683
97.4584
97.4507
97.4452
97.4419
97.4408
97.4419
97.4452
97.4507
97.4584
97.4683
97.4804
97.4946
97.511
97.5296
97.5502
97.573
97.5978
97.6246
97.6535
97.6844
97.7172
97.752
97.7886
97.8269
97.8674
97.9088
97.953
97.9976
98.0445
98.093
98.1425
98.1934
98.2464
98.3
98.3548
98.4111
98.4689
98.527
98.5863
98.6467
98.7084
98.7703
98.833
98.8963
98.9609
99.0257
99.0908
99.156
99.2221
99.2885
99.3553
99.4217
99.4881
99.5554
99.622
99.6902
99.7561
99.8237
99.8895
99.9564
100.023
100.088
100.153
100.217
100.282
100.345
100.408
100.47
100.53
100.591
100.65
100.708
100.765
100.821
100.876
100.93
100.982
101.033
101.083
101.131
101.178
101.223
101.267
101.309
101.35
101.389
101.426
101.461
101.494
101.526
101.556
101.584
101.61
101.634
101.656
101.675
101.693
101.709
101.723
101.734
101.744
101.751
101.757
101.76
101.761
100.637
100.636
100.633
100.627
100.619
100.608
100.596
100.581
100.564
100.544
100.523
100.499
100.474
100.445
100.416
100.384
100.35
100.314
100.276
100.237
100.195
100.152
100.107
100.061
100.012
99.9625
99.9106
99.8578
99.8032
99.7472
99.6901
99.6312
99.5716
99.5101
99.4483
99.3847
99.3206
99.2554
99.1892
99.1228
99.0545
98.9869
98.9175
98.8478
98.7782
98.7072
98.6371
98.5647
98.4942
98.4221
98.3514
98.2796
98.2079
98.1363
98.065
97.9943
97.9234
97.8528
97.7822
97.7126
97.6435
97.5752
97.5069
97.4395
97.3731
97.3081
97.2433
97.1795
97.1169
97.056
96.9958
96.9367
96.8792
96.8235
96.7685
96.7152
96.664
96.614
96.5653
96.5194
96.4741
96.4316
96.3903
96.3512
96.3141
96.279
96.246
96.2151
96.1864
96.1598
96.1355
96.1134
96.0936
96.0761
96.0609
96.0479
96.0374
96.0291
96.0232
96.0197
96.0185
96.0197
96.0232
96.0291
96.0374
96.0479
96.0609
96.0761
96.0936
96.1134
96.1355
96.1598
96.1864
96.2151
96.246
96.279
96.3141
96.3512
96.3903
96.4316
96.4741
96.5194
96.5653
96.614
96.664
96.7152
96.7685
96.8235
96.8792
96.9367
96.9958
97.056
97.1169
97.1795
97.2433
97.3081
97.3731
97.4395
97.5069
97.5752
97.6435
97.7126
97.7822
97.8528
97.9234
97.9943
98.065
98.1363
98.2079
98.2796
98.3514
98.4221
98.4942
98.5647
98.6371
98.7072
98.7782
98.8478
98.9175
98.9869
99.0545
99.1228
99.1892
99.2554
99.3206
99.3847
99.4483
99.5101
99.5716
99.6312
99.6901
99.7472
99.8032
99.8578
99.9106
99.9625
100.012
100.061
100.107
100.152
100.195
100.237
100.276
100.314
100.35
100.384
100.416
100.445
100.474
100.499
100.523
100.544
100.564
100.581
100.596
100.608
100.619
100.627
100.633
100.636
100.637
99.5119
99.5108
99.507
99.501
99.4924
99.4815
99.4681
99.4523
99.4342
99.4137
99.3909
99.3657
99.3385
99.3087
99.2771
99.243
99.2072
99.1688
99.129
99.0865
99.0428
98.9965
98.949
98.899
98.8478
98.7944
98.7395
98.683
98.6246
98.5654
98.5038
98.442
98.3777
98.313
98.2469
98.1793
98.1115
98.0415
97.9719
97.9003
97.8285
97.7558
97.6822
97.6087
97.533
97.4591
97.383
97.3082
97.2316
97.1558
97.0795
97.0036
96.9278
96.8516
96.7755
96.6994
96.6241
96.549
96.4745
96.3999
96.326
96.2529
96.1809
96.1093
96.0384
95.9684
95.9
95.8324
95.7658
95.7001
95.6365
95.574
95.5126
95.4526
95.3949
95.3382
95.2831
95.2302
95.179
95.129
95.082
95.0359
94.9925
94.9507
94.9112
94.8739
94.8388
94.8059
94.7753
94.7471
94.7212
94.6977
94.6766
94.658
94.6418
94.628
94.6168
94.608
94.6017
94.5979
94.5967
94.5979
94.6017
94.608
94.6168
94.628
94.6418
94.658
94.6766
94.6977
94.7212
94.7471
94.7753
94.8059
94.8388
94.8739
94.9112
94.9507
94.9925
95.0359
95.082
95.129
95.179
95.2302
95.2831
95.3382
95.3949
95.4526
95.5126
95.574
95.6365
95.7001
95.7658
95.8324
95.9
95.9684
96.0384
96.1093
96.1809
96.2529
96.326
96.3999
96.4745
96.549
96.6241
96.6994
96.7755
96.8516
96.9278
97.0036
97.0795
97.1558
97.2316
97.3082
97.383
97.4591
97.533
97.6087
97.6822
97.7558
97.8285
97.9003
97.9719
98.0415
98.1115
98.1793
98.2469
98.313
98.3777
98.442
98.5038
98.5654
98.6246
98.683
98.7395
98.7944
98.8478
98.899
98.949
98.9965
99.0428
99.0865
99.129
99.1688
99.2072
99.243
99.2771
99.3087
99.3385
99.3657
99.3909
99.4137
99.4342
99.4523
99.4681
99.4815
99.4924
99.501
99.507
99.5108
99.5119
98.3886
98.3875
98.3835
98.3773
98.3681
98.3569
98.3425
98.3263
98.3069
98.2858
98.2613
98.2354
98.206
98.1753
98.1411
98.1057
98.0669
98.0269
97.9838
97.9392
97.8922
97.8432
97.7925
97.7393
97.6851
97.6279
97.5701
97.5095
97.4482
97.3846
97.3199
97.2538
97.186
97.1175
97.0468
96.976
96.903
96.8298
96.7549
96.6794
96.6033
96.5253
96.4483
96.369
96.2909
96.2103
96.131
96.0505
95.9705
95.8899
95.809
95.728
95.6469
95.5664
95.4858
95.4055
95.3248
95.2449
95.1654
95.087
95.0086
94.9309
94.8537
94.778
94.7031
94.6291
94.5557
94.4839
94.4135
94.3444
94.276
94.2096
94.1449
94.0816
94.0194
93.9597
93.9016
93.8449
93.7905
93.7384
93.6873
93.6394
93.5927
93.5488
93.5068
93.4672
93.4299
93.395
93.3626
93.3326
93.3052
93.2803
93.2579
93.2381
93.2209
93.2063
93.1943
93.185
93.1784
93.1744
93.173
93.1744
93.1784
93.185
93.1943
93.2063
93.2209
93.2381
93.2579
93.2803
93.3052
93.3326
93.3626
93.395
93.4299
93.4672
93.5068
93.5488
93.5927
93.6394
93.6873
93.7384
93.7905
93.8449
93.9016
93.9597
94.0194
94.0816
94.1449
94.2096
94.276
94.3444
94.4135
94.4839
94.5557
94.6291
94.7031
94.778
94.8537
94.9309
95.0086
95.087
95.1654
95.2449
95.3248
95.4055
95.4858
95.5664
95.6469
95.728
95.809
95.8899
95.9705
96.0505
96.131
96.2103
96.2909
96.369
96.4483
96.5253
96.6033
96.6794
96.7549
96.8298
96.903
96.976
97.0468
97.1175
97.186
97.2538
97.3199
97.3846
97.4482
97.5095
97.5701
97.6279
97.6851
97.7393
97.7925
97.8432
97.8922
97.9392
97.9838
98.0269
98.0669
98.1057
98.1411
98.1753
98.206
98.2354
98.2613
98.2858
98.3069
98.3263
98.3425
98.3569
98.3681
98.3773
98.3835
98.3875
98.3886
97.2719
97.2701
97.2664
97.2592
97.25
97.2375
97.2228
97.205
97.1849
97.1619
97.1365
97.1084
97.0778
97.0446
97.0089
96.9709
96.9302
96.8874
96.8419
96.7946
96.7444
96.6928
96.6384
96.5827
96.5243
96.4647
96.4027
96.3393
96.2741
96.2069
96.1388
96.0682
95.9972
95.9236
95.8499
95.7739
95.6972
95.6194
95.5399
95.4605
95.3789
95.298
95.2145
95.1322
95.0481
94.9646
94.8798
94.7948
94.7095
94.624
94.5387
94.453
94.3673
94.2811
94.1956
94.1102
94.0255
93.9407
93.8564
93.7724
93.6897
93.6076
93.5263
93.4453
93.3657
93.2873
93.2103
93.1339
93.0589
92.9854
92.9138
92.8431
92.7741
92.707
92.642
92.5779
92.5163
92.4568
92.3989
92.3431
92.2901
92.2382
92.1896
92.1426
92.0983
92.0563
92.0168
91.9798
91.9455
91.9137
91.8846
91.8582
91.8344
91.8134
91.7952
91.7797
91.7671
91.7572
91.7501
91.7459
91.7445
91.7459
91.7501
91.7572
91.7671
91.7797
91.7952
91.8134
91.8344
91.8582
91.8846
91.9137
91.9455
91.9798
92.0168
92.0563
92.0983
92.1426
92.1896
92.2382
92.2901
92.3431
92.3989
92.4568
92.5163
92.5779
92.642
92.707
92.7741
92.8431
92.9138
92.9854
93.0589
93.1339
93.2103
93.2873
93.3657
93.4453
93.5263
93.6076
93.6897
93.7724
93.8564
93.9407
94.0255
94.1102
94.1956
94.2811
94.3673
94.453
94.5387
94.624
94.7095
94.7948
94.8798
94.9646
95.0481
95.1322
95.2145
95.298
95.3789
95.4605
95.5399
95.6194
95.6972
95.7739
95.8499
95.9236
95.9972
96.0682
96.1388
96.2069
96.2741
96.3393
96.4027
96.4647
96.5243
96.5827
96.6384
96.6928
96.7444
96.7946
96.8419
96.8874
96.9302
96.9709
97.0089
97.0446
97.0778
97.1084
97.1365
97.1619
97.1849
97.205
97.2228
97.2375
97.25
97.2592
97.2664
97.2701
97.2719
96.159
96.1576
96.1531
96.1459
96.1356
96.1225
96.1065
96.0876
96.066
96.0414
96.0143
95.9841
95.9517
95.9161
95.8786
95.8377
95.7953
95.7493
95.702
95.6512
95.5991
95.5439
95.4871
95.4278
95.3664
95.3034
95.2378
95.1713
95.1018
95.0318
94.9588
94.8852
94.8093
94.7322
94.6537
94.5735
94.4927
94.4097
94.327
94.2415
94.157
94.0701
93.9839
93.8955
93.8074
93.7184
93.6293
93.5397
93.4495
93.359
93.2681
93.1775
93.0868
92.9964
92.9056
92.8152
92.7249
92.6356
92.5466
92.4583
92.3701
92.283
92.1968
92.112
92.0277
91.9445
91.8624
91.7823
91.7031
91.6253
91.5489
91.4747
91.4019
91.3307
91.2613
91.1945
91.129
91.0657
91.0049
90.946
90.8891
90.8354
90.783
90.7339
90.6868
90.6424
90.6006
90.5616
90.5252
90.4916
90.4608
90.4328
90.4077
90.3855
90.3662
90.3499
90.3364
90.326
90.3185
90.314
90.3126
90.314
90.3185
90.326
90.3364
90.3499
90.3662
90.3855
90.4077
90.4328
90.4608
90.4916
90.5252
90.5616
90.6006
90.6424
90.6868
90.7339
90.783
90.8354
90.8891
90.946
91.0049
91.0657
91.129
91.1945
91.2613
91.3307
91.4019
91.4747
91.5489
91.6253
91.7031
91.7823
91.8624
91.9445
92.0277
92.112
92.1968
92.283
92.3701
92.4583
92.5466
92.6356
92.7249
92.8152
92.9056
92.9964
93.0868
93.1775
93.2681
93.359
93.4495
93.5397
93.6293
93.7184
93.8074
93.8955
93.9839
94.0701
94.157
94.2415
94.327
94.4097
94.4927
94.5735
94.6537
94.7322
94.8093
94.8852
94.9588
95.0318
95.1018
95.1713
95.2378
95.3034
95.3664
95.4278
95.4871
95.5439
95.5991
95.6512
95.702
95.7493
95.7953
95.8377
95.8786
95.9161
95.9517
95.9841
96.0143
96.0414
96.066
96.0876
96.1065
96.1225
96.1356
96.1459
96.1531
96.1576
96.159
95.0473
95.0462
95.0411
95.0338
95.0225
95.0091
94.9917
94.9722
94.9487
94.9233
94.894
94.8627
94.8277
94.7908
94.7504
94.7079
94.6624
94.6146
94.5641
94.5111
94.456
94.398
94.3384
94.2756
94.2116
94.1443
94.0761
94.0048
93.9325
93.8576
93.7814
93.7032
93.6232
93.5422
93.4586
93.3752
93.2887
93.2028
93.1141
93.0259
92.9351
92.8447
92.7529
92.6609
92.5677
92.4738
92.3794
92.2845
92.1897
92.0943
91.9988
91.9027
91.8068
91.7109
91.6156
91.5204
91.4255
91.3306
91.2365
91.1431
91.0509
90.959
90.8679
90.7777
90.6892
90.6017
90.5154
90.43
90.3466
90.2649
90.1846
90.1056
90.0289
89.9542
89.8811
89.8098
89.7414
89.6747
89.6101
89.5481
89.4887
89.431
89.3768
89.3243
89.275
89.228
89.184
89.1428
89.1044
89.069
89.0365
89.007
88.9805
88.957
88.9367
88.9194
88.9053
88.8943
88.8864
88.8816
88.8801
88.8816
88.8864
88.8943
88.9053
88.9194
88.9367
88.957
88.9805
89.007
89.0365
89.069
89.1044
89.1428
89.184
89.228
89.275
89.3243
89.3768
89.431
89.4887
89.5481
89.6101
89.6747
89.7414
89.8098
89.8811
89.9542
90.0289
90.1056
90.1846
90.2649
90.3466
90.43
90.5154
90.6017
90.6892
90.7777
90.8679
90.959
91.0509
91.1431
91.2365
91.3306
91.4255
91.5204
91.6156
91.7109
91.8068
91.9027
91.9988
92.0943
92.1897
92.2845
92.3794
92.4738
92.5677
92.6609
92.7529
92.8447
92.9351
93.0259
93.1141
93.2028
93.2887
93.3752
93.4586
93.5422
93.6232
93.7032
93.7814
93.8576
93.9325
94.0048
94.0761
94.1443
94.2116
94.2756
94.3384
94.398
94.456
94.5111
94.5641
94.6146
94.6624
94.7079
94.7504
94.7908
94.8277
94.8627
94.894
94.9233
94.9487
94.9722
94.9917
95.0091
95.0225
95.0338
95.0411
95.0462
95.0473
93.9358
93.9339
93.9293
93.921
93.91
93.8953
93.8778
93.8569
93.833
93.8059
93.7758
93.7426
93.7063
93.6673
93.6251
93.5804
93.5324
93.4823
93.4288
93.3736
93.3149
93.2547
93.1909
93.1259
93.0573
92.9875
92.9147
92.8402
92.7636
92.6847
92.6048
92.5218
92.4386
92.3522
92.2658
92.1764
92.0873
91.9953
91.9035
91.8097
91.7155
91.6197
91.5232
91.4258
91.3279
91.2295
91.1301
91.0304
90.9298
90.8293
90.7285
90.628
90.5271
90.4263
90.3253
90.2249
90.125
90.0258
89.9267
89.8283
89.7305
89.6341
89.5386
89.4441
89.3502
89.258
89.1673
89.0782
88.99
88.9036
88.8192
88.7368
88.6557
88.5767
88.5001
88.4256
88.3528
88.2829
88.2153
88.1498
88.0869
88.0271
87.9691
87.9147
87.8623
87.8132
87.7668
87.7234
87.6831
87.6458
87.6116
87.5806
87.5527
87.528
87.5066
87.4885
87.4736
87.462
87.4537
87.4487
87.4471
87.4487
87.4537
87.462
87.4736
87.4885
87.5066
87.528
87.5527
87.5806
87.6116
87.6458
87.6831
87.7234
87.7668
87.8132
87.8623
87.9147
87.9691
88.0271
88.0869
88.1498
88.2153
88.2829
88.3528
88.4256
88.5001
88.5767
88.6557
88.7368
88.8192
88.9036
88.99
89.0782
89.1673
89.258
89.3502
89.4441
89.5386
89.6341
89.7305
89.8283
89.9267
90.0258
90.125
90.2249
90.3253
90.4263
90.5271
90.628
90.7285
90.8293
90.9298
91.0304
91.1301
91.2295
91.3279
91.4258
91.5232
91.6197
91.7155
91.8097
91.9035
91.9953
92.0873
92.1764
92.2658
92.3522
92.4386
92.5218
92.6048
92.6847
92.7636
92.8402
92.9147
92.9875
93.0573
93.1259
93.1909
93.2547
93.3149
93.3736
93.4288
93.4823
93.5324
93.5804
93.6251
93.6673
93.7063
93.7426
93.7758
93.8059
93.833
93.8569
93.8778
93.8953
93.91
93.921
93.9293
93.9339
93.9358
92.8287
92.8269
92.822
92.8134
92.8019
92.7865
92.7684
92.7464
92.7218
92.6931
92.6622
92.6269
92.5897
92.548
92.5047
92.4568
92.4074
92.3537
92.2984
92.2392
92.1782
92.1139
92.0474
91.9783
91.9067
91.8329
91.7564
91.6783
91.5972
91.5152
91.4299
91.3444
91.2553
91.1664
91.0742
90.9818
90.8871
90.7918
90.6943
90.5962
90.4968
90.3966
90.2953
90.1929
90.0897
89.9856
89.8813
89.7764
89.6713
89.5654
89.4594
89.3529
89.247
89.1411
89.0356
88.9298
88.8246
88.7197
88.6159
88.5127
88.4103
88.3084
88.2078
88.1083
88.0104
87.9134
87.8177
87.7236
87.6315
87.5409
87.4519
87.3647
87.2801
87.1972
87.1163
87.0378
86.9621
86.8881
86.8168
86.7484
86.6824
86.6189
86.5589
86.5008
86.4464
86.3945
86.3459
86.3002
86.2578
86.2186
86.1827
86.15
86.1208
86.0948
86.0723
86.0532
86.0376
86.0254
86.0167
86.0114
86.0097
86.0114
86.0167
86.0254
86.0376
86.0532
86.0723
86.0948
86.1208
86.15
86.1827
86.2186
86.2578
86.3002
86.3459
86.3945
86.4464
86.5008
86.5589
86.6189
86.6824
86.7484
86.8168
86.8881
86.9621
87.0378
87.1163
87.1972
87.2801
87.3647
87.4519
87.5409
87.6315
87.7236
87.8177
87.9134
88.0104
88.1083
88.2078
88.3084
88.4103
88.5127
88.6159
88.7197
88.8246
88.9298
89.0356
89.1411
89.247
89.3529
89.4594
89.5654
89.6713
89.7764
89.8813
89.9856
90.0897
90.1929
90.2953
90.3966
90.4968
90.5962
90.6943
90.7918
90.8871
90.9818
91.0742
91.1664
91.2553
91.3444
91.4299
91.5152
91.5972
91.6783
91.7564
91.8329
91.9067
91.9783
92.0474
92.1139
92.1782
92.2392
92.2984
92.3537
92.4074
92.4568
92.5047
92.548
92.5897
92.6269
92.6622
92.6931
92.7218
92.7464
92.7684
92.7865
92.8019
92.8134
92.822
92.8269
92.8287
91.7284
91.7271
91.7213
91.7129
91.7
91.6845
91.6647
91.6422
91.6154
91.5861
91.5525
91.5164
91.4762
91.4335
91.3868
91.3377
91.2846
91.2292
91.1702
91.1086
91.0439
90.9765
90.9067
90.8336
90.759
90.6807
90.6016
90.5185
90.4349
90.3475
90.2596
90.1684
90.0767
89.982
89.8868
89.7889
89.69
89.5896
89.488
89.3848
89.2802
89.1747
89.0681
88.9609
88.8526
88.7436
88.6335
88.5232
88.4123
88.3015
88.1902
88.079
87.9672
87.8558
87.7444
87.6339
87.5235
87.4137
87.3041
87.1955
87.0879
86.9815
86.8758
86.7712
86.6677
86.5662
86.466
86.3672
86.2698
86.1748
86.0816
85.9903
85.9007
85.8138
85.7292
85.6467
85.5664
85.4894
85.4145
85.3422
85.273
85.2067
85.1428
85.0828
85.0249
84.9708
84.9195
84.8717
84.8271
84.7859
84.7481
84.7138
84.683
84.6558
84.6321
84.6121
84.5956
84.5828
84.5737
84.5682
84.5663
84.5682
84.5737
84.5828
84.5956
84.6121
84.6321
84.6558
84.683
84.7138
84.7481
84.7859
84.8271
84.8717
84.9195
84.9708
85.0249
85.0828
85.1428
85.2067
85.273
85.3422
85.4145
85.4894
85.5664
85.6467
85.7292
85.8138
85.9007
85.9903
86.0816
86.1748
86.2698
86.3672
86.466
86.5662
86.6677
86.7712
86.8758
86.9815
87.0879
87.1955
87.3041
87.4137
87.5235
87.6339
87.7444
87.8558
87.9672
88.079
88.1902
88.3015
88.4123
88.5232
88.6335
88.7436
88.8526
88.9609
89.0681
89.1747
89.2802
89.3848
89.488
89.5896
89.69
89.7889
89.8868
89.982
90.0767
90.1684
90.2596
90.3475
90.4349
90.5185
90.6016
90.6807
90.759
90.8336
90.9067
90.9765
91.0439
91.1086
91.1702
91.2292
91.2846
91.3377
91.3868
91.4335
91.4762
91.5164
91.5525
91.5861
91.6154
91.6422
91.6647
91.6845
91.7
91.7129
91.7213
91.7271
91.7284
90.6345
90.632
90.6269
90.6169
90.6042
90.5868
90.5665
90.5418
90.5142
90.4823
90.4474
90.4087
90.3667
90.3213
90.2724
90.2205
90.1649
90.1067
90.0446
89.9804
89.9122
89.8422
89.7681
89.6927
89.6132
89.5328
89.4484
89.3631
89.2741
89.1842
89.0909
88.9967
88.8996
88.8012
88.7008
88.5988
88.4949
88.3894
88.2826
88.1745
88.0653
87.9544
87.8426
87.7295
87.6158
87.5014
87.3865
87.2707
87.1546
87.0377
86.9209
86.8039
86.6873
86.5705
86.4539
86.3373
86.2214
86.1061
85.9918
85.8778
85.7648
85.6525
85.5419
85.4324
85.3242
85.217
85.1117
85.0082
84.9067
84.8065
84.7084
84.6126
84.5193
84.4276
84.3386
84.2522
84.1684
84.0868
84.0085
83.933
83.86
83.7903
83.7239
83.6599
83.6
83.5427
83.4892
83.4388
83.392
83.3488
83.3091
83.2731
83.2408
83.2122
83.1874
83.1663
83.1491
83.1356
83.126
83.1202
83.1183
83.1202
83.126
83.1356
83.1491
83.1663
83.1874
83.2122
83.2408
83.2731
83.3091
83.3488
83.392
83.4388
83.4892
83.5427
83.6
83.6599
83.7239
83.7903
83.86
83.933
84.0085
84.0868
84.1684
84.2522
84.3386
84.4276
84.5193
84.6126
84.7084
84.8065
84.9067
85.0082
85.1117
85.217
85.3242
85.4324
85.5419
85.6525
85.7648
85.8778
85.9918
86.1061
86.2214
86.3373
86.4539
86.5705
86.6873
86.8039
86.9209
87.0377
87.1546
87.2707
87.3865
87.5014
87.6158
87.7295
87.8426
87.9544
88.0653
88.1745
88.2826
88.3894
88.4949
88.5988
88.7008
88.8012
88.8996
88.9967
89.0909
89.1842
89.2741
89.3631
89.4484
89.5328
89.6132
89.6927
89.7681
89.8422
89.9122
89.9804
90.0446
90.1067
90.1649
90.2205
90.2724
90.3213
90.3667
90.4087
90.4474
90.4823
90.5142
90.5418
90.5665
90.5868
90.6042
90.6169
90.6269
90.632
90.6345
89.5413
89.5394
89.5333
89.5234
89.5094
89.4915
89.4698
89.444
89.4147
89.3811
89.3444
89.3034
89.2595
89.2112
89.1604
89.1052
89.0478
88.9859
88.9221
88.8538
88.7838
88.7094
88.6335
88.5532
88.4718
88.3861
88.2994
88.2089
88.1171
88.0221
87.9254
87.8261
87.7251
87.6217
87.5165
87.4097
87.3011
87.1908
87.0786
86.9652
86.8503
86.7345
86.6174
86.4995
86.3801
86.2601
86.1392
86.0181
85.8964
85.7746
85.6522
85.5297
85.4069
85.2846
85.1625
85.041
84.9195
84.7986
84.6783
84.5592
84.441
84.3239
84.2075
84.0926
83.9792
83.8676
83.7572
83.6486
83.5417
83.4374
83.3348
83.2342
83.1359
83.0405
82.9473
82.8565
82.7685
82.6837
82.6012
82.5219
82.4459
82.3727
82.3027
82.2366
82.173
82.1135
82.0571
82.0045
81.9554
81.9101
81.8686
81.8309
81.797
81.7671
81.741
81.7189
81.7008
81.6868
81.6767
81.6706
81.6686
81.6706
81.6767
81.6868
81.7008
81.7189
81.741
81.7671
81.797
81.8309
81.8686
81.9101
81.9554
82.0045
82.0571
82.1135
82.173
82.2366
82.3027
82.3727
82.4459
82.5219
82.6012
82.6837
82.7685
82.8565
82.9473
83.0405
83.1359
83.2342
83.3348
83.4374
83.5417
83.6486
83.7572
83.8676
83.9792
84.0926
84.2075
84.3239
84.441
84.5592
84.6783
84.7986
84.9195
85.041
85.1625
85.2846
85.4069
85.5297
85.6522
85.7746
85.8964
86.0181
86.1392
86.2601
86.3801
86.4995
86.6174
86.7345
86.8503
86.9652
87.0786
87.1908
87.3011
87.4097
87.5165
87.6217
87.7251
87.8261
87.9254
88.0221
88.1171
88.2089
88.2994
88.3861
88.4718
88.5532
88.6335
88.7094
88.7838
88.8538
88.9221
88.9859
89.0478
89.1052
89.1604
89.2112
89.2595
89.3034
89.3444
89.3811
89.4147
89.444
89.4698
89.4915
89.5094
89.5234
89.5333
89.5394
89.5413
88.4471
88.4453
88.4388
88.4287
88.4139
88.3956
88.3726
88.3462
88.315
88.2808
88.2416
88.1997
88.1528
88.1036
88.0492
87.9929
87.9314
87.8683
87.8001
87.7304
87.656
87.5797
87.4993
87.4169
87.3307
87.2424
87.1507
87.0572
86.9603
86.8617
86.7603
86.6565
86.5509
86.4428
86.3328
86.2206
86.107
85.9915
85.8747
85.7559
85.6359
85.5142
85.3917
85.2679
85.1436
85.0182
84.8922
84.7652
84.6378
84.5099
84.3823
84.2543
84.1265
83.9983
83.8705
83.7429
83.6163
83.4901
83.3648
83.2398
83.116
82.9933
82.8723
82.7522
82.6336
82.5163
82.4012
82.2879
82.1764
82.0667
81.9595
81.8547
81.7521
81.6517
81.5544
81.4598
81.3678
81.2786
81.1929
81.11
81.0301
80.9539
80.8809
80.811
80.7454
80.6826
80.624
80.5688
80.5176
80.4702
80.4268
80.3874
80.3519
80.3206
80.2934
80.2703
80.2514
80.2366
80.2261
80.2198
80.2177
80.2198
80.2261
80.2366
80.2514
80.2703
80.2934
80.3206
80.3519
80.3874
80.4268
80.4702
80.5176
80.5688
80.624
80.6826
80.7454
80.811
80.8809
80.9539
81.0301
81.11
81.1929
81.2786
81.3678
81.4598
81.5544
81.6517
81.7521
81.8547
81.9595
82.0667
82.1764
82.2879
82.4012
82.5163
82.6336
82.7522
82.8723
82.9933
83.116
83.2398
83.3648
83.4901
83.6163
83.7429
83.8705
83.9983
84.1265
84.2543
84.3823
84.5099
84.6378
84.7652
84.8922
85.0182
85.1436
85.2679
85.3917
85.5142
85.6359
85.7559
85.8747
85.9915
86.107
86.2206
86.3328
86.4428
86.5509
86.6565
86.7603
86.8617
86.9603
87.0572
87.1507
87.2424
87.3307
87.4169
87.4993
87.5797
87.656
87.7304
87.8001
87.8683
87.9314
87.9929
88.0492
88.1036
88.1528
88.1997
88.2416
88.2808
88.315
88.3462
88.3726
88.3956
88.4139
88.4287
88.4388
88.4453
88.4471
87.3548
87.3522
87.3463
87.3351
87.3206
87.3009
87.278
87.2499
87.2186
87.1822
87.1427
87.0982
87.0506
86.9982
86.943
86.883
86.8204
86.7531
86.6835
86.6093
86.533
86.4524
86.3694
86.2827
86.1933
86.1008
86.0054
85.9072
85.8064
85.7029
85.5971
85.4887
85.3778
85.2652
85.1501
85.0333
84.9141
84.7934
84.6707
84.547
84.4215
84.2949
84.1668
84.0377
83.9072
83.7762
83.6443
83.5122
83.3793
83.2461
83.1122
82.9784
82.8446
82.7113
82.5779
82.4451
82.3123
82.1804
82.0493
81.9194
81.7902
81.6621
81.5351
81.4098
81.2861
81.1641
81.0435
80.925
80.8086
80.6945
80.5823
80.4726
80.3655
80.2612
80.1592
80.0602
79.9643
79.8715
79.7814
79.695
79.6119
79.5319
79.4557
79.3833
79.3139
79.2491
79.1874
79.13
79.0764
79.027
78.9816
78.9404
78.9034
78.8707
78.8423
78.8182
78.7984
78.783
78.772
78.7654
78.7632
78.7654
78.772
78.783
78.7984
78.8182
78.8423
78.8707
78.9034
78.9404
78.9816
79.027
79.0764
79.13
79.1874
79.2491
79.3139
79.3833
79.4557
79.5319
79.6119
79.695
79.7814
79.8715
79.9643
80.0602
80.1592
80.2612
80.3655
80.4726
80.5823
80.6945
80.8086
80.925
81.0435
81.1641
81.2861
81.4098
81.5351
81.6621
81.7902
81.9194
82.0493
82.1804
82.3123
82.4451
82.5779
82.7113
82.8446
82.9784
83.1122
83.2461
83.3793
83.5122
83.6443
83.7762
83.9072
84.0377
84.1668
84.2949
84.4215
84.547
84.6707
84.7934
84.9141
85.0333
85.1501
85.2652
85.3778
85.4887
85.5971
85.7029
85.8064
85.9072
86.0054
86.1008
86.1933
86.2827
86.3694
86.4524
86.533
86.6093
86.6835
86.7531
86.8204
86.883
86.943
86.9982
87.0506
87.0982
87.1427
87.1822
87.2186
87.2499
87.278
87.3009
87.3206
87.3351
87.3463
87.3522
87.3548
86.2649
86.2633
86.256
86.2456
86.2296
86.2103
86.1856
86.1575
86.1242
86.0875
86.0458
86.0006
85.9505
85.897
85.8389
85.7774
85.7114
85.6422
85.5688
85.4922
85.4118
85.3283
85.2411
85.151
85.0575
84.961
84.8614
84.7588
84.6535
84.5453
84.4348
84.3216
84.2061
84.0879
83.9679
83.8455
83.7216
83.5956
83.4679
83.3382
83.2072
83.0746
82.9411
82.8064
82.6708
82.5339
82.3964
82.2579
82.1193
81.9801
81.8411
81.7015
81.562
81.4222
81.2831
81.1443
81.0064
80.8688
80.7319
80.5958
80.4611
80.3276
80.1955
80.0645
79.9352
79.8076
79.6823
79.5586
79.4369
79.3174
79.2008
79.0864
78.9745
78.8652
78.7592
78.6559
78.5555
78.4584
78.365
78.2744
78.1875
78.1044
78.0247
77.9487
77.877
77.8085
77.7447
77.6845
77.6288
77.577
77.5297
77.4867
77.4481
77.4139
77.3842
77.359
77.3384
77.3223
77.3108
77.3039
77.3016
77.3039
77.3108
77.3223
77.3384
77.359
77.3842
77.4139
77.4481
77.4867
77.5297
77.577
77.6288
77.6845
77.7447
77.8085
77.877
77.9487
78.0247
78.1044
78.1875
78.2744
78.365
78.4584
78.5555
78.6559
78.7592
78.8652
78.9745
79.0864
79.2008
79.3174
79.4369
79.5586
79.6823
79.8076
79.9352
80.0645
80.1955
80.3276
80.4611
80.5958
80.7319
80.8688
81.0064
81.1443
81.2831
81.4222
81.562
81.7015
81.8411
81.9801
82.1193
82.2579
82.3964
82.5339
82.6708
82.8064
82.9411
83.0746
83.2072
83.3382
83.4679
83.5956
83.7216
83.8455
83.9679
84.0879
84.2061
84.3216
84.4348
84.5453
84.6535
84.7588
84.8614
84.961
85.0575
85.151
85.2411
85.3283
85.4118
85.4922
85.5688
85.6422
85.7114
85.7774
85.8389
85.897
85.9505
86.0006
86.0458
86.0875
86.1242
86.1575
86.1856
86.2103
86.2296
86.2456
86.256
86.2633
86.2649
85.1839
85.1812
85.1747
85.1628
85.1471
85.1261
85.1013
85.0713
85.0374
84.9987
84.9558
84.9084
84.8568
84.8009
84.7408
84.6765
84.6081
84.5357
84.4595
84.3793
84.2956
84.2082
84.1174
84.0231
83.9255
83.8248
83.7207
83.6138
83.5037
83.391
83.2752
83.1572
83.0366
82.9138
82.7882
82.6607
82.5308
82.3994
82.266
82.1313
81.9946
81.8567
81.717
81.5763
81.4345
81.2921
81.1486
81.0047
80.8599
80.7147
80.569
80.4236
80.2781
80.1329
79.9876
79.8428
79.6983
79.5549
79.4122
79.2707
79.1298
78.9903
78.8521
78.7158
78.581
78.4479
78.3165
78.1875
78.0608
77.9363
77.8139
77.6945
77.5779
77.4641
77.3528
77.245
77.1405
77.0392
76.941
76.8469
76.7561
76.669
76.5859
76.5068
76.4313
76.3606
76.2933
76.2308
76.1723
76.1184
76.0689
76.024
75.9836
75.9479
75.9169
75.8906
75.869
75.8522
75.8402
75.833
75.8306
75.833
75.8402
75.8522
75.869
75.8906
75.9169
75.9479
75.9836
76.024
76.0689
76.1184
76.1723
76.2308
76.2933
76.3606
76.4313
76.5068
76.5859
76.669
76.7561
76.8469
76.941
77.0392
77.1405
77.245
77.3528
77.4641
77.5779
77.6945
77.8139
77.9363
78.0608
78.1875
78.3165
78.4479
78.581
78.7158
78.8521
78.9903
79.1298
79.2707
79.4122
79.5549
79.6983
79.8428
79.9876
80.1329
80.2781
80.4236
80.569
80.7147
80.8599
81.0047
81.1486
81.2921
81.4345
81.5763
81.717
81.8567
81.9946
82.1313
82.266
82.3994
82.5308
82.6607
82.7882
82.9138
83.0366
83.1572
83.2752
83.391
83.5037
83.6138
83.7207
83.8248
83.9255
84.0231
84.1174
84.2082
84.2956
84.3793
84.4595
84.5357
84.6081
84.6765
84.7408
84.8009
84.8568
84.9084
84.9558
84.9987
85.0374
85.0713
85.1013
85.1261
85.1471
85.1628
85.1747
85.1812
85.1839
84.1096
84.1075
84.1
84.0882
84.0711
84.0497
84.0231
83.9923
83.9564
83.9162
83.8712
83.8218
83.768
83.7095
83.647
83.5798
83.5088
83.4332
83.3539
83.2702
83.1829
83.0916
82.9968
82.8984
82.7965
82.6913
82.583
82.4711
82.3566
82.2388
82.1184
81.9949
81.8691
81.7407
81.6103
81.4773
81.3425
81.2051
81.0661
80.9251
80.7828
80.6388
80.4938
80.3472
80.1996
80.0506
79.901
79.7506
79.5999
79.4487
79.2973
79.1453
78.9934
78.8415
78.6903
78.5394
78.3891
78.2391
78.0901
77.9421
77.7955
77.6501
77.5061
77.3633
77.2226
77.0837
76.947
76.8121
76.6795
76.5495
76.4223
76.2974
76.1753
76.0563
75.9407
75.8279
75.7185
75.6127
75.5106
75.4117
75.317
75.2262
75.1392
75.0564
74.978
74.9034
74.8338
74.768
74.7072
74.6507
74.599
74.5521
74.5099
74.4726
74.4401
74.4126
74.3901
74.3725
74.36
74.3524
74.3499
74.3524
74.36
74.3725
74.3901
74.4126
74.4401
74.4726
74.5099
74.5521
74.599
74.6507
74.7072
74.768
74.8338
74.9034
74.978
75.0564
75.1392
75.2262
75.317
75.4117
75.5106
75.6127
75.7185
75.8279
75.9407
76.0563
76.1753
76.2974
76.4223
76.5495
76.6795
76.8121
76.947
77.0837
77.2226
77.3633
77.5061
77.6501
77.7955
77.9421
78.0901
78.2391
78.3891
78.5394
78.6903
78.8415
78.9934
79.1453
79.2973
79.4487
79.5999
79.7506
79.901
80.0506
80.1996
80.3472
80.4938
80.6388
80.7828
80.9251
81.0661
81.2051
81.3425
81.4773
81.6103
81.7407
81.8691
81.9949
82.1184
82.2388
82.3566
82.4711
82.583
82.6913
82.7965
82.8984
82.9968
83.0916
83.1829
83.2702
83.3539
83.4332
83.5088
83.5798
83.647
83.7095
83.768
83.8218
83.8712
83.9162
83.9564
83.9923
84.0231
84.0497
84.0711
84.0882
84.1
84.1075
84.1096
83.0454
83.0427
83.0352
83.0223
83.0047
82.9818
82.9542
82.9215
82.884
82.8416
82.7944
82.7426
82.6861
82.6252
82.5595
82.4897
82.4151
82.3367
82.2535
82.1667
82.0752
81.9804
81.8812
81.7787
81.6723
81.5626
81.4495
81.3332
81.2134
81.091
80.9653
80.8372
80.7059
80.5722
80.4358
80.2973
80.1565
80.0139
79.8691
79.7226
79.5741
79.4241
79.2724
79.1198
78.9659
78.8112
78.6553
78.4987
78.3412
78.1835
78.0253
77.8674
77.7091
77.5511
77.393
77.2354
77.0784
76.9225
76.7672
76.6129
76.4595
76.3077
76.1574
76.0089
75.8619
75.7168
75.5737
75.4333
75.295
75.1592
75.0258
74.8957
74.7684
74.6441
74.5228
74.4053
74.2912
74.1804
74.0735
73.9707
73.8715
73.7764
73.6858
73.5992
73.5169
73.4396
73.3661
73.2979
73.234
73.1752
73.1211
73.072
73.0279
72.9889
72.9549
72.9262
72.9026
72.8842
72.8711
72.8632
72.8606
72.8632
72.8711
72.8842
72.9026
72.9262
72.9549
72.9889
73.0279
73.072
73.1211
73.1752
73.234
73.2979
73.3661
73.4396
73.5169
73.5992
73.6858
73.7764
73.8715
73.9707
74.0735
74.1804
74.2912
74.4053
74.5228
74.6441
74.7684
74.8957
75.0258
75.1592
75.295
75.4333
75.5737
75.7168
75.8619
76.0089
76.1574
76.3077
76.4595
76.6129
76.7672
76.9225
77.0784
77.2354
77.393
77.5511
77.7091
77.8674
78.0253
78.1835
78.3412
78.4987
78.6553
78.8112
78.9659
79.1198
79.2724
79.4241
79.5741
79.7226
79.8691
80.0139
80.1565
80.2973
80.4358
80.5722
80.7059
80.8372
80.9653
81.091
81.2134
81.3332
81.4495
81.5626
81.6723
81.7787
81.8812
81.9804
82.0752
82.1667
82.2535
82.3367
82.4151
82.4897
82.5595
82.6252
82.6861
82.7426
82.7944
82.8416
82.884
82.9215
82.9542
82.9818
83.0047
83.0223
83.0352
83.0427
83.0454
81.9881
81.9855
81.9774
81.9641
81.9453
81.9214
81.8921
81.8577
81.8182
81.7736
81.7242
81.6696
81.6106
81.5464
81.478
81.4045
81.3271
81.2446
81.1584
81.0673
80.9725
80.8731
80.7702
80.663
80.5524
80.4379
80.3202
80.1989
80.0746
79.9465
79.8159
79.682
79.5457
79.4065
79.265
79.1206
78.9742
78.8251
78.6744
78.5216
78.3674
78.2113
78.0539
77.8946
77.7343
77.5727
77.4105
77.2474
77.0838
76.9195
76.7549
76.5898
76.4248
76.26
76.0957
75.9315
75.768
75.6049
75.4429
75.282
75.1226
74.9642
74.8073
74.6519
74.4988
74.3476
74.1985
74.0514
73.9071
73.7655
73.6267
73.4904
73.3574
73.2277
73.1015
72.9783
72.859
72.7436
72.632
72.5241
72.4209
72.3216
72.2266
72.1363
72.0506
71.9691
71.8931
71.8212
71.7548
71.6931
71.6367
71.5853
71.5392
71.4984
71.463
71.4329
71.4083
71.3891
71.3754
71.3671
71.3644
71.3671
71.3754
71.3891
71.4083
71.4329
71.463
71.4984
71.5392
71.5853
71.6367
71.6931
71.7548
71.8212
71.8931
71.9691
72.0506
72.1363
72.2266
72.3216
72.4209
72.5241
72.632
72.7436
72.859
72.9783
73.1015
73.2277
73.3574
73.4904
73.6267
73.7655
73.9071
74.0514
74.1985
74.3476
74.4988
74.6519
74.8073
74.9642
75.1226
75.282
75.4429
75.6049
75.768
75.9315
76.0957
76.26
76.4248
76.5898
76.7549
76.9195
77.0838
77.2474
77.4105
77.5727
77.7343
77.8946
78.0539
78.2113
78.3674
78.5216
78.6744
78.8251
78.9742
79.1206
79.265
79.4065
79.5457
79.682
79.8159
79.9465
80.0746
80.1989
80.3202
80.4379
80.5524
80.663
80.7702
80.8731
80.9725
81.0673
81.1584
81.2446
81.3271
81.4045
81.478
81.5464
81.6106
81.6696
81.7242
81.7736
81.8182
81.8577
81.8921
81.9214
81.9453
81.9641
81.9774
81.9855
81.9881
80.9376
80.9347
80.9263
80.9121
80.8925
80.8672
80.8365
80.8003
80.7588
80.712
80.6599
80.6028
80.5406
80.4736
80.4016
80.3252
80.2437
80.1581
80.0675
79.9732
79.8737
79.7708
79.6631
79.5519
79.4364
79.3174
79.1945
79.0684
78.9388
78.8062
78.67
78.5311
78.3887
78.2439
78.0963
77.9465
77.7941
77.6397
77.4827
77.3239
77.1629
77.0005
76.8363
76.6711
76.5044
76.3366
76.1675
75.9977
75.827
75.656
75.4846
75.3132
75.1414
74.9697
74.7981
74.6272
74.4568
74.2873
74.1185
73.9507
73.7841
73.6191
73.4557
73.2941
73.1341
72.9763
72.8207
72.6678
72.5171
72.3692
72.2241
72.0824
71.9436
71.808
71.676
71.548
71.4234
71.3026
71.1861
71.0739
70.9656
70.862
70.7631
70.6685
70.5789
70.4943
70.4142
70.3398
70.27
70.2058
70.1467
70.0931
70.0449
70.0023
69.9653
69.9339
69.9081
69.8881
69.8737
69.8651
69.8622
69.8651
69.8737
69.8881
69.9081
69.9339
69.9653
70.0023
70.0449
70.0931
70.1467
70.2058
70.27
70.3398
70.4142
70.4943
70.5789
70.6685
70.7631
70.862
70.9656
71.0739
71.1861
71.3026
71.4234
71.548
71.676
71.808
71.9436
72.0824
72.2241
72.3692
72.5171
72.6678
72.8207
72.9763
73.1341
73.2941
73.4557
73.6191
73.7841
73.9507
74.1185
74.2873
74.4568
74.6272
74.7981
74.9697
75.1414
75.3132
75.4846
75.656
75.827
75.9977
76.1675
76.3366
76.5044
76.6711
76.8363
77.0005
77.1629
77.3239
77.4827
77.6397
77.7941
77.9465
78.0963
78.2439
78.3887
78.5311
78.67
78.8062
78.9388
79.0684
79.1945
79.3174
79.4364
79.5519
79.6631
79.7708
79.8737
79.9732
80.0675
80.1581
80.2437
80.3252
80.4016
80.4736
80.5406
80.6028
80.6599
80.712
80.7588
80.8003
80.8365
80.8672
80.8925
80.9121
80.9263
80.9347
80.9376
79.8917
79.8887
79.8798
79.865
79.8443
79.8178
79.7856
79.7476
79.7041
79.6549
79.6004
79.5404
79.4754
79.4051
79.3299
79.2496
79.1648
79.075
78.981
78.882
78.7791
78.6712
78.5598
78.4435
78.3238
78.1999
78.0724
77.9409
77.8061
77.6677
77.5265
77.3819
77.2346
77.0839
76.9307
76.7746
76.6161
76.4552
76.2924
76.1272
75.9604
75.7915
75.621
75.4487
75.2753
75.1006
74.9251
74.7486
74.5714
74.3934
74.215
74.0362
73.8576
73.679
73.5008
73.3227
73.1453
72.9685
72.7929
72.6183
72.4451
72.273
72.1027
71.9341
71.7678
71.6034
71.4413
71.2815
71.1247
70.9706
70.8195
70.6712
70.5266
70.3855
70.248
70.1139
69.9842
69.8584
69.7368
69.6194
69.5069
69.3986
69.2952
69.1968
69.1032
69.0146
68.9316
68.8533
68.7809
68.7136
68.6521
68.5961
68.5458
68.5013
68.4627
68.4299
68.403
68.382
68.3671
68.3581
68.3551
68.3581
68.3671
68.382
68.403
68.4299
68.4627
68.5013
68.5458
68.5961
68.6521
68.7136
68.7809
68.8533
68.9316
69.0146
69.1032
69.1968
69.2952
69.3986
69.5069
69.6194
69.7368
69.8584
69.9842
70.1139
70.248
70.3855
70.5266
70.6712
70.8195
70.9706
71.1247
71.2815
71.4413
71.6034
71.7678
71.9341
72.1027
72.273
72.4451
72.6183
72.7929
72.9685
73.1453
73.3227
73.5008
73.679
73.8576
74.0362
74.215
74.3934
74.5714
74.7486
74.9251
75.1006
75.2753
75.4487
75.621
75.7915
75.9604
76.1272
76.2924
76.4552
76.6161
76.7746
76.9307
77.0839
77.2346
77.3819
77.5265
77.6677
77.8061
77.9409
78.0724
78.1999
78.3238
78.4435
78.5598
78.6712
78.7791
78.882
78.981
79.075
79.1648
79.2496
79.3299
79.4051
79.4754
79.5404
79.6004
79.6549
79.7041
79.7476
79.7856
79.8178
79.8443
79.865
79.8798
79.8887
79.8917
78.8492
78.846
78.8368
78.8212
78.7996
78.7718
78.738
78.6982
78.6526
78.6012
78.5441
78.4814
78.4133
78.3399
78.2611
78.1775
78.0886
77.9952
77.8967
77.794
77.6863
77.5747
77.4581
77.3379
77.2128
77.0843
76.9515
76.8154
76.6753
76.5318
76.3847
76.2345
76.081
75.9248
75.7656
75.6039
75.4394
75.2726
75.103
74.9316
74.7578
74.5825
74.4054
74.227
74.0468
73.8654
73.6827
73.4992
73.3148
73.1301
72.9448
72.7593
72.5733
72.3875
72.2019
72.017
71.8325
71.6489
71.466
71.2842
71.1037
70.9251
70.7479
70.5725
70.3989
70.2278
70.0591
69.8931
69.7295
69.5689
69.4115
69.2575
69.1066
68.9594
68.8161
68.6768
68.5413
68.4101
68.2835
68.1613
68.0436
67.931
67.8233
67.7204
67.6229
67.5308
67.4437
67.3627
67.2867
67.2168
67.1525
67.0942
67.0417
66.9954
66.955
66.9208
66.8928
66.8709
66.8553
66.8459
66.8428
66.8459
66.8553
66.8709
66.8928
66.9208
66.955
66.9954
67.0417
67.0942
67.1525
67.2168
67.2867
67.3627
67.4437
67.5308
67.6229
67.7204
67.8233
67.931
68.0436
68.1613
68.2835
68.4101
68.5413
68.6768
68.8161
68.9594
69.1066
69.2575
69.4115
69.5689
69.7295
69.8931
70.0591
70.2278
70.3989
70.5725
70.7479
70.9251
71.1037
71.2842
71.466
71.6489
71.8325
72.017
72.2019
72.3875
72.5733
72.7593
72.9448
73.1301
73.3148
73.4992
73.6827
73.8654
74.0468
74.227
74.4054
74.5825
74.7578
74.9316
75.103
75.2726
75.4394
75.6039
75.7656
75.9248
76.081
76.2345
76.3847
76.5318
76.6753
76.8154
76.9515
77.0843
77.2128
77.3379
77.4581
77.5747
77.6863
77.794
77.8967
77.9952
78.0886
78.1775
78.2611
78.3399
78.4133
78.4814
78.5441
78.6012
78.6526
78.6982
78.738
78.7718
78.7996
78.8212
78.8368
78.846
78.8492
77.812
77.8087
77.799
77.7827
77.7601
77.731
77.6956
77.654
77.6063
77.5525
77.4928
77.4274
77.3562
77.2795
77.1973
77.1099
77.0173
76.9197
76.8174
76.7099
76.5983
76.4816
76.361
76.2355
76.1063
75.9722
75.8346
75.6927
75.5474
75.3983
75.2461
75.0902
74.9313
74.7688
74.6036
74.4353
74.2647
74.0914
73.9159
73.7379
73.558
73.3758
73.192
73.0062
72.8193
72.631
72.4417
72.2512
72.0599
71.8676
71.675
71.4821
71.2893
71.0964
70.9038
70.7112
70.5194
70.3284
70.1385
69.9497
69.7622
69.576
69.3916
69.2093
69.0291
68.851
68.6753
68.5023
68.3324
68.1654
68.0014
67.8408
67.6841
67.5309
67.3816
67.2362
67.0955
66.9589
66.8268
66.6995
66.5772
66.4596
66.3473
66.2404
66.1387
66.0426
65.9523
65.8673
65.7886
65.7155
65.6486
65.5878
65.5332
65.4848
65.4428
65.4071
65.3779
65.3551
65.3388
65.329
65.3258
65.329
65.3388
65.3551
65.3779
65.4071
65.4428
65.4848
65.5332
65.5878
65.6486
65.7155
65.7886
65.8673
65.9523
66.0426
66.1387
66.2404
66.3473
66.4596
66.5772
66.6995
66.8268
66.9589
67.0955
67.2362
67.3816
67.5309
67.6841
67.8408
68.0014
68.1654
68.3324
68.5023
68.6753
68.851
69.0291
69.2093
69.3916
69.576
69.7622
69.9497
70.1385
70.3284
70.5194
70.7112
70.9038
71.0964
71.2893
71.4821
71.675
71.8676
72.0599
72.2512
72.4417
72.631
72.8193
73.0062
73.192
73.3758
73.558
73.7379
73.9159
74.0914
74.2647
74.4353
74.6036
74.7688
74.9313
75.0902
75.2461
75.3983
75.5474
75.6927
75.8346
75.9722
76.1063
76.2355
76.361
76.4816
76.5983
76.7099
76.8174
76.9197
77.0173
77.1099
77.1973
77.2795
77.3562
77.4274
77.4928
77.5525
77.6063
77.654
77.6956
77.731
77.7601
77.7827
77.799
77.8087
77.812
76.7799
76.7765
76.7663
76.7493
76.7256
76.6952
76.6582
76.6148
76.5649
76.5087
76.4463
76.378
76.3037
76.2237
76.1379
76.0469
75.9503
75.8487
75.7419
75.6303
75.5138
75.3929
75.2669
75.137
75.0022
74.8639
74.7207
74.574
74.4229
74.2682
74.1098
73.9482
73.7831
73.6152
73.4438
73.2697
73.0926
72.9129
72.7304
72.5459
72.359
72.1704
71.9798
71.7876
71.5934
71.398
71.2012
71.0035
70.8049
70.6058
70.406
70.2059
70.0053
69.8049
69.6048
69.4052
69.2061
69.0078
68.8101
68.6139
68.419
68.2259
68.0343
67.8447
67.6571
67.4721
67.2896
67.1099
66.9328
66.7591
66.5887
66.4219
66.2584
66.0991
65.9438
65.7928
65.646
65.5039
65.3666
65.2341
65.1065
64.9844
64.8675
64.756
64.6502
64.5502
64.4558
64.3678
64.2855
64.2096
64.1398
64.0765
64.0196
63.9693
63.9255
63.8883
63.8579
63.8342
63.8172
63.807
63.8036
63.807
63.8172
63.8342
63.8579
63.8883
63.9255
63.9693
64.0196
64.0765
64.1398
64.2096
64.2855
64.3678
64.4558
64.5502
64.6502
64.756
64.8675
64.9844
65.1065
65.2341
65.3666
65.5039
65.646
65.7928
65.9438
66.0991
66.2584
66.4219
66.5887
66.7591
66.9328
67.1099
67.2896
67.4721
67.6571
67.8447
68.0343
68.2259
68.419
68.6139
68.8101
69.0078
69.2061
69.4052
69.6048
69.8049
70.0053
70.2059
70.406
70.6058
70.8049
71.0035
71.2012
71.398
71.5934
71.7876
71.9798
72.1704
72.359
72.5459
72.7304
72.9129
73.0926
73.2697
73.4438
73.6152
73.7831
73.9482
74.1098
74.2682
74.4229
74.574
74.7207
74.8639
75.0022
75.137
75.2669
75.3929
75.5138
75.6303
75.7419
75.8487
75.9503
76.0469
76.1379
76.2237
76.3037
76.378
76.4463
76.5087
76.5649
76.6148
76.6582
76.6952
76.7256
76.7493
76.7663
76.7765
76.7799
75.7551
75.7515
75.7409
75.7231
75.6983
75.6665
75.6278
75.5824
75.5302
75.4716
75.4065
75.3351
75.2576
75.1742
75.0849
74.9899
74.8894
74.7835
74.6725
74.5562
74.4352
74.3093
74.179
74.0435
73.904
73.7597
73.6116
73.459
73.3028
73.1425
72.9786
72.8109
72.6399
72.4653
72.2878
72.1069
71.9236
71.7374
71.5487
71.3574
71.1639
70.9679
70.7702
70.5706
70.3696
70.167
69.9633
69.7582
69.5522
69.3453
69.138
68.9303
68.7226
68.5147
68.307
68.0995
67.8928
67.6868
67.4821
67.2783
67.0759
66.8749
66.676
66.4791
66.2845
66.092
65.9023
65.7154
65.5317
65.3511
65.1738
65.0002
64.8306
64.6649
64.5033
64.3461
64.1937
64.0458
63.9028
63.765
63.6325
63.5052
63.3836
63.2677
63.1575
63.0534
62.9555
62.8634
62.7781
62.6989
62.6264
62.5604
62.5012
62.4488
62.4032
62.3646
62.3329
62.3082
62.2905
62.2799
62.2764
62.2799
62.2905
62.3082
62.3329
62.3646
62.4032
62.4488
62.5012
62.5604
62.6264
62.6989
62.7781
62.8634
62.9555
63.0534
63.1575
63.2677
63.3836
63.5052
63.6325
63.765
63.9028
64.0458
64.1937
64.3461
64.5033
64.6649
64.8306
65.0002
65.1738
65.3511
65.5317
65.7154
65.9023
66.092
66.2845
66.4791
66.676
66.8749
67.0759
67.2783
67.4821
67.6868
67.8928
68.0995
68.307
68.5147
68.7226
68.9303
69.138
69.3453
69.5522
69.7582
69.9633
70.167
70.3696
70.5706
70.7702
70.9679
71.1639
71.3574
71.5487
71.7374
71.9236
72.1069
72.2878
72.4653
72.6399
72.8109
72.9786
73.1425
73.3028
73.459
73.6116
73.7597
73.904
74.0435
74.179
74.3093
74.4352
74.5562
74.6725
74.7835
74.8894
74.9899
75.0849
75.1742
75.2576
75.3351
75.4065
75.4716
75.5302
75.5824
75.6278
75.6665
75.6983
75.7231
75.7409
75.7515
75.7551
74.7354
74.7316
74.7204
74.7018
74.6759
74.6426
74.6022
74.5547
74.5002
74.439
74.371
74.2966
74.2158
74.1288
74.0358
73.9369
73.8323
73.7222
73.6067
73.4859
73.3599
73.2291
73.0934
72.9534
72.8085
72.6594
72.5054
72.3476
72.1851
72.0191
71.849
71.6755
71.4983
71.3179
71.1339
70.9469
70.7566
70.5637
70.3679
70.1698
69.9693
69.7667
69.5619
69.3553
69.1467
68.9367
68.7252
68.5129
68.2994
68.0853
67.8703
67.6549
67.4392
67.2236
67.0082
66.7934
66.5789
66.3652
66.1523
65.9409
65.7309
65.5227
65.316
65.1115
64.9092
64.7097
64.5127
64.3185
64.1274
63.9399
63.7559
63.5756
63.399
63.2269
63.0591
62.8958
62.737
62.5834
62.4349
62.2916
62.1536
62.0215
61.8949
61.7743
61.6599
61.5516
61.4495
61.3542
61.265
61.183
61.1074
61.0388
60.9772
60.9227
60.8753
60.835
60.8021
60.7764
60.758
60.747
60.7433
60.747
60.758
60.7764
60.8021
60.835
60.8753
60.9227
60.9772
61.0388
61.1074
61.183
61.265
61.3542
61.4495
61.5516
61.6599
61.7743
61.8949
62.0215
62.1536
62.2916
62.4349
62.5834
62.737
62.8958
63.0591
63.2269
63.399
63.5756
63.7559
63.9399
64.1274
64.3185
64.5127
64.7097
64.9092
65.1115
65.316
65.5227
65.7309
65.9409
66.1523
66.3652
66.5789
66.7934
67.0082
67.2236
67.4392
67.6549
67.8703
68.0853
68.2994
68.5129
68.7252
68.9367
69.1467
69.3553
69.5619
69.7667
69.9693
70.1698
70.3679
70.5637
70.7566
70.9469
71.1339
71.3179
71.4983
71.6755
71.849
72.0191
72.1851
72.3476
72.5054
72.6594
72.8085
72.9534
73.0934
73.2291
73.3599
73.4859
73.6067
73.7222
73.8323
73.9369
74.0358
74.1288
74.2158
74.2966
74.371
74.439
74.5002
74.5547
74.6022
74.6426
74.6759
74.7018
74.7204
74.7316
74.7354
73.7216
73.7177
73.7059
73.6865
73.6592
73.6245
73.5821
73.5325
73.4756
73.4116
73.3407
73.2631
73.1789
73.0882
72.9914
72.8885
72.7797
72.6651
72.545
72.4197
72.2891
72.1532
72.0124
71.8666
71.7165
71.5615
71.4025
71.2387
71.0711
70.899
70.7231
70.5431
70.3596
70.1724
69.9821
69.7883
69.5918
69.3921
69.1897
68.9845
68.7768
68.5667
68.3547
68.1406
67.925
67.7075
67.4888
67.2685
67.0473
66.8251
66.6026
66.3795
66.1562
65.9326
65.7093
65.4862
65.2639
65.0424
64.822
64.6026
64.3846
64.1683
63.9542
63.742
63.5322
63.3248
63.1203
62.9189
62.7208
62.5258
62.3346
62.1474
61.9643
61.7854
61.6109
61.4413
61.2767
61.1169
60.9624
60.8136
60.6704
60.5328
60.4014
60.2761
60.157
60.0444
59.9385
59.8391
59.7468
59.6611
59.5828
59.5114
59.4474
59.3906
59.3413
59.2995
59.2652
59.2385
59.2194
59.2079
59.2041
59.2079
59.2194
59.2385
59.2652
59.2995
59.3413
59.3906
59.4474
59.5114
59.5828
59.6611
59.7468
59.8391
59.9385
60.0444
60.157
60.2761
60.4014
60.5328
60.6704
60.8136
60.9624
61.1169
61.2767
61.4413
61.6109
61.7854
61.9643
62.1474
62.3346
62.5258
62.7208
62.9189
63.1203
63.3248
63.5322
63.742
63.9542
64.1683
64.3846
64.6026
64.822
65.0424
65.2639
65.4862
65.7093
65.9326
66.1562
66.3795
66.6026
66.8251
67.0473
67.2685
67.4888
67.7075
67.925
68.1406
68.3547
68.5667
68.7768
68.9845
69.1897
69.3921
69.5918
69.7883
69.9821
70.1724
70.3596
70.5431
70.7231
70.899
71.0711
71.2387
71.4025
71.5615
71.7165
71.8666
72.0124
72.1532
72.2891
72.4197
72.545
72.6651
72.7797
72.8885
72.9914
73.0882
73.1789
73.2631
73.3407
73.4116
73.4756
73.5325
73.5821
73.6245
73.6592
73.6865
73.7059
73.7177
73.7216
72.715
72.7109
72.6986
72.6782
72.6496
72.6132
72.5689
72.5169
72.4574
72.3906
72.3166
72.2356
72.1478
72.0534
71.9526
71.8455
71.7324
71.6134
71.4886
71.3582
71.2225
71.0817
70.9358
70.785
70.6292
70.4689
70.3036
70.1343
69.9601
69.7823
69.6
69.4142
69.2243
69.0309
68.8338
68.6335
68.4297
68.2231
68.0134
67.8013
67.5865
67.3694
67.1499
66.9284
66.7048
66.4797
66.253
66.0253
65.7963
65.5665
65.3357
65.1046
64.873
64.6416
64.4103
64.1794
63.9488
63.7191
63.4904
63.2631
63.0373
62.8132
62.5908
62.3707
62.153
61.9381
61.7259
61.5168
61.3109
61.1089
60.9105
60.7161
60.5258
60.3402
60.1592
59.983
59.8117
59.646
59.4857
59.3309
59.182
59.0394
58.9027
58.7725
58.6489
58.5319
58.4217
58.3186
58.2224
58.1337
58.052
57.978
57.9113
57.8524
57.8012
57.7577
57.7221
57.6943
57.6744
57.6625
57.6585
57.6625
57.6744
57.6943
57.7221
57.7577
57.8012
57.8524
57.9113
57.978
58.052
58.1337
58.2224
58.3186
58.4217
58.5319
58.6489
58.7725
58.9027
59.0394
59.182
59.3309
59.4857
59.646
59.8117
59.983
60.1592
60.3402
60.5258
60.7161
60.9105
61.1089
61.3109
61.5168
61.7259
61.9381
62.153
62.3707
62.5908
62.8132
63.0373
63.2631
63.4904
63.7191
63.9488
64.1794
64.4103
64.6416
64.873
65.1046
65.3357
65.5665
65.7963
66.0253
66.253
66.4797
66.7048
66.9284
67.1499
67.3694
67.5865
67.8013
68.0134
68.2231
68.4297
68.6335
68.8338
69.0309
69.2243
69.4142
69.6
69.7823
69.9601
70.1343
70.3036
70.4689
70.6292
70.785
70.9358
71.0817
71.2225
71.3582
71.4886
71.6134
71.7324
71.8455
71.9526
72.0534
72.1478
72.2356
72.3166
72.3906
72.4574
72.5169
72.5689
72.6132
72.6496
72.6782
72.6986
72.7109
72.715
71.716
71.7118
71.6988
71.6774
71.6474
71.6092
71.5628
71.5084
71.4461
71.3763
71.299
71.2144
71.123
71.0246
70.9197
70.8083
70.6906
70.5671
70.4376
70.3024
70.1616
70.0153
69.8639
69.7073
69.5461
69.3799
69.2094
69.0339
68.8543
68.6698
68.4815
68.2888
68.0924
67.8922
67.6886
67.4814
67.271
67.0573
66.8406
66.6209
66.3987
66.1738
65.9469
65.7177
65.4868
65.2538
65.0194
64.7834
64.5464
64.3083
64.0697
63.8304
63.5908
63.351
63.1113
62.8719
62.6333
62.3954
62.1585
61.9228
61.6886
61.4562
61.2259
60.9977
60.772
60.5489
60.3289
60.1121
59.8987
59.6888
59.483
59.2813
59.0841
58.8912
58.7032
58.5204
58.3428
58.1705
58.004
57.8435
57.689
57.5405
57.3988
57.2635
57.135
57.0136
56.8992
56.7918
56.6922
56.5997
56.5151
56.4381
56.3689
56.3077
56.2544
56.2093
56.1722
56.1434
56.1228
56.1104
56.1062
56.1104
56.1228
56.1434
56.1722
56.2093
56.2544
56.3077
56.3689
56.4381
56.5151
56.5997
56.6922
56.7918
56.8992
57.0136
57.135
57.2635
57.3988
57.5405
57.689
57.8435
58.004
58.1705
58.3428
58.5204
58.7032
58.8912
59.0841
59.2813
59.483
59.6888
59.8987
60.1121
60.3289
60.5489
60.772
60.9977
61.2259
61.4562
61.6886
61.9228
62.1585
62.3954
62.6333
62.8719
63.1113
63.351
63.5908
63.8304
64.0697
64.3083
64.5464
64.7834
65.0194
65.2538
65.4868
65.7177
65.9469
66.1738
66.3987
66.6209
66.8406
67.0573
67.271
67.4814
67.6886
67.8922
68.0924
68.2888
68.4815
68.6698
68.8543
69.0339
69.2094
69.3799
69.5461
69.7073
69.8639
70.0153
70.1616
70.3024
70.4376
70.5671
70.6906
70.8083
70.9197
71.0246
71.123
71.2144
71.299
71.3763
71.4461
71.5084
71.5628
71.6092
71.6474
71.6774
71.6988
71.7118
71.716
70.7257
70.7212
70.7076
70.685
70.6536
70.6134
70.5647
70.5077
70.4425
70.3694
70.2886
70.2004
70.1049
70.0024
69.8932
69.7774
69.6551
69.5266
69.3921
69.2518
69.1059
68.9545
68.7977
68.6357
68.4685
68.2965
68.1195
67.9382
67.7519
67.5617
67.3668
67.168
66.965
66.7581
66.5474
66.3332
66.1153
65.8945
65.6704
65.4436
65.2139
64.9817
64.7468
64.5097
64.2706
64.0297
63.7872
63.5433
63.2981
63.0519
62.8046
62.5569
62.3088
62.0608
61.8127
61.5649
61.3176
61.0711
60.8256
60.5816
60.3391
60.0983
59.8594
59.6229
59.3889
59.1579
58.9296
58.7047
58.4833
58.2659
58.0524
57.8431
57.6382
57.4384
57.2434
57.0535
56.8691
56.6905
56.5177
56.3509
56.1904
56.0366
55.8892
55.7488
55.6154
55.4892
55.3703
55.2591
55.1553
55.0596
54.9715
54.8916
54.8197
54.7561
54.7008
54.6539
54.6154
54.5854
54.564
54.5511
54.5468
54.5511
54.564
54.5854
54.6154
54.6539
54.7008
54.7561
54.8197
54.8916
54.9715
55.0596
55.1553
55.2591
55.3703
55.4892
55.6154
55.7488
55.8892
56.0366
56.1904
56.3509
56.5177
56.6905
56.8691
57.0535
57.2434
57.4384
57.6382
57.8431
58.0524
58.2659
58.4833
58.7047
58.9296
59.1579
59.3889
59.6229
59.8594
60.0983
60.3391
60.5816
60.8256
61.0711
61.3176
61.5649
61.8127
62.0608
62.3088
62.5569
62.8046
63.0519
63.2981
63.5433
63.7872
64.0297
64.2706
64.5097
64.7468
64.9817
65.2139
65.4436
65.6704
65.8945
66.1153
66.3332
66.5474
66.7581
66.965
67.168
67.3668
67.5617
67.7519
67.9382
68.1195
68.2965
68.4685
68.6357
68.7977
68.9545
69.1059
69.2518
69.3921
69.5266
69.6551
69.7774
69.8932
70.0024
70.1049
70.2004
70.2886
70.3694
70.4425
70.5077
70.5647
70.6134
70.6536
70.685
70.7076
70.7212
70.7257
69.7422
69.7374
69.723
69.6993
69.6662
69.6239
69.5727
69.5128
69.4445
69.3679
69.2835
69.1913
69.0918
68.985
68.8712
68.7508
68.6239
68.4905
68.351
68.2054
68.054
67.8969
67.7345
67.5667
67.3939
67.216
67.0333
66.8455
66.6534
66.4562
66.255
66.0491
65.8394
65.6256
65.4081
65.1868
64.9621
64.7338
64.5023
64.2676
64.0302
63.79
63.5475
63.3026
63.0556
62.8065
62.5558
62.3033
62.0497
61.795
61.5395
61.2833
61.0267
60.7697
60.5129
60.2564
60.0006
59.7455
59.4914
59.2385
58.9872
58.7378
58.4905
58.2455
58.003
57.7633
57.527
57.2939
57.0645
56.8388
56.6174
56.4005
56.1882
55.9807
55.7784
55.5815
55.3903
55.2048
55.0255
54.8526
54.686
54.5261
54.3734
54.2276
54.0891
53.9581
53.8348
53.7191
53.6117
53.5119
53.4207
53.3376
53.2631
53.197
53.1396
53.0908
53.0509
53.0198
52.9975
52.9841
52.9797
52.9841
52.9975
53.0198
53.0509
53.0908
53.1396
53.197
53.2631
53.3376
53.4207
53.5119
53.6117
53.7191
53.8348
53.9581
54.0891
54.2276
54.3734
54.5261
54.686
54.8526
55.0255
55.2048
55.3903
55.5815
55.7784
55.9807
56.1882
56.4005
56.6174
56.8388
57.0645
57.2939
57.527
57.7633
58.003
58.2455
58.4905
58.7378
58.9872
59.2385
59.4914
59.7455
60.0006
60.2564
60.5129
60.7697
61.0267
61.2833
61.5395
61.795
62.0497
62.3033
62.5558
62.8065
63.0556
63.3026
63.5475
63.79
64.0302
64.2676
64.5023
64.7338
64.9621
65.1868
65.4081
65.6256
65.8394
66.0491
66.255
66.4562
66.6534
66.8455
67.0333
67.216
67.3939
67.5667
67.7345
67.8969
68.054
68.2054
68.351
68.4905
68.6239
68.7508
68.8712
68.985
69.0918
69.1913
69.2835
69.3679
69.4445
69.5128
69.5727
69.6239
69.6662
69.6993
69.723
69.7374
69.7422
68.7682
68.7631
68.748
68.7228
68.6879
68.6433
68.5894
68.5264
68.4547
68.3745
68.2861
68.1898
68.0859
67.9746
67.8561
67.7307
67.5987
67.4602
67.3155
67.1648
67.0081
66.8456
66.6774
66.5037
66.3247
66.1407
65.9514
65.7576
65.5588
65.3556
65.1476
64.9354
64.7186
64.4978
64.2729
64.0443
63.812
63.5764
63.3372
63.0951
62.8499
62.6019
62.3511
62.098
61.8425
61.5852
61.326
61.0654
60.8031
60.5398
60.2753
60.0104
59.7449
59.4793
59.2136
58.9483
58.6833
58.4192
58.1561
57.8945
57.6344
57.3761
57.1197
56.866
56.6149
56.3667
56.1216
55.88
55.6422
55.4085
55.179
54.954
54.7338
54.5188
54.309
54.1047
53.9063
53.7141
53.528
53.3484
53.1757
53.01
52.8512
52.7
52.5563
52.4203
52.2923
52.1724
52.0606
51.9574
51.8624
51.7763
51.6988
51.6303
51.5706
51.52
51.4786
51.4463
51.4231
51.4093
51.4046
51.4093
51.4231
51.4463
51.4786
51.52
51.5706
51.6303
51.6988
51.7763
51.8624
51.9574
52.0606
52.1724
52.2923
52.4203
52.5563
52.7
52.8512
53.01
53.1757
53.3484
53.528
53.7141
53.9063
54.1047
54.309
54.5188
54.7338
54.954
55.179
55.4085
55.6422
55.88
56.1216
56.3667
56.6149
56.866
57.1197
57.3761
57.6344
57.8945
58.1561
58.4192
58.6833
58.9483
59.2136
59.4793
59.7449
60.0104
60.2753
60.5398
60.8031
61.0654
61.326
61.5852
61.8425
62.098
62.3511
62.6019
62.8499
63.0951
63.3372
63.5764
63.812
64.0443
64.2729
64.4978
64.7186
64.9354
65.1476
65.3556
65.5588
65.7576
65.9514
66.1407
66.3247
66.5037
66.6774
66.8456
67.0081
67.1648
67.3155
67.4602
67.5987
67.7307
67.8561
67.9746
68.0859
68.1898
68.2861
68.3745
68.4547
68.5264
68.5894
68.6433
68.6879
68.7228
68.748
68.7631
68.7682
67.8044
67.799
67.7829
67.7563
67.7193
67.6721
67.6153
67.5489
67.4735
67.3892
67.2966
67.1958
67.0872
66.9713
66.8481
66.7178
66.5806
66.4368
66.2866
66.1301
65.9677
65.7994
65.6254
65.4459
65.2611
65.0708
64.8755
64.675
64.4698
64.2595
64.0448
63.8254
63.6018
63.3738
63.1419
62.906
62.6663
62.4228
62.1759
61.9256
61.6724
61.4162
61.1575
60.896
60.6323
60.3663
60.0985
59.8289
59.5579
59.2857
59.0126
58.7386
58.4641
58.1892
57.9144
57.6398
57.3659
57.0926
56.8204
56.5494
56.2801
56.0127
55.7475
55.4846
55.2244
54.9673
54.7135
54.4633
54.2169
53.9745
53.7366
53.5035
53.2753
53.0522
52.8347
52.623
52.4173
52.2177
52.0248
51.8386
51.6593
51.4873
51.3228
51.1658
51.0166
50.8756
50.7427
50.6181
50.5023
50.3949
50.2966
50.207
50.1267
50.0555
49.9936
49.9411
49.8981
49.8645
49.8405
49.8261
49.8213
49.8261
49.8405
49.8645
49.8981
49.9411
49.9936
50.0555
50.1267
50.207
50.2966
50.3949
50.5023
50.6181
50.7427
50.8756
51.0166
51.1658
51.3228
51.4873
51.6593
51.8386
52.0248
52.2177
52.4173
52.623
52.8347
53.0522
53.2753
53.5035
53.7366
53.9745
54.2169
54.4633
54.7135
54.9673
55.2244
55.4846
55.7475
56.0127
56.2801
56.5494
56.8204
57.0926
57.3659
57.6398
57.9144
58.1892
58.4641
58.7386
59.0126
59.2857
59.5579
59.8289
60.0985
60.3663
60.6323
60.896
61.1575
61.4162
61.6724
61.9256
62.1759
62.4228
62.6663
62.906
63.1419
63.3738
63.6018
63.8254
64.0448
64.2595
64.4698
64.675
64.8755
65.0708
65.2611
65.4459
65.6254
65.7994
65.9677
66.1301
66.2866
66.4368
66.5806
66.7178
66.8481
66.9713
67.0872
67.1958
67.2966
67.3892
67.4735
67.5489
67.6153
67.6721
67.7193
67.7563
67.7829
67.799
67.8044
66.8502
66.8445
66.8274
66.7989
66.7596
66.7096
66.6494
66.5793
66.4999
66.4113
66.3142
66.2088
66.0954
65.9742
65.8456
65.71
65.5676
65.4185
65.2629
65.1009
64.9328
64.7587
64.5786
64.3929
64.2017
64.0051
63.8032
63.5964
63.3844
63.1677
62.946
62.7198
62.4888
62.2536
62.014
61.7705
61.523
61.272
61.0172
60.7591
60.4977
60.2332
59.9658
59.6959
59.4234
59.1489
58.8722
58.5939
58.3139
58.0326
57.7501
57.4669
57.1831
56.8991
56.6149
56.331
56.0474
55.7647
55.4831
55.2029
54.9241
54.6473
54.3726
54.1005
53.8312
53.565
53.302
53.0427
52.7874
52.5365
52.2899
52.0482
51.8117
51.5806
51.3551
51.1355
50.9222
50.7154
50.5152
50.3221
50.1362
49.9579
49.787
49.6243
49.4696
49.3231
49.1853
49.0561
48.9357
48.8245
48.7223
48.6295
48.546
48.4722
48.4079
48.3534
48.3088
48.2739
48.249
48.2341
48.2291
48.2341
48.249
48.2739
48.3088
48.3534
48.4079
48.4722
48.546
48.6295
48.7223
48.8245
48.9357
49.0561
49.1853
49.3231
49.4696
49.6243
49.787
49.9579
50.1362
50.3221
50.5152
50.7154
50.9222
51.1355
51.3551
51.5806
51.8117
52.0482
52.2899
52.5365
52.7874
53.0427
53.302
53.565
53.8312
54.1005
54.3726
54.6473
54.9241
55.2029
55.4831
55.7647
56.0474
56.331
56.6149
56.8991
57.1831
57.4669
57.7501
58.0326
58.3139
58.5939
58.8722
59.1489
59.4234
59.6959
59.9658
60.2332
60.4977
60.7591
61.0172
61.272
61.523
61.7705
62.014
62.2536
62.4888
62.7198
62.946
63.1677
63.3844
63.5964
63.8032
64.0051
64.2017
64.3929
64.5786
64.7587
64.9328
65.1009
65.2629
65.4185
65.5676
65.71
65.8456
65.9742
66.0954
66.2088
66.3142
66.4113
66.4999
66.5793
66.6494
66.7096
66.7596
66.7989
66.8274
66.8445
66.8502
65.9071
65.9009
65.8826
65.8522
65.8102
65.7569
65.693
65.6188
65.5349
65.4417
65.3395
65.2291
65.1106
64.9844
64.8506
64.7095
64.5614
64.4065
64.245
64.0772
63.9031
63.723
63.537
63.3453
63.1478
62.9448
62.7365
62.5228
62.304
62.0801
61.8515
61.6179
61.3799
61.1373
60.8904
60.6392
60.384
60.1247
59.8619
59.5954
59.3257
59.0528
58.777
58.4983
58.2172
57.9335
57.6478
57.3602
57.0711
56.7805
56.4888
56.1961
55.9028
55.609
55.3153
55.0217
54.7287
54.4362
54.1449
53.8548
53.5664
53.28
52.9958
52.714
52.4352
52.1594
51.8873
51.6188
51.3543
51.0942
50.8389
50.5885
50.3433
50.1037
49.87
49.6425
49.4213
49.2068
48.9994
48.7991
48.6063
48.4212
48.2442
48.0752
47.9147
47.7629
47.6198
47.4858
47.361
47.2454
47.1395
47.0431
46.9566
46.8799
46.8133
46.7567
46.7103
46.6742
46.6483
46.6328
46.6276
46.6328
46.6483
46.6742
46.7103
46.7567
46.8133
46.8799
46.9566
47.0431
47.1395
47.2454
47.361
47.4858
47.6198
47.7629
47.9147
48.0752
48.2442
48.4212
48.6063
48.7991
48.9994
49.2068
49.4213
49.6425
49.87
50.1037
50.3433
50.5885
50.8389
51.0942
51.3543
51.6188
51.8873
52.1594
52.4352
52.714
52.9958
53.28
53.5664
53.8548
54.1449
54.4362
54.7287
55.0217
55.3153
55.609
55.9028
56.1961
56.4888
56.7805
57.0711
57.3602
57.6478
57.9335
58.2172
58.4983
58.777
59.0528
59.3257
59.5954
59.8619
60.1247
60.384
60.6392
60.8904
61.1373
61.3799
61.6179
61.8515
62.0801
62.304
62.5228
62.7365
62.9448
63.1478
63.3453
63.537
63.723
63.9031
64.0772
64.245
64.4065
64.5614
64.7095
64.8506
64.9844
65.1106
65.2291
65.3395
65.4417
65.5349
65.6188
65.693
65.7569
65.8102
65.8522
65.8826
65.9009
65.9071
64.9754
64.9687
64.9489
64.9162
64.8711
64.8141
64.746
64.6672
64.5784
64.4802
64.3728
64.2568
64.1327
64.0008
63.8613
63.7146
63.5609
63.4004
63.2331
63.0594
62.8793
62.693
62.5007
62.3025
62.0985
61.889
61.674
61.4537
61.228
60.9974
60.7614
60.5208
60.2751
60.025
59.7702
59.5111
59.2479
58.9808
58.7097
58.435
58.1567
57.8751
57.5904
57.3029
57.0126
56.72
56.4251
56.1283
55.8296
55.5294
55.228
54.9257
54.6226
54.3192
54.0155
53.712
53.4089
53.1066
52.8052
52.5053
52.2069
51.9105
51.6163
51.3248
51.0362
50.7508
50.4688
50.1908
49.917
49.6477
49.3831
49.1236
48.8696
48.6214
48.3792
48.1433
47.914
47.6918
47.4766
47.2689
47.0691
46.8772
46.6934
46.5183
46.3519
46.1943
46.0459
45.9069
45.7773
45.6576
45.5475
45.4476
45.3578
45.2782
45.2091
45.1504
45.1023
45.0648
45.0379
45.0218
45.0165
45.0218
45.0379
45.0648
45.1023
45.1504
45.2091
45.2782
45.3578
45.4476
45.5475
45.6576
45.7773
45.9069
46.0459
46.1943
46.3519
46.5183
46.6934
46.8772
47.0691
47.2689
47.4766
47.6918
47.914
48.1433
48.3792
48.6214
48.8696
49.1236
49.3831
49.6477
49.917
50.1908
50.4688
50.7508
51.0362
51.3248
51.6163
51.9105
52.2069
52.5053
52.8052
53.1066
53.4089
53.712
54.0155
54.3192
54.6226
54.9257
55.228
55.5294
55.8296
56.1283
56.4251
56.72
57.0126
57.3029
57.5904
57.8751
58.1567
58.435
58.7097
58.9808
59.2479
59.5111
59.7702
60.025
60.2751
60.5208
60.7614
60.9974
61.228
61.4537
61.674
61.889
62.0985
62.3025
62.5007
62.693
62.8793
63.0594
63.2331
63.4004
63.5609
63.7146
63.8613
64.0008
64.1327
64.2568
64.3728
64.4802
64.5784
64.6672
64.746
64.8141
64.8711
64.9162
64.9489
64.9687
64.9754
64.0577
64.0504
64.0288
63.9933
63.9445
63.8832
63.8102
63.7262
63.6319
63.528
63.4151
63.2935
63.1637
63.0259
62.8805
62.7278
62.568
62.4013
62.228
62.0481
61.8619
61.6695
61.4709
61.2664
61.056
60.8398
60.618
60.3906
60.1579
59.9199
59.6768
59.4286
59.1757
58.9177
58.6553
58.3883
58.1169
57.8413
57.5618
57.2784
56.9915
56.7011
56.4076
56.1109
55.8115
55.5094
55.205
54.8985
54.5902
54.2803
53.9691
53.6567
53.3436
53.03
52.7162
52.4025
52.0893
51.7766
51.465
51.1547
50.8461
50.5395
50.2352
49.9334
49.6346
49.3392
49.0474
48.7595
48.4759
48.1968
47.9229
47.6541
47.3909
47.1336
46.8827
46.6382
46.4006
46.1701
45.9471
45.7318
45.5245
45.3255
45.1351
44.9534
44.7807
44.6173
44.4634
44.3191
44.1848
44.0604
43.9464
43.8426
43.7495
43.6669
43.5952
43.5343
43.4843
43.4454
43.4176
43.4009
43.3953
43.4009
43.4176
43.4454
43.4843
43.5343
43.5952
43.6669
43.7495
43.8426
43.9464
44.0604
44.1848
44.3191
44.4634
44.6173
44.7807
44.9534
45.1351
45.3255
45.5245
45.7318
45.9471
46.1701
46.4006
46.6382
46.8827
47.1336
47.3909
47.6541
47.9229
48.1968
48.4759
48.7595
49.0474
49.3392
49.6346
49.9334
50.2352
50.5395
50.8461
51.1547
51.465
51.7766
52.0893
52.4025
52.7162
53.03
53.3436
53.6567
53.9691
54.2803
54.5902
54.8985
55.205
55.5094
55.8115
56.1109
56.4076
56.7011
56.9915
57.2784
57.5618
57.8413
58.1169
58.3883
58.6553
58.9177
59.1757
59.4286
59.6768
59.9199
60.1579
60.3906
60.618
60.8398
61.056
61.2664
61.4709
61.6695
61.8619
62.0481
62.228
62.4013
62.568
62.7278
62.8805
63.0259
63.1637
63.2935
63.4151
63.528
63.6319
63.7262
63.8102
63.8832
63.9445
63.9933
64.0288
64.0504
64.0577
63.1535
63.1455
63.1217
63.0827
63.0295
62.9631
62.8846
62.7948
62.6945
62.5844
62.4651
62.3372
62.2012
62.0573
61.9058
61.7471
61.5813
61.4085
61.229
61.0429
60.8504
60.6515
60.4464
60.2352
60.0181
59.7952
59.5665
59.3323
59.0925
58.8474
58.5968
58.3412
58.0803
57.8146
57.544
57.2689
56.9893
56.7055
56.4174
56.1254
55.8295
55.53
55.2272
54.9212
54.6123
54.3008
53.9867
53.6705
53.3522
53.0322
52.7107
52.3883
52.0649
51.741
51.4167
51.0925
50.7686
50.4455
50.1234
49.8026
49.4833
49.1661
48.8512
48.5391
48.2299
47.9241
47.6219
47.3239
47.0302
46.7414
46.4575
46.1791
45.9065
45.64
45.3798
45.1265
44.8802
44.6414
44.4101
44.187
43.9721
43.7657
43.5681
43.3798
43.2007
43.0312
42.8716
42.7219
42.5825
42.4536
42.3352
42.2276
42.1309
42.0453
41.9708
41.9076
41.8558
41.8154
41.7865
41.7692
41.7634
41.7692
41.7865
41.8154
41.8558
41.9076
41.9708
42.0453
42.1309
42.2276
42.3352
42.4536
42.5825
42.7219
42.8716
43.0312
43.2007
43.3798
43.5681
43.7657
43.9721
44.187
44.4101
44.6414
44.8802
45.1265
45.3798
45.64
45.9065
46.1791
46.4575
46.7414
47.0302
47.3239
47.6219
47.9241
48.2299
48.5391
48.8512
49.1661
49.4833
49.8026
50.1234
50.4455
50.7686
51.0925
51.4167
51.741
52.0649
52.3883
52.7107
53.0322
53.3522
53.6705
53.9867
54.3008
54.6123
54.9212
55.2272
55.53
55.8295
56.1254
56.4174
56.7055
56.9893
57.2689
57.544
57.8146
58.0803
58.3412
58.5968
58.8474
59.0925
59.3323
59.5665
59.7952
60.0181
60.2352
60.4464
60.6515
60.8504
61.0429
61.229
61.4085
61.5813
61.7471
61.9058
62.0573
62.2012
62.3372
62.4651
62.5844
62.6945
62.7948
62.8846
62.9631
63.0295
63.0827
63.1217
63.1455
63.1535
62.2644
62.2553
62.2286
62.1852
62.1266
62.0541
61.9688
61.8723
61.7653
61.6487
61.5229
61.3885
61.2459
61.0955
60.9376
60.7724
60.6002
60.4211
60.2352
60.0428
59.8438
59.6386
59.427
59.2093
58.9855
58.7557
58.5201
58.2786
58.0316
57.779
57.521
57.2576
56.9892
56.7155
56.437
56.1535
55.8655
55.5729
55.2761
54.9751
54.6702
54.3616
54.0495
53.734
53.4155
53.094
52.77
52.4437
52.1153
51.7851
51.4534
51.1203
50.7863
50.4517
50.1168
49.7818
49.4472
49.1132
48.7801
48.4483
48.1183
47.7902
47.4646
47.1415
46.8216
46.5051
46.1925
45.8839
45.5798
45.2806
44.9867
44.6984
44.416
44.1398
43.8704
43.6078
43.3526
43.105
42.8654
42.634
42.4112
42.1972
41.9925
41.797
41.6113
41.4356
41.2699
41.1147
40.9702
40.8363
40.7136
40.6019
40.5016
40.4128
40.3355
40.2699
40.2162
40.1743
40.1443
40.1263
40.1203
40.1263
40.1443
40.1743
40.2162
40.2699
40.3355
40.4128
40.5016
40.6019
40.7136
40.8363
40.9702
41.1147
41.2699
41.4356
41.6113
41.797
41.9925
42.1972
42.4112
42.634
42.8654
43.105
43.3526
43.6078
43.8704
44.1398
44.416
44.6984
44.9867
45.2806
45.5798
45.8839
46.1925
46.5051
46.8216
47.1415
47.4646
47.7902
48.1183
48.4483
48.7801
49.1132
49.4472
49.7818
50.1168
50.4517
50.7863
51.1203
51.4534
51.7851
52.1153
52.4437
52.77
53.094
53.4155
53.734
54.0495
54.3616
54.6702
54.9751
55.2761
55.5729
55.8655
56.1535
56.437
56.7155
56.9892
57.2576
57.521
57.779
58.0316
58.2786
58.5201
58.7557
58.9855
59.2093
59.427
59.6386
59.8438
60.0428
60.2352
60.4211
60.6002
60.7724
60.9376
61.0955
61.2459
61.3885
61.5229
61.6487
61.7653
61.8723
61.9688
62.0541
62.1266
62.1852
62.2286
62.2553
62.2644
61.3945
61.384
61.3533
61.3043
61.2388
61.159
61.0663
60.9621
60.8474
60.7232
60.5902
60.4487
60.2993
60.1422
59.9778
59.8061
59.6275
59.4419
59.2496
59.0506
58.8451
58.6332
58.415
58.1905
57.9598
57.7231
57.4804
57.2319
56.9776
56.7176
56.4519
56.1808
55.9042
55.6225
55.3356
55.0438
54.7471
54.4459
54.1401
53.8301
53.5159
53.1978
52.876
52.5508
52.2224
51.891
51.5568
51.2202
50.8812
50.5404
50.1979
49.8542
49.5093
49.1638
48.8178
48.4717
48.1259
47.7807
47.4364
47.0935
46.7521
46.4128
46.0759
45.7418
45.4107
45.0832
44.7595
44.4401
44.1253
43.8156
43.5111
43.2125
42.9199
42.6339
42.3546
42.0825
41.818
41.5614
41.313
41.0731
40.8421
40.6203
40.4079
40.2053
40.0127
39.8303
39.6586
39.4976
39.3475
39.2088
39.0813
38.9656
38.8615
38.7693
38.6891
38.6211
38.5653
38.5218
38.4907
38.4721
38.4658
38.4721
38.4907
38.5218
38.5653
38.6211
38.6891
38.7693
38.8615
38.9656
39.0813
39.2088
39.3475
39.4976
39.6586
39.8303
40.0127
40.2053
40.4079
40.6203
40.8421
41.0731
41.313
41.5614
41.818
42.0825
42.3546
42.6339
42.9199
43.2125
43.5111
43.8156
44.1253
44.4401
44.7595
45.0832
45.4107
45.7418
46.0759
46.4128
46.7521
47.0935
47.4364
47.7807
48.1259
48.4717
48.8178
49.1638
49.5093
49.8542
50.1979
50.5404
50.8812
51.2202
51.5568
51.891
52.2224
52.5508
52.876
53.1978
53.5159
53.8301
54.1401
54.4459
54.7471
55.0438
55.3356
55.6225
55.9042
56.1808
56.4519
56.7176
56.9776
57.2319
57.4804
57.7231
57.9598
58.1905
58.415
58.6332
58.8451
59.0506
59.2496
59.4419
59.6275
59.8061
59.9778
60.1422
60.2993
60.4487
60.5902
60.7232
60.8474
60.9621
61.0663
61.159
61.2388
61.3043
61.3533
61.384
61.3945
60.5447
60.5321
60.4957
60.4388
60.3644
60.2754
60.1737
60.0609
59.9381
59.806
59.6652
59.5164
59.3598
59.1957
59.0243
58.8459
58.6605
58.4683
58.2694
58.0639
57.8519
57.6333
57.4084
57.1772
56.9396
56.6959
56.446
56.1902
55.9284
55.6607
55.3874
55.1084
54.8239
54.5339
54.2387
53.9383
53.6329
53.3226
53.0078
52.6884
52.3648
52.0371
51.7056
51.3704
51.0319
50.6901
50.3455
49.9982
49.6487
49.2971
48.9437
48.5887
48.2327
47.8758
47.5185
47.161
46.8038
46.447
46.0912
45.7366
45.3837
45.0328
44.6844
44.3387
43.9961
43.6572
43.3223
42.9916
42.6657
42.3449
42.0297
41.7204
41.4174
41.121
40.8317
40.5498
40.2756
40.0096
39.7522
39.5035
39.264
39.034
38.8138
38.6036
38.4039
38.2148
38.0366
37.8696
37.714
37.5699
37.4378
37.3176
37.2097
37.114
37.0308
36.9602
36.9024
36.8572
36.825
36.8056
36.7991
36.8056
36.825
36.8572
36.9024
36.9602
37.0308
37.114
37.2097
37.3176
37.4378
37.5699
37.714
37.8696
38.0366
38.2148
38.4039
38.6036
38.8138
39.034
39.264
39.5035
39.7522
40.0096
40.2756
40.5498
40.8317
41.121
41.4174
41.7204
42.0297
42.3449
42.6657
42.9916
43.3223
43.6572
43.9961
44.3387
44.6844
45.0328
45.3837
45.7366
46.0912
46.447
46.8038
47.161
47.5185
47.8758
48.2327
48.5887
48.9437
49.2971
49.6487
49.9982
50.3455
50.6901
51.0319
51.3704
51.7056
52.0371
52.3648
52.6884
53.0078
53.3226
53.6329
53.9383
54.2387
54.5339
54.8239
55.1084
55.3874
55.6607
55.9284
56.1902
56.446
56.6959
56.9396
57.1772
57.4084
57.6333
57.8519
58.0639
58.2694
58.4683
58.6605
58.8459
59.0243
59.1957
59.3598
59.5164
59.6652
59.806
59.9381
60.0609
60.1737
60.2754
60.3644
60.4388
60.4957
60.5321
60.5447
59.7193
59.7028
59.6577
59.59
59.5044
59.4043
59.2921
59.1693
59.0371
58.8963
58.7474
58.5908
58.4268
58.2555
58.0772
57.892
57.6999
57.501
57.2955
57.0833
56.8645
56.6393
56.4075
56.1694
55.9249
55.6741
55.417
55.1539
54.8846
54.6094
54.3281
54.0412
53.7484
53.4501
53.1463
52.8372
52.5229
52.2036
51.8795
51.5507
51.2174
50.8799
50.5383
50.193
49.8441
49.4919
49.1366
48.7785
48.4179
48.0551
47.6904
47.3242
46.9567
46.5882
46.2192
45.8499
45.4808
45.1122
44.7445
44.378
44.0131
43.6503
43.2899
42.9323
42.578
42.2272
41.8805
41.5383
41.201
40.8689
40.5424
40.222
39.9081
39.6011
39.3013
39.0092
38.7252
38.4495
38.1826
37.9248
37.6765
37.438
37.2096
36.9917
36.7845
36.5884
36.4036
36.2303
36.0689
35.9195
35.7824
35.6577
35.5457
35.4464
35.3601
35.2869
35.2268
35.18
35.1465
35.1264
35.1197
35.1264
35.1465
35.18
35.2268
35.2869
35.3601
35.4464
35.5457
35.6577
35.7824
35.9195
36.0689
36.2303
36.4036
36.5884
36.7845
36.9917
37.2096
37.438
37.6765
37.9248
38.1826
38.4495
38.7252
39.0092
39.3013
39.6011
39.9081
40.222
40.5424
40.8689
41.201
41.5383
41.8805
42.2272
42.578
42.9323
43.2899
43.6503
44.0131
44.378
44.7445
45.1122
45.4808
45.8499
46.2192
46.5882
46.9567
47.3242
47.6904
48.0551
48.4179
48.7785
49.1366
49.4919
49.8441
50.193
50.5383
50.8799
51.2174
51.5507
51.8795
52.2036
52.5229
52.8372
53.1463
53.4501
53.7484
54.0412
54.3281
54.6094
54.8846
55.1539
55.417
55.6741
55.9249
56.1694
56.4075
56.6393
56.8645
57.0833
57.2955
57.501
57.6999
57.892
58.0772
58.2555
58.4268
58.5908
58.7474
58.8963
59.0371
59.1693
59.2921
59.4043
59.5044
59.59
59.6577
59.7028
59.7193
58.9282
58.9034
58.8434
58.7597
58.6592
58.5457
58.4215
58.2879
58.1459
57.9959
57.8385
57.6738
57.502
57.3234
57.1379
56.9456
56.7467
56.5411
56.3288
56.1099
55.8845
55.6525
55.4139
55.1689
54.9174
54.6594
54.3951
54.1244
53.8476
53.5645
53.2754
52.9803
52.6793
52.3725
52.0601
51.7421
51.4187
51.0901
50.7566
50.4181
50.075
49.7274
49.3757
49.0199
48.6603
48.2973
47.931
47.5618
47.1899
46.8157
46.4395
46.0615
45.6821
45.3017
44.9207
44.5393
44.158
43.7771
43.3971
43.0182
42.641
42.2658
41.8931
41.5232
41.1566
40.7937
40.4349
40.0807
39.7314
39.3875
39.0495
38.7176
38.3925
38.0744
37.7638
37.4611
37.1667
36.8809
36.6043
36.337
36.0795
35.8322
35.5954
35.3694
35.1545
34.9511
34.7593
34.5796
34.4121
34.2571
34.1149
33.9855
33.8692
33.7662
33.6767
33.6007
33.5383
33.4897
33.455
33.4341
33.4272
33.4341
33.455
33.4897
33.5383
33.6007
33.6767
33.7662
33.8692
33.9855
34.1149
34.2571
34.4121
34.5796
34.7593
34.9511
35.1545
35.3694
35.5954
35.8322
36.0795
36.337
36.6043
36.8809
37.1667
37.4611
37.7638
38.0744
38.3925
38.7176
39.0495
39.3875
39.7314
40.0807
40.4349
40.7937
41.1566
41.5232
41.8931
42.2658
42.641
43.0182
43.3971
43.7771
44.158
44.5393
44.9207
45.3017
45.6821
46.0615
46.4395
46.8157
47.1899
47.5618
47.931
48.2973
48.6603
49.0199
49.3757
49.7274
50.075
50.4181
50.7566
51.0901
51.4187
51.7421
52.0601
52.3725
52.6793
52.9803
53.2754
53.5645
53.8476
54.1244
54.3951
54.6594
54.9174
55.1689
55.4139
55.6525
55.8845
56.1099
56.3288
56.5411
56.7467
56.9456
57.1379
57.3234
57.502
57.6738
57.8385
57.9959
58.1459
58.2879
58.4215
58.5457
58.6592
58.7597
58.8434
58.9034
58.9282
58.1853
58.1382
58.0523
57.9461
57.8268
57.6976
57.5598
57.4144
57.2618
57.1022
56.936
56.763
56.5835
56.3974
56.2047
56.0055
55.7997
55.5873
55.3683
55.1427
54.9105
54.6717
54.4263
54.1742
53.9156
53.6505
53.3789
53.1008
52.8163
52.5254
52.2283
51.9249
51.6155
51.3001
50.9788
50.6519
50.3193
49.9813
49.6381
49.2898
48.9366
48.5788
48.2165
47.8501
47.4797
47.1056
46.7281
46.3474
45.964
45.578
45.1898
44.7998
44.4083
44.0157
43.6222
43.2283
42.8345
42.4409
42.0482
41.6567
41.2667
40.8788
40.4933
40.1107
39.7314
39.3559
38.9846
38.6179
38.2563
37.9003
37.5502
37.2065
36.8697
36.5401
36.2183
35.9046
35.5995
35.3033
35.0165
34.7394
34.4724
34.216
33.9703
33.736
33.5131
33.302
33.1031
32.9167
32.7429
32.5821
32.4344
32.3002
32.1795
32.0727
31.9797
31.9008
31.8361
31.7857
31.7497
31.728
31.7208
31.728
31.7497
31.7857
31.8361
31.9008
31.9797
32.0727
32.1795
32.3002
32.4344
32.5821
32.7429
32.9167
33.1031
33.302
33.5131
33.736
33.9703
34.216
34.4724
34.7394
35.0165
35.3033
35.5995
35.9046
36.2183
36.5401
36.8697
37.2065
37.5502
37.9003
38.2563
38.6179
38.9846
39.3559
39.7314
40.1107
40.4933
40.8788
41.2667
41.6567
42.0482
42.4409
42.8345
43.2283
43.6222
44.0157
44.4083
44.7998
45.1898
45.578
45.964
46.3474
46.7281
47.1056
47.4797
47.8501
48.2165
48.5788
48.9366
49.2898
49.6381
49.9813
50.3193
50.6519
50.9788
51.3001
51.6155
51.9249
52.2283
52.5254
52.8163
53.1008
53.3789
53.6505
53.9156
54.1742
54.4263
54.6717
54.9105
55.1427
55.3683
55.5873
55.7997
56.0055
56.2047
56.3974
56.5835
56.763
56.936
57.1022
57.2618
57.4144
57.5598
57.6976
57.8268
57.9461
58.0523
58.1382
58.1853
57.5375
57.4118
57.2812
57.1454
57.0042
56.8577
56.7057
56.548
56.3846
56.2154
56.0402
55.859
55.6716
55.478
55.2782
55.0719
54.8593
54.6401
54.4144
54.1821
53.9431
53.6975
53.4452
53.1862
52.9205
52.6482
52.3692
52.0835
51.7913
51.4925
51.1873
50.8756
50.5577
50.2336
49.9034
49.5673
49.2253
48.8778
48.5247
48.1663
47.8029
47.4346
47.0616
46.6843
46.3027
45.9173
45.5283
45.1359
44.7406
44.3425
43.9422
43.5398
43.1357
42.7304
42.3242
41.9175
41.5106
41.1041
40.6982
40.2935
39.8904
39.4893
39.0906
38.6949
38.3025
37.9139
37.5296
37.1501
36.7757
36.4071
36.0445
35.6886
35.3396
34.9982
34.6647
34.3396
34.0234
33.7163
33.419
33.1317
32.8549
32.5889
32.3342
32.0911
31.8599
31.6409
31.4346
31.2411
31.0608
30.8939
30.7407
30.6014
30.4762
30.3653
30.2688
30.1869
30.1198
30.0674
30.03
30.0075
30
30.0075
30.03
30.0674
30.1198
30.1869
30.2688
30.3653
30.4762
30.6014
30.7407
30.8939
31.0608
31.2411
31.4346
31.6409
31.8599
32.0911
32.3342
32.5889
32.8549
33.1317
33.419
33.7163
34.0234
34.3396
34.6647
34.9982
35.3396
35.6886
36.0445
36.4071
36.7757
37.1501
37.5296
37.9139
38.3025
38.6949
39.0906
39.4893
39.8904
40.2935
40.6982
41.1041
41.5106
41.9175
42.3242
42.7304
43.1357
43.5398
43.9422
44.3425
44.7406
45.1359
45.5283
45.9173
46.3027
46.6843
47.0616
47.4346
47.8029
48.1663
48.5247
48.8778
49.2253
49.5673
49.9034
50.2336
50.5577
50.8756
51.1873
51.4925
51.7913
52.0835
52.3692
52.6482
52.9205
53.1862
53.4452
53.6975
53.9431
54.1821
54.4144
54.6401
54.8593
55.0719
55.2782
55.478
55.6716
55.859
56.0402
56.2154
56.3846
56.548
56.7057
56.8577
57.0042
57.1454
57.2812
57.4118
57.5375
