200
200
200
200
200
200
200
200
200
200
200
200
200
200
200
200
200
200
200
200
200
200
200
200
200
200
200
200
200
200
200
200
200
200
200
200
200
200
200
200
200
200
200
200
200
200
200
200
200
200
200
200
200
200
200
200
200
200
200
200
200
200
200
200
200
200
200
200
200
200
200
200
200
200
200
200
200
200
200
200
200
200
200
200
200
200
200
200
200
200
200
200
200
200
200
200
200
200
200
200
200
200
200
200
200
200
200
200
200
200
200
200
200
200
200
200
200
200
200
200
200
200
200
200
200
200
200
200
200
200
200
200
200
200
200
200
200
200
200
200
200
200
200
200
200
200
200
200
200
200
200
196.746
196.746
196.746
196.745
196.745
196.744
196.743
196.743
196.742
196.74
196.739
196.738
196.736
196.734
196.733
196.731
196.729
196.726
196.724
196.722
196.719
196.716
196.714
196.711
196.708
196.704
196.701
196.698
196.694
196.691
196.687
196.683
196.679
196.676
196.672
196.667
196.663
196.659
196.655
196.651
196.646
196.642
196.638
196.633
196.629
196.625
196.62
196.616
196.612
196.608
196.603
196.599
196.595
196.591
196.587
196.584
196.58
196.577
196.573
196.57
196.567
196.564
196.561
196.559
196.556
196.554
196.552
196.55
196.549
196.547
196.546
196.545
196.544
196.543
196.543
196.543
196.543
196.543
196.544
196.545
196.546
196.547
196.549
196.55
196.552
196.554
196.556
196.559
196.561
196.564
196.567
196.57
196.573
196.577
196.58
196.584
196.587
196.591
196.595
196.599
196.603
196.608
196.612
196.616
196.62
196.625
196.629
196.633
196.638
196.642
196.646
196.651
196.655
196.659
196.663
196.667
196.672
196.676
196.679
196.683
196.687
196.691
196.694
196.698
196.701
196.704
196.708
196.711
196.714
196.716
196.719
196.722
196.724
196.726
196.729
196.731
196.733
196.734
196.736
196.738
196.739
196.74
196.742
196.743
196.743
196.744
196.745
196.745
196.746
196.746
196.746
193.492
193.492
193.491
193.491
193.49
193.488
193.487
193.485
193.483
193.481
193.478
193.475
193.472
193.469
193.465
193.461
193.457
193.453
193.448
193.443
193.438
193.433
193.427
193.421
193.415
193.409
193.402
193.396
193.389
193.382
193.374
193.367
193.359
193.351
193.343
193.335
193.327
193.318
193.31
193.301
193.293
193.284
193.275
193.267
193.258
193.249
193.241
193.232
193.224
193.215
193.207
193.199
193.19
193.183
193.175
193.167
193.16
193.153
193.146
193.14
193.134
193.128
193.122
193.117
193.112
193.108
193.104
193.1
193.097
193.094
193.091
193.089
193.088
193.087
193.086
193.086
193.086
193.087
193.088
193.089
193.091
193.094
193.097
193.1
193.104
193.108
193.112
193.117
193.122
193.128
193.134
193.14
193.146
193.153
193.16
193.167
193.175
193.183
193.19
193.199
193.207
193.215
193.224
193.232
193.241
193.249
193.258
193.267
193.275
193.284
193.293
193.301
193.31
193.318
193.327
193.335
193.343
193.351
193.359
193.367
193.374
193.382
193.389
193.396
193.402
193.409
193.415
193.421
193.427
193.433
193.438
193.443
193.448
193.453
193.457
193.461
193.465
193.469
193.472
193.475
193.478
193.481
193.483
193.485
193.487
193.488
193.49
193.491
193.491
193.492
193.492
190.238
190.238
190.237
190.236
190.235
190.233
190.231
190.228
190.225
190.222
190.218
190.213
190.209
190.204
190.198
190.192
190.186
190.18
190.173
190.165
190.158
190.15
190.141
190.132
190.123
190.114
190.104
190.094
190.083
190.072
190.061
190.05
190.039
190.027
190.015
190.003
189.99
189.978
189.965
189.952
189.939
189.926
189.913
189.9
189.887
189.874
189.861
189.848
189.835
189.822
189.81
189.798
189.785
189.774
189.762
189.751
189.74
189.729
189.719
189.709
189.7
189.691
189.683
189.675
189.668
189.661
189.655
189.649
189.644
189.64
189.636
189.634
189.631
189.629
189.628
189.628
189.628
189.629
189.631
189.634
189.636
189.64
189.644
189.649
189.655
189.661
189.668
189.675
189.683
189.691
189.7
189.709
189.719
189.729
189.74
189.751
189.762
189.774
189.785
189.798
189.81
189.822
189.835
189.848
189.861
189.874
189.887
189.9
189.913
189.926
189.939
189.952
189.965
189.978
189.99
190.003
190.015
190.027
190.039
190.05
190.061
190.072
190.083
190.094
190.104
190.114
190.123
190.132
190.141
190.15
190.158
190.165
190.173
190.18
190.186
190.192
190.198
190.204
190.209
190.213
190.218
190.222
190.225
190.228
190.231
190.233
190.235
190.236
190.237
190.238
190.238
186.984
186.984
186.983
186.982
186.98
186.978
186.975
186.971
186.967
186.963
186.957
186.952
186.946
186.939
186.932
186.924
186.916
186.907
186.897
186.888
186.877
186.866
186.855
186.843
186.831
186.819
186.805
186.792
186.778
186.764
186.749
186.734
186.718
186.703
186.687
186.67
186.654
186.637
186.62
186.603
186.586
186.568
186.551
186.533
186.516
186.498
186.481
186.464
186.447
186.43
186.413
186.396
186.38
186.364
186.349
186.334
186.319
186.305
186.291
186.278
186.266
186.254
186.243
186.232
186.223
186.214
186.205
186.198
186.191
186.186
186.181
186.177
186.174
186.171
186.17
186.17
186.17
186.171
186.174
186.177
186.181
186.186
186.191
186.198
186.205
186.214
186.223
186.232
186.243
186.254
186.266
186.278
186.291
186.305
186.319
186.334
186.349
186.364
186.38
186.396
186.413
186.43
186.447
186.464
186.481
186.498
186.516
186.533
186.551
186.568
186.586
186.603
186.62
186.637
186.654
186.67
186.687
186.703
186.718
186.734
186.749
186.764
186.778
186.792
186.805
186.819
186.831
186.843
186.855
186.866
186.877
186.888
186.897
186.907
186.916
186.924
186.932
186.939
186.946
186.952
186.957
186.963
186.967
186.971
186.975
186.978
186.98
186.982
186.983
186.984
186.984
183.732
183.731
183.73
183.729
183.726
183.723
183.719
183.715
183.71
183.704
183.698
183.691
183.683
183.675
183.665
183.656
183.645
183.634
183.623
183.61
183.597
183.584
183.57
183.555
183.54
183.524
183.508
183.491
183.473
183.455
183.437
183.418
183.399
183.379
183.359
183.338
183.318
183.297
183.275
183.254
183.232
183.211
183.189
183.167
183.145
183.123
183.101
183.079
183.058
183.037
183.016
182.995
182.975
182.955
182.935
182.916
182.898
182.88
182.863
182.847
182.831
182.816
182.802
182.789
182.777
182.766
182.755
182.746
182.738
182.731
182.724
182.719
182.715
182.713
182.711
182.71
182.711
182.713
182.715
182.719
182.724
182.731
182.738
182.746
182.755
182.766
182.777
182.789
182.802
182.816
182.831
182.847
182.863
182.88
182.898
182.916
182.935
182.955
182.975
182.995
183.016
183.037
183.058
183.079
183.101
183.123
183.145
183.167
183.189
183.211
183.232
183.254
183.275
183.297
183.318
183.338
183.359
183.379
183.399
183.418
183.437
183.455
183.473
183.491
183.508
183.524
183.54
183.555
183.57
183.584
183.597
183.61
183.623
183.634
183.645
183.656
183.665
183.675
183.683
183.691
183.698
183.704
183.71
183.715
183.719
183.723
183.726
183.729
183.73
183.731
183.732
180.479
180.479
180.478
180.476
180.473
180.469
180.465
180.459
180.453
180.446
180.439
180.43
180.421
180.411
180.4
180.388
180.376
180.363
180.349
180.334
180.318
180.302
180.285
180.267
180.249
180.23
180.21
180.19
180.169
180.147
180.125
180.102
180.079
180.056
180.031
180.007
179.982
179.957
179.931
179.905
179.879
179.853
179.826
179.8
179.774
179.747
179.721
179.695
179.669
179.643
179.618
179.593
179.569
179.545
179.521
179.498
179.476
179.455
179.434
179.414
179.396
179.378
179.361
179.345
179.33
179.317
179.304
179.293
179.283
179.274
179.267
179.261
179.256
179.253
179.251
179.25
179.251
179.253
179.256
179.261
179.267
179.274
179.283
179.293
179.304
179.317
179.33
179.345
179.361
179.378
179.396
179.414
179.434
179.455
179.476
179.498
179.521
179.545
179.569
179.593
179.618
179.643
179.669
179.695
179.721
179.747
179.774
179.8
179.826
179.853
179.879
179.905
179.931
179.957
179.982
180.007
180.031
180.056
180.079
180.102
180.125
180.147
180.169
180.19
180.21
180.23
180.249
180.267
180.285
180.302
180.318
180.334
180.349
180.363
180.376
180.388
180.4
180.411
180.421
180.43
180.439
180.446
180.453
180.459
180.465
180.469
180.473
180.476
180.478
180.479
180.479
177.228
177.227
177.226
177.224
177.22
177.216
177.211
177.205
177.198
177.189
177.18
177.171
177.16
177.148
177.135
177.122
177.107
177.092
177.075
177.058
177.04
177.021
177.001
176.98
176.959
176.937
176.914
176.89
176.865
176.84
176.814
176.788
176.76
176.733
176.704
176.676
176.646
176.617
176.587
176.557
176.526
176.495
176.464
176.433
176.403
176.372
176.341
176.31
176.28
176.25
176.22
176.191
176.162
176.134
176.106
176.08
176.054
176.029
176.004
175.981
175.959
175.938
175.918
175.9
175.882
175.866
175.852
175.839
175.827
175.817
175.808
175.801
175.795
175.791
175.789
175.788
175.789
175.791
175.795
175.801
175.808
175.817
175.827
175.839
175.852
175.866
175.882
175.9
175.918
175.938
175.959
175.981
176.004
176.029
176.054
176.08
176.106
176.134
176.162
176.191
176.22
176.25
176.28
176.31
176.341
176.372
176.403
176.433
176.464
176.495
176.526
176.557
176.587
176.617
176.646
176.676
176.704
176.733
176.76
176.788
176.814
176.84
176.865
176.89
176.914
176.937
176.959
176.98
177.001
177.021
177.04
177.058
177.075
177.092
177.107
177.122
177.135
177.148
177.16
177.171
177.18
177.189
177.198
177.205
177.211
177.216
177.22
177.224
177.226
177.227
177.228
173.977
173.977
173.975
173.972
173.969
173.964
173.958
173.951
173.943
173.933
173.923
173.912
173.899
173.886
173.871
173.856
173.839
173.821
173.803
173.783
173.762
173.74
173.718
173.694
173.67
173.644
173.618
173.59
173.562
173.533
173.504
173.473
173.442
173.41
173.378
173.345
173.311
173.277
173.243
173.208
173.173
173.138
173.102
173.067
173.031
172.996
172.96
172.925
172.89
172.856
172.822
172.788
172.755
172.723
172.691
172.66
172.63
172.601
172.574
172.547
172.522
172.497
172.475
172.453
172.433
172.415
172.398
172.383
172.369
172.358
172.347
172.339
172.333
172.328
172.325
172.324
172.325
172.328
172.333
172.339
172.347
172.358
172.369
172.383
172.398
172.415
172.433
172.453
172.475
172.497
172.522
172.547
172.574
172.601
172.63
172.66
172.691
172.723
172.755
172.788
172.822
172.856
172.89
172.925
172.96
172.996
173.031
173.067
173.102
173.138
173.173
173.208
173.243
173.277
173.311
173.345
173.378
173.41
173.442
173.473
173.504
173.533
173.562
173.59
173.618
173.644
173.67
173.694
173.718
173.74
173.762
173.783
173.803
173.821
173.839
173.856
173.871
173.886
173.899
173.912
173.923
173.933
173.943
173.951
173.958
173.964
173.969
173.972
173.975
173.977
173.977
170.728
170.727
170.725
170.722
170.718
170.712
170.706
170.698
170.689
170.678
170.667
170.654
170.64
170.625
170.608
170.591
170.572
170.552
170.531
170.509
170.486
170.461
170.435
170.409
170.381
170.352
170.322
170.292
170.26
170.227
170.194
170.159
170.124
170.088
170.052
170.014
169.977
169.938
169.899
169.86
169.82
169.781
169.74
169.7
169.66
169.62
169.58
169.54
169.5
169.461
169.423
169.385
169.347
169.31
169.275
169.24
169.206
169.173
169.142
169.111
169.083
169.055
169.029
169.005
168.982
168.962
168.942
168.925
168.91
168.897
168.885
168.876
168.869
168.863
168.86
168.859
168.86
168.863
168.869
168.876
168.885
168.897
168.91
168.925
168.942
168.962
168.982
169.005
169.029
169.055
169.083
169.111
169.142
169.173
169.206
169.24
169.275
169.31
169.347
169.385
169.423
169.461
169.5
169.54
169.58
169.62
169.66
169.7
169.74
169.781
169.82
169.86
169.899
169.938
169.977
170.014
170.052
170.088
170.124
170.159
170.194
170.227
170.26
170.292
170.322
170.352
170.381
170.409
170.435
170.461
170.486
170.509
170.531
170.552
170.572
170.591
170.608
170.625
170.64
170.654
170.667
170.678
170.689
170.698
170.706
170.712
170.718
170.722
170.725
170.727
170.728
167.479
167.479
167.477
167.473
167.468
167.462
167.455
167.446
167.436
167.424
167.412
167.397
167.382
167.365
167.347
167.327
167.306
167.284
167.261
167.236
167.21
167.183
167.154
167.125
167.094
167.062
167.028
166.994
166.959
166.922
166.885
166.847
166.807
166.767
166.726
166.685
166.643
166.6
166.556
166.512
166.468
166.423
166.379
166.334
166.289
166.244
166.199
166.154
166.11
166.066
166.023
165.98
165.939
165.898
165.857
165.818
165.78
165.744
165.708
165.675
165.642
165.611
165.582
165.555
165.53
165.507
165.485
165.466
165.449
165.434
165.421
165.41
165.402
165.396
165.393
165.391
165.393
165.396
165.402
165.41
165.421
165.434
165.449
165.466
165.485
165.507
165.53
165.555
165.582
165.611
165.642
165.675
165.708
165.744
165.78
165.818
165.857
165.898
165.939
165.98
166.023
166.066
166.11
166.154
166.199
166.244
166.289
166.334
166.379
166.423
166.468
166.512
166.556
166.6
166.643
166.685
166.726
166.767
166.807
166.847
166.885
166.922
166.959
166.994
167.028
167.062
167.094
167.125
167.154
167.183
167.21
167.236
167.261
167.284
167.306
167.327
167.347
167.365
167.382
167.397
167.412
167.424
167.436
167.446
167.455
167.462
167.468
167.473
167.477
167.479
167.479
164.232
164.232
164.229
164.226
164.22
164.214
164.205
164.196
164.185
164.172
164.158
164.142
164.125
164.106
164.086
164.065
164.042
164.017
163.992
163.964
163.936
163.906
163.874
163.841
163.807
163.772
163.735
163.698
163.658
163.618
163.577
163.535
163.491
163.447
163.402
163.356
163.309
163.262
163.214
163.165
163.116
163.067
163.017
162.967
162.917
162.868
162.818
162.769
162.72
162.671
162.623
162.576
162.529
162.484
162.439
162.396
162.354
162.313
162.274
162.236
162.2
162.166
162.134
162.104
162.076
162.05
162.026
162.004
161.985
161.969
161.954
161.943
161.934
161.927
161.923
161.922
161.923
161.927
161.934
161.943
161.954
161.969
161.985
162.004
162.026
162.05
162.076
162.104
162.134
162.166
162.2
162.236
162.274
162.313
162.354
162.396
162.439
162.484
162.529
162.576
162.623
162.671
162.72
162.769
162.818
162.868
162.917
162.967
163.017
163.067
163.116
163.165
163.214
163.262
163.309
163.356
163.402
163.447
163.491
163.535
163.577
163.618
163.658
163.698
163.735
163.772
163.807
163.841
163.874
163.906
163.936
163.964
163.992
164.017
164.042
164.065
164.086
164.106
164.125
164.142
164.158
164.172
164.185
164.196
164.205
164.214
164.22
164.226
164.229
164.232
164.232
160.987
160.986
160.983
160.979
160.974
160.966
160.957
160.947
160.935
160.921
160.905
160.888
160.87
160.849
160.827
160.804
160.779
160.752
160.724
160.694
160.663
160.63
160.596
160.56
160.522
160.484
160.444
160.402
160.359
160.315
160.27
160.224
160.176
160.128
160.078
160.028
159.976
159.924
159.871
159.818
159.764
159.71
159.656
159.601
159.546
159.491
159.437
159.382
159.328
159.275
159.222
159.17
159.119
159.069
159.02
158.972
158.926
158.881
158.838
158.796
158.756
158.719
158.683
158.65
158.619
158.59
158.564
158.54
158.519
158.501
158.485
158.472
158.462
158.455
158.451
158.449
158.451
158.455
158.462
158.472
158.485
158.501
158.519
158.54
158.564
158.59
158.619
158.65
158.683
158.719
158.756
158.796
158.838
158.881
158.926
158.972
159.02
159.069
159.119
159.17
159.222
159.275
159.328
159.382
159.437
159.491
159.546
159.601
159.656
159.71
159.764
159.818
159.871
159.924
159.976
160.028
160.078
160.128
160.176
160.224
160.27
160.315
160.359
160.402
160.444
160.484
160.522
160.56
160.596
160.63
160.663
160.694
160.724
160.752
160.779
160.804
160.827
160.849
160.87
160.888
160.905
160.921
160.935
160.947
160.957
160.966
160.974
160.979
160.983
160.986
160.987
157.743
157.742
157.739
157.735
157.729
157.721
157.711
157.699
157.686
157.671
157.655
157.636
157.616
157.594
157.57
157.545
157.517
157.488
157.458
157.425
157.391
157.356
157.318
157.279
157.239
157.197
157.153
157.108
157.062
157.014
156.964
156.914
156.862
156.809
156.755
156.7
156.644
156.588
156.53
156.472
156.413
156.354
156.294
156.235
156.175
156.115
156.055
155.996
155.937
155.878
155.821
155.764
155.708
155.653
155.599
155.547
155.496
155.447
155.399
155.354
155.311
155.269
155.23
155.194
155.16
155.128
155.1
155.074
155.05
155.03
155.013
154.999
154.988
154.98
154.975
154.974
154.975
154.98
154.988
154.999
155.013
155.03
155.05
155.074
155.1
155.128
155.16
155.194
155.23
155.269
155.311
155.354
155.399
155.447
155.496
155.547
155.599
155.653
155.708
155.764
155.821
155.878
155.937
155.996
156.055
156.115
156.175
156.235
156.294
156.354
156.413
156.472
156.53
156.588
156.644
156.7
156.755
156.809
156.862
156.914
156.964
157.014
157.062
157.108
157.153
157.197
157.239
157.279
157.318
157.356
157.391
157.425
157.458
157.488
157.517
157.545
157.57
157.594
157.616
157.636
157.655
157.671
157.686
157.699
157.711
157.721
157.729
157.735
157.739
157.742
157.743
154.5
154.499
154.497
154.492
154.485
154.477
154.466
154.454
154.44
154.423
154.405
154.385
154.364
154.34
154.314
154.287
154.258
154.226
154.193
154.158
154.122
154.083
154.043
154.001
153.957
153.911
153.864
153.816
153.765
153.713
153.66
153.605
153.549
153.492
153.433
153.374
153.313
153.252
153.189
153.126
153.062
152.998
152.933
152.868
152.803
152.738
152.674
152.609
152.545
152.481
152.418
152.356
152.295
152.235
152.177
152.12
152.065
152.011
151.96
151.91
151.863
151.818
151.775
151.735
151.698
151.664
151.633
151.604
151.579
151.557
151.538
151.523
151.511
151.502
151.497
151.495
151.497
151.502
151.511
151.523
151.538
151.557
151.579
151.604
151.633
151.664
151.698
151.735
151.775
151.818
151.863
151.91
151.96
152.011
152.065
152.12
152.177
152.235
152.295
152.356
152.418
152.481
152.545
152.609
152.674
152.738
152.803
152.868
152.933
152.998
153.062
153.126
153.189
153.252
153.313
153.374
153.433
153.492
153.549
153.605
153.66
153.713
153.765
153.816
153.864
153.911
153.957
154.001
154.043
154.083
154.122
154.158
154.193
154.226
154.258
154.287
154.314
154.34
154.364
154.385
154.405
154.423
154.44
154.454
154.466
154.477
154.485
154.492
154.497
154.499
154.5
151.26
151.259
151.256
151.251
151.244
151.235
151.223
151.21
151.195
151.178
151.158
151.137
151.113
151.088
151.061
151.031
151
150.966
150.931
150.893
150.854
150.812
150.769
150.724
150.677
150.628
150.577
150.525
150.47
150.415
150.357
150.298
150.238
150.176
150.113
150.048
149.983
149.917
149.849
149.781
149.712
149.643
149.573
149.502
149.432
149.362
149.292
149.222
149.152
149.083
149.015
148.948
148.882
148.817
148.753
148.692
148.632
148.574
148.517
148.464
148.412
148.364
148.317
148.274
148.234
148.196
148.162
148.132
148.104
148.08
148.06
148.043
148.03
148.021
148.015
148.013
148.015
148.021
148.03
148.043
148.06
148.08
148.104
148.132
148.162
148.196
148.234
148.274
148.317
148.364
148.412
148.464
148.517
148.574
148.632
148.692
148.753
148.817
148.882
148.948
149.015
149.083
149.152
149.222
149.292
149.362
149.432
149.502
149.573
149.643
149.712
149.781
149.849
149.917
149.983
150.048
150.113
150.176
150.238
150.298
150.357
150.415
150.47
150.525
150.577
150.628
150.677
150.724
150.769
150.812
150.854
150.893
150.931
150.966
151
151.031
151.061
151.088
151.113
151.137
151.158
151.178
151.195
151.21
151.223
151.235
151.244
151.251
151.256
151.259
151.26
148.022
148.02
148.017
148.012
148.004
147.994
147.982
147.968
147.952
147.934
147.913
147.89
147.865
147.838
147.809
147.777
147.744
147.708
147.67
147.63
147.588
147.543
147.497
147.449
147.398
147.346
147.292
147.235
147.177
147.117
147.056
146.992
146.928
146.861
146.793
146.724
146.654
146.582
146.51
146.437
146.362
146.288
146.212
146.137
146.061
145.985
145.909
145.834
145.759
145.684
145.611
145.538
145.467
145.397
145.328
145.262
145.197
145.134
145.073
145.015
144.96
144.907
144.857
144.81
144.766
144.726
144.689
144.656
144.626
144.6
144.578
144.56
144.546
144.535
144.529
144.527
144.529
144.535
144.546
144.56
144.578
144.6
144.626
144.656
144.689
144.726
144.766
144.81
144.857
144.907
144.96
145.015
145.073
145.134
145.197
145.262
145.328
145.397
145.467
145.538
145.611
145.684
145.759
145.834
145.909
145.985
146.061
146.137
146.212
146.288
146.362
146.437
146.51
146.582
146.654
146.724
146.793
146.861
146.928
146.992
147.056
147.117
147.177
147.235
147.292
147.346
147.398
147.449
147.497
147.543
147.588
147.63
147.67
147.708
147.744
147.777
147.809
147.838
147.865
147.89
147.913
147.934
147.952
147.968
147.982
147.994
148.004
148.012
148.017
148.02
148.022
144.785
144.784
144.781
144.775
144.767
144.756
144.744
144.729
144.711
144.692
144.67
144.646
144.619
144.59
144.559
144.526
144.49
144.452
144.411
144.369
144.324
144.277
144.227
144.176
144.122
144.066
144.008
143.948
143.886
143.822
143.756
143.688
143.619
143.548
143.475
143.401
143.326
143.249
143.172
143.093
143.013
142.933
142.852
142.771
142.69
142.608
142.527
142.446
142.365
142.285
142.206
142.128
142.051
141.975
141.902
141.83
141.76
141.692
141.627
141.564
141.504
141.447
141.393
141.342
141.295
141.252
141.212
141.176
141.144
141.116
141.092
141.072
141.057
141.046
141.04
141.037
141.04
141.046
141.057
141.072
141.092
141.116
141.144
141.176
141.212
141.252
141.295
141.342
141.393
141.447
141.504
141.564
141.627
141.692
141.76
141.83
141.902
141.975
142.051
142.128
142.206
142.285
142.365
142.446
142.527
142.608
142.69
142.771
142.852
142.933
143.013
143.093
143.172
143.249
143.326
143.401
143.475
143.548
143.619
143.688
143.756
143.822
143.886
143.948
144.008
144.066
144.122
144.176
144.227
144.277
144.324
144.369
144.411
144.452
144.49
144.526
144.559
144.59
144.619
144.646
144.67
144.692
144.711
144.729
144.744
144.756
144.767
144.775
144.781
144.784
144.785
141.551
141.55
141.546
141.54
141.532
141.521
141.507
141.491
141.473
141.452
141.429
141.403
141.375
141.345
141.312
141.276
141.238
141.198
141.155
141.11
141.062
141.012
140.959
140.905
140.848
140.788
140.726
140.662
140.596
140.528
140.458
140.386
140.312
140.236
140.159
140.08
139.999
139.917
139.834
139.75
139.665
139.579
139.493
139.406
139.319
139.231
139.144
139.057
138.97
138.885
138.8
138.716
138.633
138.552
138.473
138.396
138.32
138.248
138.177
138.11
138.045
137.984
137.926
137.872
137.821
137.774
137.731
137.692
137.658
137.628
137.602
137.581
137.564
137.552
137.545
137.543
137.545
137.552
137.564
137.581
137.602
137.628
137.658
137.692
137.731
137.774
137.821
137.872
137.926
137.984
138.045
138.11
138.177
138.248
138.32
138.396
138.473
138.552
138.633
138.716
138.8
138.885
138.97
139.057
139.144
139.231
139.319
139.406
139.493
139.579
139.665
139.75
139.834
139.917
139.999
140.08
140.159
140.236
140.312
140.386
140.458
140.528
140.596
140.662
140.726
140.788
140.848
140.905
140.959
141.012
141.062
141.11
141.155
141.198
141.238
141.276
141.312
141.345
141.375
141.403
141.429
141.452
141.473
141.491
141.507
141.521
141.532
141.54
141.546
141.55
141.551
138.319
138.318
138.314
138.308
138.299
138.287
138.273
138.256
138.237
138.215
138.191
138.164
138.134
138.102
138.067
138.029
137.989
137.946
137.901
137.853
137.803
137.75
137.694
137.636
137.576
137.513
137.447
137.379
137.309
137.237
137.162
137.086
137.007
136.926
136.844
136.76
136.674
136.587
136.498
136.409
136.318
136.226
136.134
136.041
135.948
135.854
135.761
135.668
135.575
135.483
135.393
135.303
135.214
135.127
135.042
134.959
134.879
134.801
134.725
134.653
134.584
134.518
134.455
134.397
134.342
134.292
134.246
134.204
134.167
134.135
134.107
134.084
134.067
134.054
134.046
134.044
134.046
134.054
134.067
134.084
134.107
134.135
134.167
134.204
134.246
134.292
134.342
134.397
134.455
134.518
134.584
134.653
134.725
134.801
134.879
134.959
135.042
135.127
135.214
135.303
135.393
135.483
135.575
135.668
135.761
135.854
135.948
136.041
136.134
136.226
136.318
136.409
136.498
136.587
136.674
136.76
136.844
136.926
137.007
137.086
137.162
137.237
137.309
137.379
137.447
137.513
137.576
137.636
137.694
137.75
137.803
137.853
137.901
137.946
137.989
138.029
138.067
138.102
138.134
138.164
138.191
138.215
138.237
138.256
138.273
138.287
138.299
138.308
138.314
138.318
138.319
135.09
135.089
135.085
135.078
135.069
135.057
135.042
135.024
135.004
134.981
134.955
134.926
134.895
134.861
134.824
134.785
134.743
134.698
134.65
134.599
134.546
134.49
134.431
134.37
134.306
134.239
134.17
134.098
134.024
133.947
133.868
133.787
133.704
133.618
133.531
133.441
133.35
133.258
133.163
133.068
132.971
132.874
132.775
132.676
132.577
132.477
132.378
132.278
132.18
132.081
131.984
131.888
131.794
131.701
131.61
131.521
131.435
131.351
131.27
131.193
131.119
131.048
130.981
130.919
130.86
130.806
130.757
130.712
130.672
130.637
130.608
130.583
130.564
130.551
130.542
130.54
130.542
130.551
130.564
130.583
130.608
130.637
130.672
130.712
130.757
130.806
130.86
130.919
130.981
131.048
131.119
131.193
131.27
131.351
131.435
131.521
131.61
131.701
131.794
131.888
131.984
132.081
132.18
132.278
132.378
132.477
132.577
132.676
132.775
132.874
132.971
133.068
133.163
133.258
133.35
133.441
133.531
133.618
133.704
133.787
133.868
133.947
134.024
134.098
134.17
134.239
134.306
134.37
134.431
134.49
134.546
134.599
134.65
134.698
134.743
134.785
134.824
134.861
134.895
134.926
134.955
134.981
135.004
135.024
135.042
135.057
135.069
135.078
135.085
135.089
135.09
131.864
131.862
131.858
131.851
131.841
131.828
131.813
131.794
131.773
131.749
131.722
131.692
131.659
131.623
131.585
131.543
131.499
131.452
131.401
131.348
131.292
131.233
131.171
131.107
131.039
130.969
130.896
130.82
130.742
130.661
130.577
130.491
130.403
130.312
130.219
130.125
130.028
129.93
129.83
129.728
129.626
129.522
129.417
129.312
129.206
129.1
128.994
128.888
128.783
128.678
128.575
128.472
128.371
128.272
128.175
128.08
127.988
127.899
127.812
127.729
127.65
127.574
127.503
127.436
127.373
127.315
127.262
127.214
127.172
127.134
127.103
127.077
127.056
127.042
127.033
127.03
127.033
127.042
127.056
127.077
127.103
127.134
127.172
127.214
127.262
127.315
127.373
127.436
127.503
127.574
127.65
127.729
127.812
127.899
127.988
128.08
128.175
128.272
128.371
128.472
128.575
128.678
128.783
128.888
128.994
129.1
129.206
129.312
129.417
129.522
129.626
129.728
129.83
129.93
130.028
130.125
130.219
130.312
130.403
130.491
130.577
130.661
130.742
130.82
130.896
130.969
131.039
131.107
131.171
131.233
131.292
131.348
131.401
131.452
131.499
131.543
131.585
131.623
131.659
131.692
131.722
131.749
131.773
131.794
131.813
131.828
131.841
131.851
131.858
131.862
131.864
128.64
128.638
128.634
128.627
128.616
128.603
128.587
128.567
128.545
128.52
128.492
128.46
128.426
128.389
128.348
128.305
128.258
128.208
128.156
128.1
128.041
127.979
127.914
127.846
127.775
127.701
127.624
127.544
127.462
127.376
127.288
127.197
127.104
127.008
126.91
126.81
126.708
126.604
126.498
126.39
126.282
126.171
126.06
125.949
125.836
125.724
125.611
125.498
125.386
125.275
125.164
125.055
124.947
124.842
124.738
124.637
124.538
124.443
124.351
124.262
124.177
124.097
124.02
123.948
123.881
123.819
123.763
123.712
123.666
123.626
123.592
123.564
123.542
123.527
123.517
123.514
123.517
123.527
123.542
123.564
123.592
123.626
123.666
123.712
123.763
123.819
123.881
123.948
124.02
124.097
124.177
124.262
124.351
124.443
124.538
124.637
124.738
124.842
124.947
125.055
125.164
125.275
125.386
125.498
125.611
125.724
125.836
125.949
126.06
126.171
126.282
126.39
126.498
126.604
126.708
126.81
126.91
127.008
127.104
127.197
127.288
127.376
127.462
127.544
127.624
127.701
127.775
127.846
127.914
127.979
128.041
128.1
128.156
128.208
128.258
128.305
128.348
128.389
128.426
128.46
128.492
128.52
128.545
128.567
128.587
128.603
128.616
128.627
128.634
128.638
128.64
125.419
125.418
125.413
125.405
125.394
125.381
125.364
125.343
125.32
125.294
125.264
125.232
125.196
125.157
125.114
125.069
125.02
124.968
124.913
124.855
124.793
124.728
124.66
124.588
124.514
124.436
124.355
124.271
124.184
124.095
124.002
123.906
123.808
123.707
123.603
123.498
123.389
123.279
123.167
123.054
122.938
122.822
122.704
122.586
122.466
122.347
122.227
122.107
121.988
121.87
121.752
121.636
121.522
121.409
121.299
121.191
121.086
120.984
120.886
120.791
120.701
120.615
120.533
120.456
120.385
120.319
120.258
120.203
120.155
120.112
120.076
120.046
120.023
120.006
119.996
119.992
119.996
120.006
120.023
120.046
120.076
120.112
120.155
120.203
120.258
120.319
120.385
120.456
120.533
120.615
120.701
120.791
120.886
120.984
121.086
121.191
121.299
121.409
121.522
121.636
121.752
121.87
121.988
122.107
122.227
122.347
122.466
122.586
122.704
122.822
122.938
123.054
123.167
123.279
123.389
123.498
123.603
123.707
123.808
123.906
124.002
124.095
124.184
124.271
124.355
124.436
124.514
124.588
124.66
124.728
124.793
124.855
124.913
124.968
125.02
125.069
125.114
125.157
125.196
125.232
125.264
125.294
125.32
125.343
125.364
125.381
125.394
125.405
125.413
125.418
125.419
122.201
122.2
122.195
122.187
122.176
122.161
122.143
122.123
122.098
122.071
122.04
122.006
121.969
121.928
121.884
121.836
121.786
121.731
121.674
121.613
121.548
121.48
121.409
121.334
121.256
121.175
121.09
121.002
120.91
120.816
120.718
120.618
120.514
120.408
120.299
120.187
120.073
119.957
119.839
119.719
119.597
119.473
119.349
119.223
119.097
118.97
118.843
118.716
118.59
118.464
118.339
118.216
118.094
117.974
117.857
117.742
117.63
117.522
117.417
117.316
117.22
117.128
117.041
116.959
116.883
116.812
116.747
116.689
116.637
116.591
116.553
116.521
116.496
116.478
116.467
116.464
116.467
116.478
116.496
116.521
116.553
116.591
116.637
116.689
116.747
116.812
116.883
116.959
117.041
117.128
117.22
117.316
117.417
117.522
117.63
117.742
117.857
117.974
118.094
118.216
118.339
118.464
118.59
118.716
118.843
118.97
119.097
119.223
119.349
119.473
119.597
119.719
119.839
119.957
120.073
120.187
120.299
120.408
120.514
120.618
120.718
120.816
120.91
121.002
121.09
121.175
121.256
121.334
121.409
121.48
121.548
121.613
121.674
121.731
121.786
121.836
121.884
121.928
121.969
122.006
122.04
122.071
122.098
122.123
122.143
122.161
122.176
122.187
122.195
122.2
122.201
118.986
118.985
118.98
118.972
118.96
118.945
118.927
118.905
118.88
118.851
118.819
118.784
118.745
118.703
118.657
118.607
118.554
118.498
118.438
118.374
118.307
118.236
118.161
118.083
118.001
117.916
117.827
117.735
117.639
117.54
117.438
117.332
117.223
117.112
116.997
116.879
116.759
116.637
116.512
116.385
116.257
116.126
115.995
115.862
115.728
115.594
115.459
115.325
115.191
115.057
114.925
114.794
114.664
114.537
114.412
114.29
114.171
114.056
113.944
113.837
113.734
113.636
113.543
113.456
113.375
113.299
113.231
113.168
113.113
113.064
113.023
112.989
112.962
112.943
112.931
112.928
112.931
112.943
112.962
112.989
113.023
113.064
113.113
113.168
113.231
113.299
113.375
113.456
113.543
113.636
113.734
113.837
113.944
114.056
114.171
114.29
114.412
114.537
114.664
114.794
114.925
115.057
115.191
115.325
115.459
115.594
115.728
115.862
115.995
116.126
116.257
116.385
116.512
116.637
116.759
116.879
116.997
117.112
117.223
117.332
117.438
117.54
117.639
117.735
117.827
117.916
118.001
118.083
118.161
118.236
118.307
118.374
118.438
118.498
118.554
118.607
118.657
118.703
118.745
118.784
118.819
118.851
118.88
118.905
118.927
118.945
118.96
118.972
118.98
118.985
118.986
115.775
115.773
115.768
115.76
115.748
115.732
115.713
115.69
115.664
115.635
115.602
115.565
115.525
115.481
115.433
115.382
115.327
115.268
115.205
115.139
115.069
114.995
114.917
114.836
114.75
114.661
114.569
114.472
114.372
114.268
114.161
114.05
113.936
113.818
113.698
113.574
113.448
113.319
113.187
113.054
112.918
112.78
112.641
112.501
112.36
112.218
112.075
111.933
111.791
111.649
111.509
111.37
111.233
111.098
110.965
110.835
110.709
110.586
110.467
110.353
110.244
110.139
110.041
109.948
109.861
109.781
109.707
109.641
109.582
109.53
109.486
109.449
109.421
109.4
109.388
109.384
109.388
109.4
109.421
109.449
109.486
109.53
109.582
109.641
109.707
109.781
109.861
109.948
110.041
110.139
110.244
110.353
110.467
110.586
110.709
110.835
110.965
111.098
111.233
111.37
111.509
111.649
111.791
111.933
112.075
112.218
112.36
112.501
112.641
112.78
112.918
113.054
113.187
113.319
113.448
113.574
113.698
113.818
113.936
114.05
114.161
114.268
114.372
114.472
114.569
114.661
114.75
114.836
114.917
114.995
115.069
115.139
115.205
115.268
115.327
115.382
115.433
115.481
115.525
115.565
115.602
115.635
115.664
115.69
115.713
115.732
115.748
115.76
115.768
115.773
115.775
112.567
112.565
112.56
112.551
112.539
112.522
112.503
112.48
112.453
112.422
112.388
112.35
112.308
112.262
112.213
112.16
112.103
112.042
111.977
111.908
111.835
111.758
111.677
111.592
111.503
111.41
111.313
111.213
111.108
110.999
110.887
110.771
110.651
110.528
110.402
110.272
110.139
110.003
109.865
109.724
109.581
109.436
109.29
109.142
108.992
108.842
108.692
108.541
108.391
108.241
108.092
107.945
107.799
107.655
107.515
107.377
107.243
107.112
106.986
106.864
106.748
106.637
106.532
106.433
106.341
106.255
106.177
106.106
106.043
105.988
105.941
105.902
105.872
105.85
105.837
105.832
105.837
105.85
105.872
105.902
105.941
105.988
106.043
106.106
106.177
106.255
106.341
106.433
106.532
106.637
106.748
106.864
106.986
107.112
107.243
107.377
107.515
107.655
107.799
107.945
108.092
108.241
108.391
108.541
108.692
108.842
108.992
109.142
109.29
109.436
109.581
109.724
109.865
110.003
110.139
110.272
110.402
110.528
110.651
110.771
110.887
110.999
111.108
111.213
111.313
111.41
111.503
111.592
111.677
111.758
111.835
111.908
111.977
112.042
112.103
112.16
112.213
112.262
112.308
112.35
112.388
112.422
112.453
112.48
112.503
112.522
112.539
112.551
112.56
112.565
112.567
109.362
109.361
109.355
109.346
109.333
109.316
109.296
109.272
109.244
109.213
109.177
109.138
109.095
109.048
108.997
108.942
108.883
108.819
108.752
108.681
108.605
108.525
108.441
108.353
108.26
108.163
108.062
107.957
107.848
107.734
107.617
107.496
107.37
107.241
107.109
106.973
106.833
106.691
106.545
106.397
106.247
106.094
105.939
105.783
105.626
105.467
105.308
105.149
104.99
104.831
104.674
104.517
104.363
104.211
104.061
103.915
103.773
103.634
103.5
103.371
103.247
103.129
103.017
102.912
102.813
102.722
102.639
102.563
102.496
102.437
102.387
102.346
102.313
102.29
102.276
102.272
102.276
102.29
102.313
102.346
102.387
102.437
102.496
102.563
102.639
102.722
102.813
102.912
103.017
103.129
103.247
103.371
103.5
103.634
103.773
103.915
104.061
104.211
104.363
104.517
104.674
104.831
104.99
105.149
105.308
105.467
105.626
105.783
105.939
106.094
106.247
106.397
106.545
106.691
106.833
106.973
107.109
107.241
107.37
107.496
107.617
107.734
107.848
107.957
108.062
108.163
108.26
108.353
108.441
108.525
108.605
108.681
108.752
108.819
108.883
108.942
108.997
109.048
109.095
109.138
109.177
109.213
109.244
109.272
109.296
109.316
109.333
109.346
109.355
109.361
109.362
106.161
106.16
106.154
106.145
106.131
106.114
106.093
106.069
106.04
106.007
105.971
105.93
105.886
105.837
105.785
105.728
105.667
105.601
105.532
105.458
105.379
105.296
105.209
105.117
105.021
104.921
104.815
104.706
104.592
104.474
104.351
104.224
104.093
103.958
103.819
103.677
103.531
103.381
103.228
103.073
102.914
102.754
102.591
102.426
102.26
102.093
101.925
101.757
101.588
101.421
101.254
101.088
100.925
100.764
100.605
100.45
100.299
100.151
100.009
99.8715
99.74
99.6144
99.4954
99.3834
99.2787
99.1818
99.093
99.0126
98.9409
98.8782
98.8247
98.7807
98.7463
98.7216
98.7068
98.7019
98.7068
98.7216
98.7463
98.7807
98.8247
98.8782
98.9409
99.0126
99.093
99.1818
99.2787
99.3834
99.4954
99.6144
99.74
99.8715
100.009
100.151
100.299
100.45
100.605
100.764
100.925
101.088
101.254
101.421
101.588
101.757
101.925
102.093
102.26
102.426
102.591
102.754
102.914
103.073
103.228
103.381
103.531
103.677
103.819
103.958
104.093
104.224
104.351
104.474
104.592
104.706
104.815
104.921
105.021
105.117
105.209
105.296
105.379
105.458
105.532
105.601
105.667
105.728
105.785
105.837
105.886
105.93
105.971
106.007
106.04
106.069
106.093
106.114
106.131
106.145
106.154
106.16
106.161
102.964
102.962
102.957
102.947
102.933
102.916
102.894
102.869
102.839
102.806
102.768
102.727
102.681
102.631
102.577
102.518
102.455
102.387
102.315
102.239
102.158
102.072
101.982
101.887
101.787
101.682
101.573
101.459
101.34
101.217
101.089
100.957
100.82
100.679
100.534
100.385
100.231
100.075
99.9144
99.751
99.5846
99.4155
99.2441
99.0707
98.8956
98.7193
98.5419
98.3643
98.1865
98.0092
97.8327
97.6576
97.4844
97.3135
97.1456
96.981
96.8203
96.6641
96.5128
96.367
96.2271
96.0936
95.9671
95.8479
95.7365
95.6334
95.5388
95.4532
95.3769
95.3101
95.2531
95.2062
95.1696
95.1432
95.1274
95.1221
95.1274
95.1432
95.1696
95.2062
95.2531
95.3101
95.3769
95.4532
95.5388
95.6334
95.7365
95.8479
95.9671
96.0936
96.2271
96.367
96.5128
96.6641
96.8203
96.981
97.1456
97.3135
97.4844
97.6576
97.8327
98.0092
98.1865
98.3643
98.5419
98.7193
98.8956
99.0707
99.2441
99.4155
99.5846
99.751
99.9144
100.075
100.231
100.385
100.534
100.679
100.82
100.957
101.089
101.217
101.34
101.459
101.573
101.682
101.787
101.887
101.982
102.072
102.158
102.239
102.315
102.387
102.455
102.518
102.577
102.631
102.681
102.727
102.768
102.806
102.839
102.869
102.894
102.916
102.933
102.947
102.957
102.962
102.964
99.7708
99.7688
99.7629
99.7529
99.739
99.721
99.6991
99.673
99.6428
99.6085
99.57
99.5272
99.4801
99.4286
99.3727
99.3124
99.2474
99.1779
99.1037
99.0247
98.9409
98.8524
98.7588
98.6604
98.557
98.4486
98.3353
98.2169
98.0936
97.9653
97.8322
97.6942
97.5516
97.4042
97.2525
97.0963
96.936
96.7718
96.6037
96.4322
96.2574
96.0797
95.8995
95.7169
95.5325
95.3466
95.1596
94.972
94.7843
94.5969
94.4102
94.225
94.0416
93.8606
93.6826
93.5081
93.3377
93.1718
93.0112
92.8563
92.7076
92.5658
92.4312
92.3044
92.1859
92.0762
91.9754
91.8843
91.803
91.7319
91.6712
91.6212
91.5821
91.5541
91.5372
91.5316
91.5372
91.5541
91.5821
91.6212
91.6712
91.7319
91.803
91.8843
91.9754
92.0762
92.1859
92.3044
92.4312
92.5658
92.7076
92.8563
93.0112
93.1718
93.3377
93.5081
93.6826
93.8606
94.0416
94.225
94.4102
94.5969
94.7843
94.972
95.1596
95.3466
95.5325
95.7169
95.8995
96.0797
96.2574
96.4322
96.6037
96.7718
96.936
97.0963
97.2525
97.4042
97.5516
97.6942
97.8322
97.9653
98.0936
98.2169
98.3353
98.4486
98.557
98.6604
98.7588
98.8524
98.9409
99.0247
99.1037
99.1779
99.2474
99.3124
99.3727
99.4286
99.4801
99.5272
99.57
99.6085
99.6428
99.673
99.6991
99.721
99.739
99.7529
99.7629
99.7688
99.7708
96.5813
96.5793
96.5732
96.563
96.5488
96.5304
96.5079
96.4812
96.4504
96.4152
96.3758
96.3319
96.2836
96.2308
96.1735
96.1114
96.0447
95.9732
95.8968
95.8154
95.729
95.6376
95.541
95.4393
95.3323
95.2201
95.1026
94.9798
94.8518
94.7185
94.58
94.4364
94.2877
94.134
93.9755
93.8123
93.6447
93.4727
93.2966
93.1168
92.9333
92.7468
92.5572
92.3652
92.171
91.9751
91.778
91.5801
91.3819
91.1838
90.9866
90.7906
90.5965
90.4049
90.2162
90.0312
89.8504
89.6744
89.5039
89.3393
89.1814
89.0306
88.8875
88.7527
88.6266
88.5097
88.4025
88.3054
88.2189
88.1431
88.0785
88.0252
87.9836
87.9537
87.9357
87.9297
87.9357
87.9537
87.9836
88.0252
88.0785
88.1431
88.2189
88.3054
88.4025
88.5097
88.6266
88.7527
88.8875
89.0306
89.1814
89.3393
89.5039
89.6744
89.8504
90.0312
90.2162
90.4049
90.5965
90.7906
90.9866
91.1838
91.3819
91.5801
91.778
91.9751
92.171
92.3652
92.5572
92.7468
92.9333
93.1168
93.2966
93.4727
93.6447
93.8123
93.9755
94.134
94.2877
94.4364
94.58
94.7185
94.8518
94.9798
95.1026
95.2201
95.3323
95.4393
95.541
95.6376
95.729
95.8154
95.8968
95.9732
96.0447
96.1114
96.1735
96.2308
96.2836
96.3319
96.3758
96.4152
96.4504
96.4812
96.5079
96.5304
96.5488
96.563
96.5732
96.5793
96.5813
93.3957
93.3937
93.3875
93.3771
93.3626
93.3439
93.3209
93.2936
93.2621
93.2262
93.1858
93.141
93.0916
93.0375
92.9787
92.9151
92.8467
92.7732
92.6947
92.611
92.5221
92.4279
92.3284
92.2233
92.1128
91.9967
91.8752
91.7479
91.6151
91.4768
91.3328
91.1834
91.0286
90.8684
90.7031
90.5327
90.3575
90.1776
89.9933
89.8048
89.6124
89.4165
89.2174
89.0155
88.8112
88.6049
88.3971
88.1884
87.9792
87.7701
87.5616
87.3543
87.149
86.946
86.7462
86.5501
86.3584
86.1717
85.9906
85.8159
85.6481
85.4878
85.3357
85.1923
85.0581
84.9338
84.8197
84.7163
84.6241
84.5434
84.4745
84.4178
84.3734
84.3416
84.3225
84.3161
84.3225
84.3416
84.3734
84.4178
84.4745
84.5434
84.6241
84.7163
84.8197
84.9338
85.0581
85.1923
85.3357
85.4878
85.6481
85.8159
85.9906
86.1717
86.3584
86.5501
86.7462
86.946
87.149
87.3543
87.5616
87.7701
87.9792
88.1884
88.3971
88.6049
88.8112
89.0155
89.2174
89.4165
89.6124
89.8048
89.9933
90.1776
90.3575
90.5327
90.7031
90.8684
91.0286
91.1834
91.3328
91.4768
91.6151
91.7479
91.8752
91.9967
92.1128
92.2233
92.3284
92.4279
92.5221
92.611
92.6947
92.7732
92.8467
92.9151
92.9787
93.0375
93.0916
93.141
93.1858
93.2262
93.2621
93.2936
93.3209
93.3439
93.3626
93.3771
93.3875
93.3937
93.3957
90.2144
90.2123
90.2059
90.1954
90.1806
90.1615
90.1381
90.1104
90.0782
90.0416
90.0004
89.9546
89.9042
89.8489
89.7888
89.7238
89.6536
89.5784
89.4978
89.4119
89.3205
89.2237
89.1211
89.0129
88.8989
88.779
88.6533
88.5216
88.3841
88.2406
88.0912
87.936
87.7749
87.6082
87.4358
87.2581
87.0751
86.8871
86.6942
86.4968
86.2951
86.0896
85.8805
85.6683
85.4534
85.2362
85.0174
84.7973
84.5765
84.3558
84.1354
83.9164
83.699
83.4842
83.2725
83.0647
82.8614
82.6633
82.4711
82.2855
82.1073
81.9369
81.7752
81.6226
81.4799
81.3475
81.2261
81.116
81.0178
80.9318
80.8585
80.798
80.7507
80.7168
80.6964
80.6896
80.6964
80.7168
80.7507
80.798
80.8585
80.9318
81.0178
81.116
81.2261
81.3475
81.4799
81.6226
81.7752
81.9369
82.1073
82.2855
82.4711
82.6633
82.8614
83.0647
83.2725
83.4842
83.699
83.9164
84.1354
84.3558
84.5765
84.7973
85.0174
85.2362
85.4534
85.6683
85.8805
86.0896
86.2951
86.4968
86.6942
86.8871
87.0751
87.2581
87.4358
87.6082
87.7749
87.936
88.0912
88.2406
88.3841
88.5216
88.6533
88.779
88.8989
89.0129
89.1211
89.2237
89.3205
89.4119
89.4978
89.5784
89.6536
89.7238
89.7888
89.8489
89.9042
89.9546
90.0004
90.0416
90.0782
90.1104
90.1381
90.1615
90.1806
90.1954
90.2059
90.2123
90.2144
87.0371
87.0349
87.0285
87.0178
87.0028
86.9834
86.9596
86.9314
86.8987
86.8614
86.8195
86.7729
86.7215
86.6651
86.6038
86.5374
86.4657
86.3887
86.3063
86.2182
86.1245
86.025
85.9196
85.8083
85.6908
85.5672
85.4374
85.3014
85.1591
85.0104
84.8555
84.6943
84.527
84.3535
84.1741
83.9888
83.7979
83.6014
83.3997
83.1931
82.9818
82.7663
82.5468
82.3239
82.0979
81.8694
81.6389
81.4068
81.174
80.9408
80.7082
80.4765
80.2466
80.0192
79.7949
79.5747
79.359
79.1489
78.9449
78.7478
78.5583
78.3773
78.2052
78.043
77.8911
77.7502
77.6208
77.5036
77.3989
77.3073
77.2291
77.1647
77.1143
77.0781
77.0564
77.0491
77.0564
77.0781
77.1143
77.1647
77.2291
77.3073
77.3989
77.5036
77.6208
77.7502
77.8911
78.043
78.2052
78.3773
78.5583
78.7478
78.9449
79.1489
79.359
79.5747
79.7949
80.0192
80.2466
80.4765
80.7082
80.9408
81.174
81.4068
81.6389
81.8694
82.0979
82.3239
82.5468
82.7663
82.9818
83.1931
83.3997
83.6014
83.7979
83.9888
84.1741
84.3535
84.527
84.6943
84.8555
85.0104
85.1591
85.3014
85.4374
85.5672
85.6908
85.8083
85.9196
86.025
86.1245
86.2182
86.3063
86.3887
86.4657
86.5374
86.6038
86.6651
86.7215
86.7729
86.8195
86.8614
86.8987
86.9314
86.9596
86.9834
87.0028
87.0178
87.0285
87.0349
87.0371
83.8642
83.862
83.8555
83.8446
83.8293
83.8097
83.7856
83.7569
83.7238
83.6859
83.6434
83.596
83.5437
83.4864
83.424
83.3562
83.2832
83.2045
83.1203
83.0302
82.9343
82.8323
82.7242
82.6097
82.4889
82.3617
82.2278
82.0875
81.9403
81.7866
81.6262
81.4591
81.2853
81.1051
80.9183
80.7253
80.5262
80.3211
80.1104
79.8942
79.673
79.447
79.2168
78.9827
78.7451
78.5047
78.2619
78.0175
77.7718
77.5258
77.2799
77.035
76.7918
76.551
76.3136
76.08
75.8514
75.6283
75.4118
75.2024
75.0011
74.8085
74.6256
74.4529
74.2912
74.1412
74.0035
73.8786
73.7671
73.6694
73.5861
73.5173
73.4636
73.425
73.4018
73.3941
73.4018
73.425
73.4636
73.5173
73.5861
73.6694
73.7671
73.8786
74.0035
74.1412
74.2912
74.4529
74.6256
74.8085
75.0011
75.2024
75.4118
75.6283
75.8514
76.08
76.3136
76.551
76.7918
77.035
77.2799
77.5258
77.7718
78.0175
78.2619
78.5047
78.7451
78.9827
79.2168
79.447
79.673
79.8942
80.1104
80.3211
80.5262
80.7253
80.9183
81.1051
81.2853
81.4591
81.6262
81.7866
81.9403
82.0875
82.2278
82.3617
82.4889
82.6097
82.7242
82.8323
82.9343
83.0302
83.1203
83.2045
83.2832
83.3562
83.424
83.4864
83.5437
83.596
83.6434
83.6859
83.7238
83.7569
83.7856
83.8097
83.8293
83.8446
83.8555
83.862
83.8642
80.6954
80.6933
80.6867
80.6757
80.6602
80.6404
80.6159
80.587
80.5534
80.5151
80.4719
80.424
80.3709
80.3127
80.2493
80.1805
80.106
80.026
79.94
79.8481
79.75
79.6456
79.5348
79.4174
79.2934
79.1625
79.0248
78.88
78.7282
78.5693
78.4033
78.2302
78.05
77.8628
77.6687
77.4678
77.2602
77.0463
76.8262
76.6002
76.3687
76.1319
75.8905
75.6446
75.3951
75.1421
74.8867
74.629
74.37
74.1103
73.8506
73.5918
73.3345
73.0797
72.8281
72.5806
72.3381
72.1015
71.8715
71.6491
71.4351
71.2304
71.0358
70.852
70.6799
70.5202
70.3734
70.2404
70.1215
70.0174
69.9285
69.8553
69.798
69.7568
69.7321
69.7238
69.7321
69.7568
69.798
69.8553
69.9285
70.0174
70.1215
70.2404
70.3734
70.5202
70.6799
70.852
71.0358
71.2304
71.4351
71.6491
71.8715
72.1015
72.3381
72.5806
72.8281
73.0797
73.3345
73.5918
73.8506
74.1103
74.37
74.629
74.8867
75.1421
75.3951
75.6446
75.8905
76.1319
76.3687
76.6002
76.8262
77.0463
77.2602
77.4678
77.6687
77.8628
78.05
78.2302
78.4033
78.5693
78.7282
78.88
79.0248
79.1625
79.2934
79.4174
79.5348
79.6456
79.75
79.8481
79.94
80.026
80.106
80.1805
80.2493
80.3127
80.3709
80.424
80.4719
80.5151
80.5534
80.587
80.6159
80.6404
80.6602
80.6757
80.6867
80.6933
80.6954
77.5312
77.529
77.5224
77.5112
77.4957
77.4756
77.451
77.4217
77.3878
77.3491
77.3055
77.257
77.2033
77.1444
77.0801
77.0103
76.9347
76.8533
76.7658
76.6722
76.5721
76.4655
76.3522
76.232
76.1047
75.9704
75.8288
75.6798
75.5233
75.3593
75.1877
75.0085
74.8218
74.6276
74.4259
74.2169
74.0009
73.7778
73.548
73.3119
73.0696
72.8218
72.5685
72.3106
72.0483
71.7825
71.5134
71.2421
70.9689
70.6949
70.4206
70.147
69.8749
69.6051
69.3386
69.0763
68.819
68.5678
68.3236
68.0873
67.8599
67.6422
67.4351
67.2395
67.0562
66.886
66.7297
66.5878
66.4612
66.3501
66.2554
66.1772
66.1161
66.0722
66.0458
66.037
66.0458
66.0722
66.1161
66.1772
66.2554
66.3501
66.4612
66.5878
66.7297
66.886
67.0562
67.2395
67.4351
67.6422
67.8599
68.0873
68.3236
68.5678
68.819
69.0763
69.3386
69.6051
69.8749
70.147
70.4206
70.6949
70.9689
71.2421
71.5134
71.7825
72.0483
72.3106
72.5685
72.8218
73.0696
73.3119
73.548
73.7778
74.0009
74.2169
74.4259
74.6276
74.8218
75.0085
75.1877
75.3593
75.5233
75.6798
75.8288
75.9704
76.1047
76.232
76.3522
76.4655
76.5721
76.6722
76.7658
76.8533
76.9347
77.0103
77.0801
77.1444
77.2033
77.257
77.3055
77.3491
77.3878
77.4217
77.451
77.4756
77.4957
77.5112
77.5224
77.529
77.5312
74.3713
74.3691
74.3624
74.3512
74.3356
74.3153
74.2906
74.2611
74.227
74.1879
74.144
74.095
74.0409
73.9814
73.9164
73.8457
73.7692
73.6866
73.5978
73.5025
73.4007
73.292
73.1764
73.0535
72.9233
72.7856
72.6402
72.487
72.3259
72.1568
71.9797
71.7945
71.6012
71.3999
71.1906
70.9734
70.7485
70.516
70.2764
70.0297
69.7764
69.5168
69.2515
68.9808
68.7055
68.4258
68.1428
67.8568
67.5689
67.2797
66.99
66.7007
66.4128
66.1272
65.8448
65.5667
65.2938
65.0271
64.7677
64.5166
64.2747
64.0431
63.8227
63.6144
63.4192
63.2378
63.0711
62.9199
62.7848
62.6664
62.5652
62.4818
62.4165
62.3697
62.3415
62.3321
62.3415
62.3697
62.4165
62.4818
62.5652
62.6664
62.7848
62.9199
63.0711
63.2378
63.4192
63.6144
63.8227
64.0431
64.2747
64.5166
64.7677
65.0271
65.2938
65.5667
65.8448
66.1272
66.4128
66.7007
66.99
67.2797
67.5689
67.8568
68.1428
68.4258
68.7055
68.9808
69.2515
69.5168
69.7764
70.0297
70.2764
70.516
70.7485
70.9734
71.1906
71.3999
71.6012
71.7945
71.9797
72.1568
72.3259
72.487
72.6402
72.7856
72.9233
73.0535
73.1764
73.292
73.4007
73.5025
73.5978
73.6866
73.7692
73.8457
73.9164
73.9814
74.0409
74.095
74.144
74.1879
74.227
74.2611
74.2906
74.3153
74.3356
74.3512
74.3624
74.3691
74.3713
71.216
71.2137
71.207
71.1958
71.18
71.1597
71.1348
71.1053
71.0709
71.0318
70.9876
70.9384
70.8839
70.8239
70.7584
70.6871
70.6098
70.5262
70.4363
70.3397
70.2362
70.1256
70.0078
69.8824
69.7494
69.6084
69.4594
69.3022
69.1366
68.9625
68.7799
68.5886
68.3887
68.1802
67.9631
67.7376
67.5036
67.2617
67.0117
66.7543
66.4895
66.2179
65.9398
65.6559
65.3667
65.0728
64.7749
64.4738
64.1702
63.8649
63.5589
63.2531
62.9485
62.6461
62.3469
62.0519
61.7623
61.4791
61.2035
60.9365
60.6793
60.4327
60.1981
59.9762
59.7681
59.5748
59.3971
59.2357
59.0915
58.9651
58.8572
58.7681
58.6984
58.6484
58.6183
58.6082
58.6183
58.6484
58.6984
58.7681
58.8572
58.9651
59.0915
59.2357
59.3971
59.5748
59.7681
59.9762
60.1981
60.4327
60.6793
60.9365
61.2035
61.4791
61.7623
62.0519
62.3469
62.6461
62.9485
63.2531
63.5589
63.8649
64.1702
64.4738
64.7749
65.0728
65.3667
65.6559
65.9398
66.2179
66.4895
66.7543
67.0117
67.2617
67.5036
67.7376
67.9631
68.1802
68.3887
68.5886
68.7799
68.9625
69.1366
69.3022
69.4594
69.6084
69.7494
69.8824
70.0078
70.1256
70.2362
70.3397
70.4363
70.5262
70.6098
70.6871
70.7584
70.8239
70.8839
70.9384
70.9876
71.0318
71.0709
71.1053
71.1348
71.1597
71.18
71.1958
71.207
71.2137
71.216
68.0651
68.0629
68.0561
68.0449
68.0291
68.0087
67.9838
67.9542
67.9198
67.8805
67.8363
67.787
67.7323
67.6721
67.6062
67.5345
67.4565
67.3723
67.2813
67.1836
67.0787
66.9665
66.8467
66.7191
66.5833
66.4393
66.2868
66.1256
65.9556
65.7766
65.5885
65.3912
65.1847
64.9689
64.744
64.5099
64.2669
64.015
63.7546
63.4859
63.2093
62.9251
62.6339
62.3362
62.0326
61.7237
61.4103
61.0931
60.773
60.4509
60.1276
59.8044
59.482
59.1618
58.8446
58.5318
58.2244
57.9237
57.6308
57.3469
57.0731
56.8107
56.5608
56.3244
56.1026
55.8964
55.7068
55.5346
55.3807
55.2458
55.1305
55.0354
54.961
54.9075
54.8753
54.8646
54.8753
54.9075
54.961
55.0354
55.1305
55.2458
55.3807
55.5346
55.7068
55.8964
56.1026
56.3244
56.5608
56.8107
57.0731
57.3469
57.6308
57.9237
58.2244
58.5318
58.8446
59.1618
59.482
59.8044
60.1276
60.4509
60.773
61.0931
61.4103
61.7237
62.0326
62.3362
62.6339
62.9251
63.2093
63.4859
63.7546
64.015
64.2669
64.5099
64.744
64.9689
65.1847
65.3912
65.5885
65.7766
65.9556
66.1256
66.2868
66.4393
66.5833
66.7191
66.8467
66.9665
67.0787
67.1836
67.2813
67.3723
67.4565
67.5345
67.6062
67.6721
67.7323
67.787
67.8363
67.8805
67.9198
67.9542
67.9838
68.0087
68.0291
68.0449
68.0561
68.0629
68.0651
64.9189
64.9166
64.9098
64.8985
64.8827
64.8624
64.8375
64.8079
64.7736
64.7344
64.6902
64.6409
64.5862
64.526
64.46
64.388
64.3097
64.2249
64.1333
64.0346
63.9286
63.815
63.6934
63.5637
63.4255
63.2787
63.1229
62.9579
62.7836
62.5998
62.4062
62.203
61.9898
61.7669
61.5339
61.2912
61.0388
60.7769
60.5056
60.2254
59.9365
59.6394
59.3344
59.0223
58.7036
58.379
58.0493
57.7152
57.3777
57.0378
56.6964
56.3545
56.0135
55.6742
55.3381
55.0062
54.6799
54.3604
54.0491
53.7471
53.4557
53.1763
52.91
52.658
52.4215
52.2016
51.9992
51.8154
51.6511
51.507
51.3838
51.2822
51.2026
51.1455
51.1111
51.0996
51.1111
51.1455
51.2026
51.2822
51.3838
51.507
51.6511
51.8154
51.9992
52.2016
52.4215
52.658
52.91
53.1763
53.4557
53.7471
54.0491
54.3604
54.6799
55.0062
55.3381
55.6742
56.0135
56.3545
56.6964
57.0378
57.3777
57.7152
58.0493
58.379
58.7036
59.0223
59.3344
59.6394
59.9365
60.2254
60.5056
60.7769
61.0388
61.2912
61.5339
61.7669
61.9898
62.203
62.4062
62.5998
62.7836
62.9579
63.1229
63.2787
63.4255
63.5637
63.6934
63.815
63.9286
64.0346
64.1333
64.2249
64.3097
64.388
64.46
64.526
64.5862
64.6409
64.6902
64.7344
64.7736
64.8079
64.8375
64.8624
64.8827
64.8985
64.9098
64.9166
64.9189
61.7771
61.7749
61.7681
61.7568
61.741
61.7207
61.6958
61.6664
61.6323
61.5934
61.5494
61.5003
61.4458
61.3858
61.3199
61.2479
61.1695
61.0845
60.9924
60.8931
60.7863
60.6714
60.5485
60.4169
60.2766
60.127
59.9682
59.7996
59.6212
59.4327
59.2339
59.0247
58.805
58.5746
58.3338
58.0823
57.8204
57.5481
57.2658
56.9736
56.672
56.3613
56.0422
55.715
55.3805
55.0394
54.6926
54.3407
53.9849
53.6261
53.2654
52.904
52.5429
52.1835
51.8271
51.475
51.1284
50.7889
50.4578
50.1364
49.8262
49.5285
49.2447
48.976
48.7236
48.4889
48.2728
48.0766
47.901
47.747
47.6153
47.5067
47.4216
47.3605
47.3237
47.3114
47.3237
47.3605
47.4216
47.5067
47.6153
47.747
47.901
48.0766
48.2728
48.4889
48.7236
48.976
49.2447
49.5285
49.8262
50.1364
50.4578
50.7889
51.1284
51.475
51.8271
52.1835
52.5429
52.904
53.2654
53.6261
53.9849
54.3407
54.6926
55.0394
55.3805
55.715
56.0422
56.3613
56.672
56.9736
57.2658
57.5481
57.8204
58.0823
58.3338
58.5746
58.805
59.0247
59.2339
59.4327
59.6212
59.7996
59.9682
60.127
60.2766
60.4169
60.5485
60.6714
60.7863
60.8931
60.9924
61.0845
61.1695
61.2479
61.3199
61.3858
61.4458
61.5003
61.5494
61.5934
61.6323
61.6664
61.6958
61.7207
61.741
61.7568
61.7681
61.7749
61.7771
58.6401
58.6377
58.631
58.6196
58.6038
58.5836
58.5589
58.5297
58.4959
58.4573
58.4138
58.3651
58.3111
58.2514
58.1859
58.1142
58.036
57.9511
57.8589
57.7593
57.6518
57.5362
57.412
57.279
57.1367
56.9849
56.8232
56.6514
56.469
56.276
56.072
55.8571
55.6307
55.3932
55.1442
54.8839
54.6122
54.3295
54.0357
53.7313
53.4166
53.0919
52.7579
52.415
52.0641
51.7057
51.3408
50.9702
50.5951
50.2163
49.8352
49.4528
49.0706
48.6898
48.3117
47.9379
47.5698
47.2088
46.8566
46.5145
46.184
45.8667
45.564
45.2773
45.0079
44.7572
44.5264
44.3166
44.1289
43.9642
43.8234
43.7072
43.6162
43.5508
43.5114
43.4983
43.5114
43.5508
43.6162
43.7072
43.8234
43.9642
44.1289
44.3166
44.5264
44.7572
45.0079
45.2773
45.564
45.8667
46.184
46.5145
46.8566
47.2088
47.5698
47.9379
48.3117
48.6898
49.0706
49.4528
49.8352
50.2163
50.5951
50.9702
51.3408
51.7057
52.0641
52.415
52.7579
53.0919
53.4166
53.7313
54.0357
54.3295
54.6122
54.8839
55.1442
55.3932
55.6307
55.8571
56.072
56.276
56.469
56.6514
56.8232
56.9849
57.1367
57.279
57.412
57.5362
57.6518
57.7593
57.8589
57.9511
58.036
58.1142
58.1859
58.2514
58.3111
58.3651
58.4138
58.4573
58.4959
58.5297
58.5589
58.5836
58.6038
58.6196
58.631
58.6377
58.6401
55.5076
55.5053
55.4984
55.487
55.4712
55.4511
55.4266
55.3977
55.3644
55.3263
55.2834
55.2354
55.1821
55.1231
55.0583
54.9871
54.9095
54.8248
54.733
54.6334
54.5258
54.4096
54.2847
54.1504
54.0066
53.8527
53.6885
53.5135
53.3276
53.1302
52.9213
52.7006
52.4679
52.223
51.966
51.6967
51.4153
51.1217
50.8163
50.4993
50.171
49.8318
49.4823
49.1231
48.7549
48.3784
47.9945
47.6043
47.2086
46.8088
46.406
46.0016
45.5968
45.1931
44.792
44.3951
44.0039
43.62
43.2451
42.8808
42.5286
42.1902
41.8672
41.5612
41.2735
41.0056
40.7589
40.5346
40.3338
40.1576
40.0069
39.8825
39.7851
39.7151
39.673
39.6589
39.673
39.7151
39.7851
39.8825
40.0069
40.1576
40.3338
40.5346
40.7589
41.0056
41.2735
41.5612
41.8672
42.1902
42.5286
42.8808
43.2451
43.62
44.0039
44.3951
44.792
45.1931
45.5968
46.0016
46.406
46.8088
47.2086
47.6043
47.9945
48.3784
48.7549
49.1231
49.4823
49.8318
50.171
50.4993
50.8163
51.1217
51.4153
51.6967
51.966
52.223
52.4679
52.7006
52.9213
53.1302
53.3276
53.5135
53.6885
53.8527
54.0066
54.1504
54.2847
54.4096
54.5258
54.6334
54.733
54.8248
54.9095
54.9871
55.0583
55.1231
55.1821
55.2354
55.2834
55.3263
55.3644
55.3977
55.4266
55.4511
55.4712
55.487
55.4984
55.5053
55.5076
52.3799
52.3775
52.3704
52.3589
52.3431
52.3231
52.2988
52.2704
52.2375
52.2003
52.1581
52.1111
52.0587
52.0008
51.9368
51.8667
51.7899
51.7061
51.6147
51.5156
51.408
51.2919
51.1664
51.0314
50.8863
50.7308
50.5643
50.3867
50.1973
49.9959
49.7822
49.556
49.3169
49.0649
48.7998
48.5215
48.2301
47.9256
47.6083
47.2783
46.936
46.5818
46.2162
45.8399
45.4537
45.0582
44.6544
44.2434
43.8262
43.4041
42.9784
42.5504
42.1217
41.6937
41.2681
40.8465
40.4307
40.0223
39.6231
39.2349
38.8595
38.4985
38.1537
37.8269
37.5195
37.2332
36.9693
36.7293
36.5145
36.3259
36.1645
36.0313
35.9269
35.852
35.8068
35.7917
35.8068
35.852
35.9269
36.0313
36.1645
36.3259
36.5145
36.7293
36.9693
37.2332
37.5195
37.8269
38.1537
38.4985
38.8595
39.2349
39.6231
40.0223
40.4307
40.8465
41.2681
41.6937
42.1217
42.5504
42.9784
43.4041
43.8262
44.2434
44.6544
45.0582
45.4537
45.8399
46.2162
46.5818
46.936
47.2783
47.6083
47.9256
48.2301
48.5215
48.7998
49.0649
49.3169
49.556
49.7822
49.9959
50.1973
50.3867
50.5643
50.7308
50.8863
51.0314
51.1664
51.2919
51.408
51.5156
51.6147
51.7061
51.7899
51.8667
51.9368
52.0008
52.0587
52.1111
52.1581
52.2003
52.2375
52.2704
52.2988
52.3231
52.3431
52.3589
52.3704
52.3775
52.3799
49.2572
49.2546
49.2472
49.2353
49.2193
49.1993
49.1755
49.1476
49.1156
49.0791
49.0382
48.9922
48.9412
48.8845
48.822
48.7531
48.6776
48.5948
48.5046
48.4061
48.2993
48.1833
48.058
47.9225
47.7767
47.6198
47.4516
47.2714
47.079
46.8739
46.6557
46.4241
46.1789
45.9198
45.6466
45.3593
45.0578
44.7422
44.4126
44.0693
43.7126
43.3428
42.9606
42.5665
42.1614
41.746
41.3213
40.8884
40.4484
40.0028
39.5527
39.0999
38.6456
38.1918
37.74
37.2921
36.8499
36.4153
35.9901
35.5763
35.1759
34.7907
34.4225
34.0733
33.7447
33.4384
33.1561
32.8993
32.6692
32.4672
32.2944
32.1516
32.0398
31.9594
31.911
31.8949
31.911
31.9594
32.0398
32.1516
32.2944
32.4672
32.6692
32.8993
33.1561
33.4384
33.7447
34.0733
34.4225
34.7907
35.1759
35.5763
35.9901
36.4153
36.8499
37.2921
37.74
38.1918
38.6456
39.0999
39.5527
40.0028
40.4484
40.8884
41.3213
41.746
42.1614
42.5665
42.9606
43.3428
43.7126
44.0693
44.4126
44.7422
45.0578
45.3593
45.6466
45.9198
46.1789
46.4241
46.6557
46.8739
47.079
47.2714
47.4516
47.6198
47.7767
47.9225
48.058
48.1833
48.2993
48.4061
48.5046
48.5948
48.6776
48.7531
48.822
48.8845
48.9412
48.9922
49.0382
49.0791
49.1156
49.1476
49.1755
49.1993
49.2193
49.2353
49.2472
49.2546
49.2572
46.1398
46.1366
46.1283
46.1158
46.0995
46.0797
46.0562
46.0291
45.9979
45.9628
45.9231
45.8787
45.8292
45.7743
45.7134
45.6463
45.5724
45.4913
45.4025
45.3054
45.1996
45.0845
44.9595
44.8242
44.678
44.5203
44.3507
44.1685
43.9734
43.7649
43.5425
43.3058
43.0546
42.7886
42.5074
42.2111
41.8995
41.5726
41.2306
40.8736
40.502
40.1161
39.7166
39.304
38.8791
38.4428
37.9961
37.5401
37.0761
36.6055
36.1297
35.6503
35.169
34.6875
34.2078
33.7318
33.2613
32.7985
32.3455
31.9043
31.477
31.0656
30.6723
30.2989
29.9474
29.6197
29.3175
29.0424
28.7959
28.5794
28.3942
28.2411
28.1211
28.035
27.9831
27.9657
27.9831
28.035
28.1211
28.2411
28.3942
28.5794
28.7959
29.0424
29.3175
29.6197
29.9474
30.2989
30.6723
31.0656
31.477
31.9043
32.3455
32.7985
33.2613
33.7318
34.2078
34.6875
35.169
35.6503
36.1297
36.6055
37.0761
37.5401
37.9961
38.4428
38.8791
39.304
39.7166
40.1161
40.502
40.8736
41.2306
41.5726
41.8995
42.2111
42.5074
42.7886
43.0546
43.3058
43.5425
43.7649
43.9734
44.1685
44.3507
44.5203
44.678
44.8242
44.9595
45.0845
45.1996
45.3054
45.4025
45.4913
45.5724
45.6463
45.7134
45.7743
45.8292
45.8787
45.9231
45.9628
45.9979
46.0291
46.0562
46.0797
46.0995
46.1158
46.1283
46.1366
46.1398
43.0289
43.0239
43.0139
43.0003
42.9836
42.9638
42.9409
42.9146
42.8847
42.8509
42.813
42.7705
42.723
42.6701
42.6115
42.5465
42.4748
42.3957
42.3089
42.2136
42.1094
41.9956
41.8717
41.737
41.591
41.433
41.2625
41.0788
40.8815
40.6699
40.4437
40.2023
39.9454
39.6726
39.3836
39.0783
38.7565
38.4183
38.0635
37.6926
37.3056
36.9031
36.4856
36.0536
35.6081
35.1499
34.6801
34.1998
33.7104
33.2133
32.7101
32.2025
31.6923
31.1814
30.6718
30.1655
29.6648
29.1719
28.6889
28.2181
27.7618
27.3223
26.9017
26.5023
26.1261
25.7752
25.4514
25.1566
24.8923
24.6602
24.4614
24.2972
24.1684
24.076
24.0202
24.0016
24.0202
24.076
24.1684
24.2972
24.4614
24.6602
24.8923
25.1566
25.4514
25.7752
26.1261
26.5023
26.9017
27.3223
27.7618
28.2181
28.6889
29.1719
29.6648
30.1655
30.6718
31.1814
31.6923
32.2025
32.7101
33.2133
33.7104
34.1998
34.6801
35.1499
35.6081
36.0536
36.4856
36.9031
37.3056
37.6926
38.0635
38.4183
38.7565
39.0783
39.3836
39.6726
39.9454
40.2023
40.4437
40.6699
40.8815
41.0788
41.2625
41.433
41.591
41.737
41.8717
41.9956
42.1094
42.2136
42.3089
42.3957
42.4748
42.5465
42.6115
42.6701
42.723
42.7705
42.813
42.8509
42.8847
42.9146
42.9409
42.9638
42.9836
43.0003
43.0139
43.0239
43.0289
39.9279
39.9163
39.903
39.8879
39.8707
39.8511
39.8289
39.8037
39.7754
39.7434
39.7075
39.6672
39.6222
39.5718
39.5158
39.4535
39.3845
39.3081
39.2237
39.1309
39.0288
38.917
38.7947
38.6613
38.516
38.3583
38.1875
38.0028
37.8038
37.5897
37.3601
37.1144
36.8521
36.5728
36.2762
35.9621
35.6301
35.2804
34.9128
34.5275
34.1248
33.7051
33.2689
32.8169
32.3498
31.8686
31.3744
30.8685
30.3522
29.827
29.2948
28.7572
28.2161
27.6737
27.1321
26.5936
26.0604
25.535
25.0198
24.5172
24.0297
23.5598
23.1098
22.6822
22.2793
21.9033
21.5561
21.2399
20.9564
20.7072
20.4938
20.3175
20.1792
20.0798
20.02
20
20.02
20.0798
20.1792
20.3175
20.4938
20.7072
20.9564
21.2399
21.5561
21.9033
22.2793
22.6822
23.1098
23.5598
24.0297
24.5172
25.0198
25.535
26.0604
26.5936
27.1321
27.6737
28.2161
28.7572
29.2948
29.827
30.3522
30.8685
31.3744
31.8686
32.3498
32.8169
33.2689
33.7051
34.1248
34.5275
34.9128
35.2804
35.6301
35.9621
36.2762
36.5728
36.8521
37.1144
37.3601
37.5897
37.8038
38.0028
38.1875
38.3583
38.516
38.6613
38.7947
38.917
39.0288
39.1309
39.2237
39.3081
39.3845
39.4535
39.5158
39.5718
39.6222
39.6672
39.7075
39.7434
39.7754
39.8037
39.8289
39.8511
39.8707
39.8879
39.903
39.9163
39.9279
