120
120
120
120
120
120
120
120
120
120
120
120
120
120
120
120
120
120
120
120
120
120
120
120
120
120
120
120
120
120
120
120
120
120
120
120
120
120
120
120
120
120
120
120
120
120
120
120
120
120
120
120
120
120
120
120
120
120
120
120
120
120
120
120
120
120
120
120
120
120
120
120
120
120
120
120
120
120
120
120
120
120
120
120
120
120
120
120
120
120
120
120
120
120
120
120
120
120
120
120
120
120
120
120
120
120
120
120
120
120
120
120
120
120
120
120
120
120
120
120
120
120
120
120
120
120
120
120
120
120
120
120
120
120
120
120
120
120
120
120
120
120
120
120
120
120
120
120
120
120
120
120
120
120
120
120
120
120
120
120
120
120
120
120
120
120
120
120
120
120
120
120
120
120
120
120
120
120
120
120
120
120
120
120
120
120
120
120
120
120
120
120
120
120
120
120
120
120
120
120
120
118.856
118.856
118.855
118.855
118.855
118.854
118.853
118.852
118.852
118.85
118.849
118.848
118.847
118.845
118.843
118.842
118.84
118.838
118.836
118.833
118.831
118.829
118.826
118.823
118.821
118.818
118.815
118.812
118.809
118.806
118.803
118.799
118.796
118.793
118.789
118.786
118.782
118.778
118.775
118.771
118.767
118.763
118.759
118.755
118.751
118.748
118.744
118.74
118.735
118.731
118.727
118.723
118.719
118.715
118.711
118.707
118.703
118.699
118.695
118.691
118.687
118.684
118.68
118.676
118.672
118.669
118.665
118.662
118.658
118.655
118.651
118.648
118.645
118.642
118.638
118.636
118.633
118.63
118.627
118.625
118.622
118.62
118.617
118.615
118.613
118.611
118.609
118.608
118.606
118.605
118.603
118.602
118.601
118.6
118.599
118.598
118.598
118.597
118.597
118.597
118.597
118.597
118.597
118.597
118.598
118.598
118.599
118.6
118.601
118.602
118.603
118.605
118.606
118.608
118.609
118.611
118.613
118.615
118.617
118.62
118.622
118.625
118.627
118.63
118.633
118.636
118.638
118.642
118.645
118.648
118.651
118.655
118.658
118.662
118.665
118.669
118.672
118.676
118.68
118.684
118.687
118.691
118.695
118.699
118.703
118.707
118.711
118.715
118.719
118.723
118.727
118.731
118.735
118.74
118.744
118.748
118.751
118.755
118.759
118.763
118.767
118.771
118.775
118.778
118.782
118.786
118.789
118.793
118.796
118.799
118.803
118.806
118.809
118.812
118.815
118.818
118.821
118.823
118.826
118.829
118.831
118.833
118.836
118.838
118.84
118.842
118.843
118.845
118.847
118.848
118.849
118.85
118.852
118.852
118.853
118.854
118.855
118.855
118.855
118.856
118.856
117.711
117.711
117.711
117.71
117.709
117.708
117.707
117.705
117.703
117.701
117.699
117.696
117.693
117.69
117.687
117.683
117.679
117.675
117.671
117.667
117.662
117.657
117.652
117.647
117.642
117.636
117.63
117.624
117.618
117.612
117.606
117.599
117.592
117.585
117.578
117.571
117.564
117.557
117.549
117.542
117.534
117.526
117.519
117.511
117.503
117.495
117.487
117.479
117.471
117.463
117.455
117.447
117.439
117.431
117.423
117.414
117.406
117.399
117.391
117.383
117.375
117.367
117.36
117.352
117.345
117.337
117.33
117.323
117.316
117.309
117.302
117.296
117.289
117.283
117.277
117.271
117.265
117.26
117.254
117.249
117.244
117.239
117.235
117.23
117.226
117.222
117.219
117.215
117.212
117.209
117.207
117.204
117.202
117.2
117.198
117.197
117.196
117.195
117.194
117.194
117.193
117.194
117.194
117.195
117.196
117.197
117.198
117.2
117.202
117.204
117.207
117.209
117.212
117.215
117.219
117.222
117.226
117.23
117.235
117.239
117.244
117.249
117.254
117.26
117.265
117.271
117.277
117.283
117.289
117.296
117.302
117.309
117.316
117.323
117.33
117.337
117.345
117.352
117.36
117.367
117.375
117.383
117.391
117.399
117.406
117.414
117.423
117.431
117.439
117.447
117.455
117.463
117.471
117.479
117.487
117.495
117.503
117.511
117.519
117.526
117.534
117.542
117.549
117.557
117.564
117.571
117.578
117.585
117.592
117.599
117.606
117.612
117.618
117.624
117.63
117.636
117.642
117.647
117.652
117.657
117.662
117.667
117.671
117.675
117.679
117.683
117.687
117.69
117.693
117.696
117.699
117.701
117.703
117.705
117.707
117.708
117.709
117.71
117.711
117.711
117.711
116.567
116.567
116.566
116.566
116.564
116.562
116.56
116.558
116.555
116.552
116.548
116.544
116.54
116.535
116.53
116.525
116.519
116.513
116.507
116.501
116.494
116.486
116.479
116.471
116.463
116.454
116.446
116.437
116.428
116.418
116.409
116.399
116.389
116.378
116.368
116.357
116.346
116.335
116.324
116.313
116.301
116.29
116.278
116.266
116.255
116.243
116.231
116.219
116.207
116.194
116.182
116.17
116.158
116.146
116.134
116.122
116.11
116.098
116.086
116.074
116.062
116.051
116.039
116.028
116.017
116.006
115.995
115.984
115.974
115.963
115.953
115.943
115.934
115.924
115.915
115.906
115.898
115.889
115.881
115.873
115.866
115.859
115.852
115.845
115.839
115.833
115.828
115.823
115.818
115.814
115.809
115.806
115.803
115.8
115.797
115.795
115.793
115.792
115.791
115.79
115.79
115.79
115.791
115.792
115.793
115.795
115.797
115.8
115.803
115.806
115.809
115.814
115.818
115.823
115.828
115.833
115.839
115.845
115.852
115.859
115.866
115.873
115.881
115.889
115.898
115.906
115.915
115.924
115.934
115.943
115.953
115.963
115.974
115.984
115.995
116.006
116.017
116.028
116.039
116.051
116.062
116.074
116.086
116.098
116.11
116.122
116.134
116.146
116.158
116.17
116.182
116.194
116.207
116.219
116.231
116.243
116.255
116.266
116.278
116.29
116.301
116.313
116.324
116.335
116.346
116.357
116.368
116.378
116.389
116.399
116.409
116.418
116.428
116.437
116.446
116.454
116.463
116.471
116.479
116.486
116.494
116.501
116.507
116.513
116.519
116.525
116.53
116.535
116.54
116.544
116.548
116.552
116.555
116.558
116.56
116.562
116.564
116.566
116.566
116.567
116.567
115.424
115.423
115.423
115.421
115.42
115.417
115.414
115.411
115.407
115.403
115.398
115.393
115.387
115.381
115.375
115.367
115.36
115.352
115.343
115.335
115.325
115.316
115.305
115.295
115.284
115.273
115.261
115.249
115.237
115.225
115.212
115.199
115.185
115.171
115.157
115.143
115.129
115.114
115.099
115.084
115.069
115.053
115.038
115.022
115.006
114.99
114.974
114.958
114.942
114.926
114.91
114.894
114.877
114.861
114.845
114.829
114.813
114.797
114.781
114.765
114.75
114.734
114.719
114.704
114.689
114.674
114.66
114.645
114.631
114.618
114.604
114.591
114.578
114.566
114.553
114.541
114.53
114.519
114.508
114.498
114.488
114.478
114.469
114.46
114.452
114.444
114.437
114.43
114.423
114.418
114.412
114.407
114.403
114.399
114.395
114.393
114.39
114.388
114.387
114.386
114.386
114.386
114.387
114.388
114.39
114.393
114.395
114.399
114.403
114.407
114.412
114.418
114.423
114.43
114.437
114.444
114.452
114.46
114.469
114.478
114.488
114.498
114.508
114.519
114.53
114.541
114.553
114.566
114.578
114.591
114.604
114.618
114.631
114.645
114.66
114.674
114.689
114.704
114.719
114.734
114.75
114.765
114.781
114.797
114.813
114.829
114.845
114.861
114.877
114.894
114.91
114.926
114.942
114.958
114.974
114.99
115.006
115.022
115.038
115.053
115.069
115.084
115.099
115.114
115.129
115.143
115.157
115.171
115.185
115.199
115.212
115.225
115.237
115.249
115.261
115.273
115.284
115.295
115.305
115.316
115.325
115.335
115.343
115.352
115.36
115.367
115.375
115.381
115.387
115.393
115.398
115.403
115.407
115.411
115.414
115.417
115.42
115.421
115.423
115.423
115.424
114.281
114.28
114.279
114.278
114.275
114.273
114.269
114.265
114.26
114.255
114.249
114.242
114.235
114.227
114.219
114.21
114.201
114.191
114.18
114.169
114.157
114.145
114.133
114.12
114.106
114.092
114.077
114.063
114.047
114.031
114.015
113.999
113.982
113.965
113.947
113.929
113.911
113.893
113.874
113.855
113.836
113.817
113.798
113.778
113.758
113.738
113.718
113.698
113.678
113.658
113.637
113.617
113.597
113.577
113.556
113.536
113.516
113.496
113.476
113.457
113.437
113.418
113.398
113.38
113.361
113.342
113.324
113.306
113.289
113.272
113.255
113.238
113.222
113.206
113.191
113.176
113.162
113.148
113.134
113.121
113.109
113.097
113.085
113.074
113.064
113.054
113.045
113.037
113.028
113.021
113.014
113.008
113.003
112.998
112.993
112.99
112.987
112.985
112.983
112.982
112.982
112.982
112.983
112.985
112.987
112.99
112.993
112.998
113.003
113.008
113.014
113.021
113.028
113.037
113.045
113.054
113.064
113.074
113.085
113.097
113.109
113.121
113.134
113.148
113.162
113.176
113.191
113.206
113.222
113.238
113.255
113.272
113.289
113.306
113.324
113.342
113.361
113.38
113.398
113.418
113.437
113.457
113.476
113.496
113.516
113.536
113.556
113.577
113.597
113.617
113.637
113.658
113.678
113.698
113.718
113.738
113.758
113.778
113.798
113.817
113.836
113.855
113.874
113.893
113.911
113.929
113.947
113.965
113.982
113.999
114.015
114.031
114.047
114.063
114.077
114.092
114.106
114.12
114.133
114.145
114.157
114.169
114.18
114.191
114.201
114.21
114.219
114.227
114.235
114.242
114.249
114.255
114.26
114.265
114.269
114.273
114.275
114.278
114.279
114.28
114.281
113.138
113.138
113.137
113.135
113.132
113.129
113.124
113.119
113.114
113.107
113.1
113.092
113.084
113.074
113.064
113.054
113.042
113.03
113.017
113.004
112.99
112.976
112.96
112.945
112.928
112.911
112.894
112.876
112.858
112.839
112.819
112.8
112.779
112.759
112.738
112.716
112.694
112.672
112.65
112.627
112.604
112.581
112.558
112.534
112.51
112.486
112.462
112.438
112.414
112.389
112.365
112.341
112.316
112.292
112.267
112.243
112.219
112.195
112.171
112.148
112.124
112.101
112.078
112.055
112.033
112.01
111.989
111.967
111.946
111.925
111.905
111.885
111.866
111.847
111.828
111.81
111.793
111.776
111.76
111.744
111.729
111.715
111.701
111.688
111.676
111.664
111.653
111.643
111.633
111.624
111.616
111.608
111.602
111.596
111.591
111.586
111.583
111.58
111.578
111.577
111.577
111.577
111.578
111.58
111.583
111.586
111.591
111.596
111.602
111.608
111.616
111.624
111.633
111.643
111.653
111.664
111.676
111.688
111.701
111.715
111.729
111.744
111.76
111.776
111.793
111.81
111.828
111.847
111.866
111.885
111.905
111.925
111.946
111.967
111.989
112.01
112.033
112.055
112.078
112.101
112.124
112.148
112.171
112.195
112.219
112.243
112.267
112.292
112.316
112.341
112.365
112.389
112.414
112.438
112.462
112.486
112.51
112.534
112.558
112.581
112.604
112.627
112.65
112.672
112.694
112.716
112.738
112.759
112.779
112.8
112.819
112.839
112.858
112.876
112.894
112.911
112.928
112.945
112.96
112.976
112.99
113.004
113.017
113.03
113.042
113.054
113.064
113.074
113.084
113.092
113.1
113.107
113.114
113.119
113.124
113.129
113.132
113.135
113.137
113.138
113.138
111.996
111.996
111.995
111.992
111.989
111.985
111.98
111.975
111.968
111.96
111.952
111.943
111.933
111.922
111.91
111.898
111.884
111.87
111.855
111.84
111.824
111.806
111.789
111.77
111.751
111.731
111.711
111.69
111.669
111.646
111.624
111.601
111.577
111.553
111.528
111.503
111.478
111.452
111.426
111.399
111.372
111.345
111.318
111.29
111.262
111.234
111.206
111.178
111.15
111.121
111.093
111.064
111.036
111.007
110.979
110.95
110.922
110.894
110.866
110.838
110.811
110.784
110.757
110.73
110.704
110.678
110.652
110.627
110.603
110.578
110.555
110.531
110.509
110.487
110.465
110.444
110.424
110.404
110.385
110.367
110.349
110.333
110.317
110.301
110.287
110.273
110.26
110.248
110.237
110.226
110.217
110.208
110.2
110.193
110.187
110.182
110.178
110.175
110.173
110.171
110.171
110.171
110.173
110.175
110.178
110.182
110.187
110.193
110.2
110.208
110.217
110.226
110.237
110.248
110.26
110.273
110.287
110.301
110.317
110.333
110.349
110.367
110.385
110.404
110.424
110.444
110.465
110.487
110.509
110.531
110.555
110.578
110.603
110.627
110.652
110.678
110.704
110.73
110.757
110.784
110.811
110.838
110.866
110.894
110.922
110.95
110.979
111.007
111.036
111.064
111.093
111.121
111.15
111.178
111.206
111.234
111.262
111.29
111.318
111.345
111.372
111.399
111.426
111.452
111.478
111.503
111.528
111.553
111.577
111.601
111.624
111.646
111.669
111.69
111.711
111.731
111.751
111.77
111.789
111.806
111.824
111.84
111.855
111.87
111.884
111.898
111.91
111.922
111.933
111.943
111.952
111.96
111.968
111.975
111.98
111.985
111.989
111.992
111.995
111.996
111.996
110.856
110.855
110.854
110.851
110.848
110.843
110.837
110.831
110.823
110.814
110.805
110.794
110.783
110.77
110.757
110.743
110.727
110.711
110.694
110.676
110.658
110.638
110.618
110.597
110.575
110.552
110.529
110.505
110.48
110.455
110.429
110.402
110.375
110.347
110.319
110.291
110.261
110.232
110.202
110.171
110.141
110.11
110.078
110.047
110.015
109.983
109.95
109.918
109.885
109.853
109.82
109.787
109.755
109.722
109.69
109.657
109.625
109.593
109.561
109.529
109.498
109.466
109.436
109.405
109.375
109.345
109.316
109.287
109.259
109.231
109.204
109.177
109.151
109.126
109.101
109.077
109.054
109.032
109.01
108.989
108.969
108.95
108.931
108.914
108.897
108.881
108.866
108.852
108.84
108.828
108.817
108.807
108.798
108.79
108.783
108.777
108.772
108.769
108.766
108.765
108.764
108.765
108.766
108.769
108.772
108.777
108.783
108.79
108.798
108.807
108.817
108.828
108.84
108.852
108.866
108.881
108.897
108.914
108.931
108.95
108.969
108.989
109.01
109.032
109.054
109.077
109.101
109.126
109.151
109.177
109.204
109.231
109.259
109.287
109.316
109.345
109.375
109.405
109.436
109.466
109.498
109.529
109.561
109.593
109.625
109.657
109.69
109.722
109.755
109.787
109.82
109.853
109.885
109.918
109.95
109.983
110.015
110.047
110.078
110.11
110.141
110.171
110.202
110.232
110.261
110.291
110.319
110.347
110.375
110.402
110.429
110.455
110.48
110.505
110.529
110.552
110.575
110.597
110.618
110.638
110.658
110.676
110.694
110.711
110.727
110.743
110.757
110.77
110.783
110.794
110.805
110.814
110.823
110.831
110.837
110.843
110.848
110.851
110.854
110.855
110.856
109.716
109.715
109.714
109.711
109.707
109.701
109.695
109.688
109.679
109.669
109.659
109.647
109.634
109.62
109.604
109.588
109.571
109.553
109.534
109.513
109.492
109.47
109.447
109.424
109.399
109.373
109.347
109.32
109.292
109.264
109.234
109.204
109.174
109.142
109.111
109.078
109.045
109.012
108.978
108.944
108.909
108.874
108.839
108.803
108.767
108.731
108.695
108.658
108.621
108.585
108.548
108.511
108.474
108.437
108.401
108.364
108.327
108.291
108.255
108.219
108.184
108.149
108.114
108.079
108.045
108.012
107.979
107.946
107.915
107.883
107.853
107.823
107.793
107.765
107.737
107.71
107.684
107.658
107.634
107.61
107.587
107.566
107.545
107.525
107.506
107.488
107.472
107.456
107.441
107.428
107.416
107.404
107.394
107.385
107.378
107.371
107.366
107.362
107.359
107.357
107.356
107.357
107.359
107.362
107.366
107.371
107.378
107.385
107.394
107.404
107.416
107.428
107.441
107.456
107.472
107.488
107.506
107.525
107.545
107.566
107.587
107.61
107.634
107.658
107.684
107.71
107.737
107.765
107.793
107.823
107.853
107.883
107.915
107.946
107.979
108.012
108.045
108.079
108.114
108.149
108.184
108.219
108.255
108.291
108.327
108.364
108.401
108.437
108.474
108.511
108.548
108.585
108.621
108.658
108.695
108.731
108.767
108.803
108.839
108.874
108.909
108.944
108.978
109.012
109.045
109.078
109.111
109.142
109.174
109.204
109.234
109.264
109.292
109.32
109.347
109.373
109.399
109.424
109.447
109.47
109.492
109.513
109.534
109.553
109.571
109.588
109.604
109.62
109.634
109.647
109.659
109.669
109.679
109.688
109.695
109.701
109.707
109.711
109.714
109.715
109.716
108.577
108.577
108.575
108.572
108.567
108.561
108.554
108.546
108.536
108.525
108.513
108.5
108.486
108.47
108.453
108.435
108.416
108.395
108.374
108.352
108.328
108.304
108.278
108.251
108.224
108.196
108.166
108.136
108.105
108.073
108.04
108.007
107.973
107.938
107.903
107.867
107.83
107.793
107.755
107.717
107.678
107.639
107.6
107.56
107.52
107.48
107.439
107.398
107.357
107.316
107.275
107.234
107.193
107.152
107.111
107.07
107.03
106.989
106.949
106.909
106.87
106.831
106.792
106.753
106.716
106.678
106.641
106.605
106.57
106.535
106.501
106.467
106.434
106.403
106.371
106.341
106.312
106.284
106.256
106.23
106.205
106.18
106.157
106.135
106.114
106.094
106.076
106.058
106.042
106.027
106.013
106.001
105.99
105.98
105.971
105.964
105.958
105.953
105.95
105.948
105.947
105.948
105.95
105.953
105.958
105.964
105.971
105.98
105.99
106.001
106.013
106.027
106.042
106.058
106.076
106.094
106.114
106.135
106.157
106.18
106.205
106.23
106.256
106.284
106.312
106.341
106.371
106.403
106.434
106.467
106.501
106.535
106.57
106.605
106.641
106.678
106.716
106.753
106.792
106.831
106.87
106.909
106.949
106.989
107.03
107.07
107.111
107.152
107.193
107.234
107.275
107.316
107.357
107.398
107.439
107.48
107.52
107.56
107.6
107.639
107.678
107.717
107.755
107.793
107.83
107.867
107.903
107.938
107.973
108.007
108.04
108.073
108.105
108.136
108.166
108.196
108.224
108.251
108.278
108.304
108.328
108.352
108.374
108.395
108.416
108.435
108.453
108.47
108.486
108.5
108.513
108.525
108.536
108.546
108.554
108.561
108.567
108.572
108.575
108.577
108.577
107.44
107.439
107.437
107.434
107.429
107.422
107.414
107.405
107.395
107.383
107.369
107.355
107.339
107.321
107.303
107.283
107.262
107.239
107.216
107.191
107.165
107.138
107.109
107.08
107.05
107.018
106.986
106.953
106.918
106.883
106.847
106.81
106.773
106.734
106.695
106.656
106.615
106.574
106.532
106.49
106.448
106.404
106.361
106.317
106.273
106.228
106.184
106.139
106.094
106.048
106.003
105.958
105.912
105.867
105.822
105.777
105.732
105.687
105.643
105.599
105.555
105.512
105.469
105.427
105.385
105.344
105.303
105.263
105.224
105.185
105.148
105.111
105.075
105.039
105.005
104.972
104.94
104.908
104.878
104.849
104.821
104.794
104.769
104.744
104.721
104.699
104.679
104.659
104.642
104.625
104.61
104.596
104.584
104.573
104.563
104.555
104.548
104.543
104.54
104.537
104.537
104.537
104.54
104.543
104.548
104.555
104.563
104.573
104.584
104.596
104.61
104.625
104.642
104.659
104.679
104.699
104.721
104.744
104.769
104.794
104.821
104.849
104.878
104.908
104.94
104.972
105.005
105.039
105.075
105.111
105.148
105.185
105.224
105.263
105.303
105.344
105.385
105.427
105.469
105.512
105.555
105.599
105.643
105.687
105.732
105.777
105.822
105.867
105.912
105.958
106.003
106.048
106.094
106.139
106.184
106.228
106.273
106.317
106.361
106.404
106.448
106.49
106.532
106.574
106.615
106.656
106.695
106.734
106.773
106.81
106.847
106.883
106.918
106.953
106.986
107.018
107.05
107.08
107.109
107.138
107.165
107.191
107.216
107.239
107.262
107.283
107.303
107.321
107.339
107.355
107.369
107.383
107.395
107.405
107.414
107.422
107.429
107.434
107.437
107.439
107.44
106.304
106.303
106.301
106.297
106.292
106.285
106.276
106.266
106.254
106.241
106.227
106.211
106.193
106.174
106.154
106.132
106.109
106.084
106.058
106.031
106.003
105.973
105.942
105.91
105.877
105.842
105.807
105.77
105.733
105.694
105.655
105.615
105.573
105.531
105.489
105.445
105.401
105.356
105.31
105.264
105.217
105.17
105.123
105.075
105.026
104.977
104.928
104.879
104.83
104.78
104.731
104.681
104.631
104.582
104.532
104.483
104.434
104.385
104.337
104.288
104.24
104.193
104.146
104.1
104.054
104.009
103.964
103.921
103.878
103.835
103.794
103.754
103.714
103.676
103.638
103.602
103.566
103.532
103.499
103.467
103.436
103.407
103.379
103.352
103.327
103.303
103.28
103.259
103.24
103.221
103.205
103.19
103.176
103.164
103.154
103.145
103.138
103.132
103.128
103.125
103.125
103.125
103.128
103.132
103.138
103.145
103.154
103.164
103.176
103.19
103.205
103.221
103.24
103.259
103.28
103.303
103.327
103.352
103.379
103.407
103.436
103.467
103.499
103.532
103.566
103.602
103.638
103.676
103.714
103.754
103.794
103.835
103.878
103.921
103.964
104.009
104.054
104.1
104.146
104.193
104.24
104.288
104.337
104.385
104.434
104.483
104.532
104.582
104.631
104.681
104.731
104.78
104.83
104.879
104.928
104.977
105.026
105.075
105.123
105.17
105.217
105.264
105.31
105.356
105.401
105.445
105.489
105.531
105.573
105.615
105.655
105.694
105.733
105.77
105.807
105.842
105.877
105.91
105.942
105.973
106.003
106.031
106.058
106.084
106.109
106.132
106.154
106.174
106.193
106.211
106.227
106.241
106.254
106.266
106.276
106.285
106.292
106.297
106.301
106.303
106.304
105.17
105.169
105.166
105.162
105.156
105.148
105.139
105.128
105.116
105.101
105.085
105.068
105.049
105.028
105.006
104.982
104.957
104.93
104.902
104.873
104.842
104.809
104.776
104.741
104.705
104.667
104.629
104.589
104.548
104.507
104.464
104.42
104.375
104.329
104.283
104.235
104.187
104.138
104.089
104.039
103.988
103.936
103.885
103.832
103.78
103.727
103.673
103.62
103.566
103.512
103.458
103.404
103.35
103.297
103.243
103.189
103.136
103.082
103.03
102.977
102.925
102.874
102.823
102.772
102.722
102.673
102.625
102.577
102.53
102.485
102.44
102.396
102.353
102.311
102.27
102.23
102.192
102.154
102.118
102.084
102.05
102.018
101.988
101.959
101.931
101.905
101.881
101.858
101.836
101.817
101.798
101.782
101.767
101.754
101.743
101.733
101.725
101.719
101.715
101.712
101.711
101.712
101.715
101.719
101.725
101.733
101.743
101.754
101.767
101.782
101.798
101.817
101.836
101.858
101.881
101.905
101.931
101.959
101.988
102.018
102.05
102.084
102.118
102.154
102.192
102.23
102.27
102.311
102.353
102.396
102.44
102.485
102.53
102.577
102.625
102.673
102.722
102.772
102.823
102.874
102.925
102.977
103.03
103.082
103.136
103.189
103.243
103.297
103.35
103.404
103.458
103.512
103.566
103.62
103.673
103.727
103.78
103.832
103.885
103.936
103.988
104.039
104.089
104.138
104.187
104.235
104.283
104.329
104.375
104.42
104.464
104.507
104.548
104.589
104.629
104.667
104.705
104.741
104.776
104.809
104.842
104.873
104.902
104.93
104.957
104.982
105.006
105.028
105.049
105.068
105.085
105.101
105.116
105.128
105.139
105.148
105.156
105.162
105.166
105.169
105.17
104.037
104.036
104.033
104.029
104.022
104.014
104.004
103.992
103.978
103.963
103.946
103.927
103.906
103.884
103.86
103.834
103.807
103.778
103.748
103.716
103.682
103.647
103.611
103.573
103.534
103.494
103.452
103.409
103.365
103.32
103.273
103.226
103.177
103.128
103.078
103.026
102.974
102.921
102.868
102.814
102.759
102.703
102.647
102.591
102.534
102.476
102.419
102.361
102.303
102.245
102.186
102.128
102.069
102.011
101.953
101.895
101.837
101.78
101.722
101.666
101.609
101.554
101.499
101.444
101.39
101.337
101.285
101.233
101.182
101.133
101.084
101.036
100.99
100.945
100.9
100.857
100.816
100.776
100.737
100.699
100.663
100.628
100.595
100.564
100.534
100.506
100.479
100.454
100.431
100.41
100.39
100.373
100.357
100.342
100.33
100.32
100.311
100.304
100.3
100.297
100.296
100.297
100.3
100.304
100.311
100.32
100.33
100.342
100.357
100.373
100.39
100.41
100.431
100.454
100.479
100.506
100.534
100.564
100.595
100.628
100.663
100.699
100.737
100.776
100.816
100.857
100.9
100.945
100.99
101.036
101.084
101.133
101.182
101.233
101.285
101.337
101.39
101.444
101.499
101.554
101.609
101.666
101.722
101.78
101.837
101.895
101.953
102.011
102.069
102.128
102.186
102.245
102.303
102.361
102.419
102.476
102.534
102.591
102.647
102.703
102.759
102.814
102.868
102.921
102.974
103.026
103.078
103.128
103.177
103.226
103.273
103.32
103.365
103.409
103.452
103.494
103.534
103.573
103.611
103.647
103.682
103.716
103.748
103.778
103.807
103.834
103.86
103.884
103.906
103.927
103.946
103.963
103.978
103.992
104.004
104.014
104.022
104.029
104.033
104.036
104.037
102.906
102.905
102.902
102.897
102.89
102.881
102.871
102.858
102.843
102.827
102.808
102.788
102.765
102.741
102.716
102.688
102.659
102.627
102.595
102.56
102.524
102.487
102.448
102.407
102.365
102.321
102.276
102.23
102.183
102.134
102.084
102.033
101.981
101.928
101.873
101.818
101.762
101.705
101.648
101.589
101.53
101.47
101.41
101.349
101.288
101.226
101.164
101.102
101.04
100.977
100.914
100.851
100.788
100.726
100.663
100.6
100.538
100.476
100.415
100.354
100.293
100.233
100.174
100.115
100.057
99.9998
99.9434
99.888
99.8335
99.78
99.7276
99.6763
99.6262
99.5774
99.5298
99.4836
99.4387
99.3953
99.3534
99.313
99.2741
99.2369
99.2013
99.1674
99.1353
99.1049
99.0763
99.0495
99.0246
99.0016
98.9805
98.9613
98.9441
98.9288
98.9156
98.9044
98.8951
98.888
98.8828
98.8798
98.8787
98.8798
98.8828
98.888
98.8951
98.9044
98.9156
98.9288
98.9441
98.9613
98.9805
99.0016
99.0246
99.0495
99.0763
99.1049
99.1353
99.1674
99.2013
99.2369
99.2741
99.313
99.3534
99.3953
99.4387
99.4836
99.5298
99.5774
99.6262
99.6763
99.7276
99.78
99.8335
99.888
99.9434
99.9998
100.057
100.115
100.174
100.233
100.293
100.354
100.415
100.476
100.538
100.6
100.663
100.726
100.788
100.851
100.914
100.977
101.04
101.102
101.164
101.226
101.288
101.349
101.41
101.47
101.53
101.589
101.648
101.705
101.762
101.818
101.873
101.928
101.981
102.033
102.084
102.134
102.183
102.23
102.276
102.321
102.365
102.407
102.448
102.487
102.524
102.56
102.595
102.627
102.659
102.688
102.716
102.741
102.765
102.788
102.808
102.827
102.843
102.858
102.871
102.881
102.89
102.897
102.902
102.905
102.906
101.777
101.776
101.773
101.768
101.76
101.751
101.739
101.726
101.71
101.692
101.672
101.65
101.626
101.601
101.573
101.543
101.512
101.478
101.443
101.406
101.368
101.327
101.285
101.242
101.197
101.15
101.102
101.053
101.002
100.949
100.896
100.841
100.785
100.728
100.67
100.611
100.551
100.49
100.428
100.366
100.302
100.238
100.174
100.108
100.043
99.9767
99.9102
99.8434
99.7764
99.7092
99.6419
99.5745
99.5072
99.4399
99.3727
99.3058
99.2391
99.1728
99.1068
99.0414
98.9764
98.9121
98.8484
98.7854
98.7232
98.6618
98.6014
98.5419
98.4835
98.4261
98.37
98.315
98.2612
98.2089
98.1578
98.1082
98.0601
98.0136
97.9686
97.9252
97.8836
97.8437
97.8055
97.7692
97.7347
97.7021
97.6714
97.6427
97.616
97.5913
97.5686
97.548
97.5296
97.5132
97.499
97.487
97.4771
97.4694
97.4639
97.4606
97.4595
97.4606
97.4639
97.4694
97.4771
97.487
97.499
97.5132
97.5296
97.548
97.5686
97.5913
97.616
97.6427
97.6714
97.7021
97.7347
97.7692
97.8055
97.8437
97.8836
97.9252
97.9686
98.0136
98.0601
98.1082
98.1578
98.2089
98.2612
98.315
98.37
98.4261
98.4835
98.5419
98.6014
98.6618
98.7232
98.7854
98.8484
98.9121
98.9764
99.0414
99.1068
99.1728
99.2391
99.3058
99.3727
99.4399
99.5072
99.5745
99.6419
99.7092
99.7764
99.8434
99.9102
99.9767
100.043
100.108
100.174
100.238
100.302
100.366
100.428
100.49
100.551
100.611
100.67
100.728
100.785
100.841
100.896
100.949
101.002
101.053
101.102
101.15
101.197
101.242
101.285
101.327
101.368
101.406
101.443
101.478
101.512
101.543
101.573
101.601
101.626
101.65
101.672
101.692
101.71
101.726
101.739
101.751
101.76
101.768
101.773
101.776
101.777
100.651
100.649
100.646
100.64
100.632
100.622
100.61
100.595
100.578
100.559
100.538
100.515
100.489
100.462
100.432
100.4
100.367
100.331
100.294
100.254
100.213
100.17
100.125
100.079
100.03
99.9806
99.9292
99.8763
99.8219
99.7661
99.709
99.6506
99.5909
99.53
99.4679
99.4048
99.3407
99.2755
99.2095
99.1427
99.075
99.0067
98.9377
98.8681
98.7979
98.7273
98.6563
98.5851
98.5135
98.4417
98.3698
98.2979
98.2259
98.1541
98.0823
98.0109
97.9396
97.8688
97.7983
97.7284
97.659
97.5903
97.5222
97.4549
97.3885
97.3229
97.2584
97.1948
97.1324
97.0711
97.0111
96.9523
96.8949
96.839
96.7844
96.7314
96.6801
96.6303
96.5822
96.5359
96.4914
96.4487
96.408
96.3691
96.3322
96.2974
96.2646
96.2339
96.2053
96.1789
96.1547
96.1327
96.113
96.0955
96.0803
96.0675
96.0569
96.0487
96.0428
96.0393
96.0381
96.0393
96.0428
96.0487
96.0569
96.0675
96.0803
96.0955
96.113
96.1327
96.1547
96.1789
96.2053
96.2339
96.2646
96.2974
96.3322
96.3691
96.408
96.4487
96.4914
96.5359
96.5822
96.6303
96.6801
96.7314
96.7844
96.839
96.8949
96.9523
97.0111
97.0711
97.1324
97.1948
97.2584
97.3229
97.3885
97.4549
97.5222
97.5903
97.659
97.7284
97.7983
97.8688
97.9396
98.0109
98.0823
98.1541
98.2259
98.2979
98.3698
98.4417
98.5135
98.5851
98.6563
98.7273
98.7979
98.8681
98.9377
99.0067
99.075
99.1427
99.2095
99.2755
99.3407
99.4048
99.4679
99.53
99.5909
99.6506
99.709
99.7661
99.8219
99.8763
99.9292
99.9806
100.03
100.079
100.125
100.17
100.213
100.254
100.294
100.331
100.367
100.4
100.432
100.462
100.489
100.515
100.538
100.559
100.578
100.595
100.61
100.622
100.632
100.64
100.646
100.649
100.651
99.5261
99.5249
99.5213
99.5152
99.5068
99.4959
99.4827
99.4671
99.4491
99.4288
99.4062
99.3814
99.3542
99.3249
99.2933
99.2596
99.2237
99.1858
99.1458
99.1039
99.0599
99.0141
98.9663
98.9168
98.8655
98.8125
98.7578
98.7014
98.6436
98.5842
98.5234
98.4611
98.3976
98.3328
98.2667
98.1995
98.1312
98.062
97.9917
97.9205
97.8485
97.7757
97.7023
97.6282
97.5535
97.4784
97.4028
97.3269
97.2507
97.1743
97.0978
97.0212
96.9446
96.8681
96.7917
96.7156
96.6398
96.5643
96.4893
96.4148
96.341
96.2677
96.1953
96.1236
96.0529
95.9831
95.9143
95.8466
95.7801
95.7149
95.6509
95.5883
95.5272
95.4675
95.4094
95.353
95.2983
95.2452
95.1941
95.1447
95.0972
95.0519
95.0084
94.967
94.9277
94.8906
94.8557
94.8229
94.7925
94.7644
94.7386
94.7151
94.6941
94.6755
94.6593
94.6456
94.6344
94.6256
94.6193
94.6155
94.6143
94.6155
94.6193
94.6256
94.6344
94.6456
94.6593
94.6755
94.6941
94.7151
94.7386
94.7644
94.7925
94.8229
94.8557
94.8906
94.9277
94.967
95.0084
95.0519
95.0972
95.1447
95.1941
95.2452
95.2983
95.353
95.4094
95.4675
95.5272
95.5883
95.6509
95.7149
95.7801
95.8466
95.9143
95.9831
96.0529
96.1236
96.1953
96.2677
96.341
96.4148
96.4893
96.5643
96.6398
96.7156
96.7917
96.8681
96.9446
97.0212
97.0978
97.1743
97.2507
97.3269
97.4028
97.4784
97.5535
97.6282
97.7023
97.7757
97.8485
97.9205
97.9917
98.062
98.1312
98.1995
98.2667
98.3328
98.3976
98.4611
98.5234
98.5842
98.6436
98.7014
98.7578
98.8125
98.8655
98.9168
98.9663
99.0141
99.0599
99.1039
99.1458
99.1858
99.2237
99.2596
99.2933
99.3249
99.3542
99.3814
99.4062
99.4288
99.4491
99.4671
99.4827
99.4959
99.5068
99.5152
99.5213
99.5249
99.5261
98.4042
98.4029
98.399
98.3926
98.3836
98.3721
98.358
98.3414
98.3223
98.3008
98.2767
98.2503
98.2215
98.1903
98.1567
98.1209
98.0828
98.0426
98.0001
97.9555
97.9088
97.8602
97.8095
97.7569
97.7024
97.6461
97.588
97.5282
97.4668
97.4038
97.3392
97.2731
97.2057
97.1369
97.0667
96.9954
96.9229
96.8494
96.7748
96.6992
96.6228
96.5456
96.4676
96.3889
96.3097
96.2299
96.1497
96.0691
95.9882
95.9071
95.8258
95.7445
95.6632
95.582
95.5009
95.4201
95.3396
95.2595
95.1798
95.1007
95.0223
94.9445
94.8676
94.7915
94.7163
94.6422
94.5691
94.4973
94.4266
94.3573
94.2893
94.2229
94.1579
94.0946
94.0329
93.9729
93.9147
93.8584
93.804
93.7516
93.7012
93.6529
93.6067
93.5628
93.521
93.4816
93.4444
93.4097
93.3773
93.3474
93.32
93.2952
93.2728
93.253
93.2358
93.2212
93.2093
93.2
93.1933
93.1893
93.188
93.1893
93.1933
93.2
93.2093
93.2212
93.2358
93.253
93.2728
93.2952
93.32
93.3474
93.3773
93.4097
93.4444
93.4816
93.521
93.5628
93.6067
93.6529
93.7012
93.7516
93.804
93.8584
93.9147
93.9729
94.0329
94.0946
94.1579
94.2229
94.2893
94.3573
94.4266
94.4973
94.5691
94.6422
94.7163
94.7915
94.8676
94.9445
95.0223
95.1007
95.1798
95.2595
95.3396
95.4201
95.5009
95.582
95.6632
95.7445
95.8258
95.9071
95.9882
96.0691
96.1497
96.2299
96.3097
96.3889
96.4676
96.5456
96.6228
96.6992
96.7748
96.8494
96.9229
96.9954
97.0667
97.1369
97.2057
97.2731
97.3392
97.4038
97.4668
97.5282
97.588
97.6461
97.7024
97.7569
97.8095
97.8602
97.9088
97.9555
98.0001
98.0426
98.0828
98.1209
98.1567
98.1903
98.2215
98.2503
98.2767
98.3008
98.3223
98.3414
98.358
98.3721
98.3836
98.3926
98.399
98.4029
98.4042
97.2847
97.2833
97.2792
97.2724
97.2629
97.2506
97.2357
97.2181
97.1979
97.1751
97.1496
97.1216
97.091
97.058
97.0224
96.9845
96.9441
96.9014
96.8565
96.8092
96.7598
96.7082
96.6546
96.5989
96.5411
96.4815
96.42
96.3567
96.2916
96.2248
96.1565
96.0865
96.0151
95.9422
95.868
95.7924
95.7157
95.6378
95.5588
95.4788
95.3979
95.3161
95.2336
95.1503
95.0664
94.9819
94.897
94.8116
94.726
94.6401
94.554
94.4679
94.3818
94.2957
94.2099
94.1242
94.039
93.9541
93.8698
93.786
93.7029
93.6205
93.539
93.4584
93.3788
93.3002
93.2228
93.1467
93.0718
92.9984
92.9264
92.856
92.7871
92.72
92.6546
92.591
92.5294
92.4697
92.412
92.3565
92.3031
92.2519
92.203
92.1563
92.1121
92.0703
92.0309
91.9941
91.9598
91.9281
91.8991
91.8727
91.849
91.828
91.8098
91.7943
91.7817
91.7718
91.7647
91.7605
91.7591
91.7605
91.7647
91.7718
91.7817
91.7943
91.8098
91.828
91.849
91.8727
91.8991
91.9281
91.9598
91.9941
92.0309
92.0703
92.1121
92.1563
92.203
92.2519
92.3031
92.3565
92.412
92.4697
92.5294
92.591
92.6546
92.72
92.7871
92.856
92.9264
92.9984
93.0718
93.1467
93.2228
93.3002
93.3788
93.4584
93.539
93.6205
93.7029
93.786
93.8698
93.9541
94.039
94.1242
94.2099
94.2957
94.3818
94.4679
94.554
94.6401
94.726
94.8116
94.897
94.9819
95.0664
95.1503
95.2336
95.3161
95.3979
95.4788
95.5588
95.6378
95.7157
95.7924
95.868
95.9422
96.0151
96.0865
96.1565
96.2248
96.2916
96.3567
96.42
96.4815
96.5411
96.5989
96.6546
96.7082
96.7598
96.8092
96.8565
96.9014
96.9441
96.9845
97.0224
97.058
97.091
97.1216
97.1496
97.1751
97.1979
97.2181
97.2357
97.2506
97.2629
97.2724
97.2792
97.2833
97.2847
96.1679
96.1664
96.1621
96.1549
96.1448
96.1319
96.1161
96.0975
96.0761
96.052
96.025
95.9954
95.9631
95.9281
95.8906
95.8504
95.8078
95.7626
95.7151
95.6652
95.6129
95.5584
95.5017
95.4428
95.3818
95.3188
95.2538
95.1869
95.1181
95.0476
94.9753
94.9014
94.8259
94.7489
94.6705
94.5907
94.5096
94.4273
94.3439
94.2594
94.1739
94.0875
94.0002
93.9122
93.8236
93.7344
93.6446
93.5544
93.4639
93.3732
93.2822
93.1912
93.1002
93.0093
92.9186
92.8281
92.738
92.6483
92.5591
92.4706
92.3827
92.2957
92.2095
92.1243
92.0401
91.9571
91.8753
91.7948
91.7156
91.638
91.5619
91.4874
91.4146
91.3436
91.2744
91.2073
91.1421
91.0789
91.018
90.9592
90.9027
90.8486
90.7968
90.7475
90.7007
90.6565
90.6149
90.5759
90.5396
90.5061
90.4754
90.4475
90.4224
90.4002
90.381
90.3646
90.3512
90.3408
90.3333
90.3288
90.3273
90.3288
90.3333
90.3408
90.3512
90.3646
90.381
90.4002
90.4224
90.4475
90.4754
90.5061
90.5396
90.5759
90.6149
90.6565
90.7007
90.7475
90.7968
90.8486
90.9027
90.9592
91.018
91.0789
91.1421
91.2073
91.2744
91.3436
91.4146
91.4874
91.5619
91.638
91.7156
91.7948
91.8753
91.9571
92.0401
92.1243
92.2095
92.2957
92.3827
92.4706
92.5591
92.6483
92.738
92.8281
92.9186
93.0093
93.1002
93.1912
93.2822
93.3732
93.4639
93.5544
93.6446
93.7344
93.8236
93.9122
94.0002
94.0875
94.1739
94.2594
94.3439
94.4273
94.5096
94.5907
94.6705
94.7489
94.8259
94.9014
94.9753
95.0476
95.1181
95.1869
95.2538
95.3188
95.3818
95.4428
95.5017
95.5584
95.6129
95.6652
95.7151
95.7626
95.8078
95.8504
95.8906
95.9281
95.9631
95.9954
96.025
96.052
96.0761
96.0975
96.1161
96.1319
96.1448
96.1549
96.1621
96.1664
96.1679
95.054
95.0525
95.048
95.0404
95.0297
95.0161
94.9994
94.9798
94.9571
94.9316
94.9032
94.8719
94.8378
94.8009
94.7612
94.7189
94.6739
94.6262
94.5761
94.5234
94.4683
94.4107
94.3509
94.2888
94.2245
94.158
94.0894
94.0189
93.9464
93.872
93.7958
93.7179
93.6382
93.5571
93.4744
93.3902
93.3047
93.218
93.13
93.0409
92.9508
92.8596
92.7677
92.6749
92.5814
92.4873
92.3927
92.2976
92.2022
92.1064
92.0106
91.9145
91.8186
91.7227
91.627
91.5316
91.4365
91.3419
91.2479
91.1544
91.0618
90.9699
90.879
90.7892
90.7003
90.6127
90.5264
90.4414
90.3579
90.276
90.1956
90.1171
90.0403
89.9653
89.8924
89.8215
89.7526
89.686
89.6216
89.5596
89.5
89.4428
89.3882
89.3361
89.2868
89.24
89.1961
89.155
89.1167
89.0813
89.0488
89.0194
88.9929
88.9695
88.9491
88.9319
88.9177
88.9067
88.8988
88.8941
88.8925
88.8941
88.8988
88.9067
88.9177
88.9319
88.9491
88.9695
88.9929
89.0194
89.0488
89.0813
89.1167
89.155
89.1961
89.24
89.2868
89.3361
89.3882
89.4428
89.5
89.5596
89.6216
89.686
89.7526
89.8215
89.8924
89.9653
90.0403
90.1171
90.1956
90.276
90.3579
90.4414
90.5264
90.6127
90.7003
90.7892
90.879
90.9699
91.0618
91.1544
91.2479
91.3419
91.4365
91.5316
91.627
91.7227
91.8186
91.9145
92.0106
92.1064
92.2022
92.2976
92.3927
92.4873
92.5814
92.6749
92.7677
92.8596
92.9508
93.0409
93.13
93.218
93.3047
93.3902
93.4744
93.5571
93.6382
93.7179
93.7958
93.872
93.9464
94.0189
94.0894
94.158
94.2245
94.2888
94.3509
94.4107
94.4683
94.5234
94.5761
94.6262
94.6739
94.7189
94.7612
94.8009
94.8378
94.8719
94.9032
94.9316
94.9571
94.9798
94.9994
95.0161
95.0297
95.0404
95.048
95.0525
95.054
93.9432
93.9416
93.9368
93.9288
93.9175
93.9031
93.8856
93.8649
93.841
93.8142
93.7842
93.7512
93.7153
93.6764
93.6346
93.59
93.5425
93.4924
93.4395
93.384
93.326
93.2654
93.2024
93.137
93.0693
92.9993
92.9271
92.8528
92.7765
92.6982
92.618
92.5359
92.4522
92.3667
92.2797
92.1911
92.1011
92.0098
91.9172
91.8234
91.7286
91.6327
91.5359
91.4382
91.3399
91.2408
91.1412
91.0411
90.9406
90.8399
90.7389
90.6379
90.5369
90.4359
90.3352
90.2347
90.1346
90.035
89.936
89.8376
89.74
89.6433
89.5476
89.4529
89.3593
89.2671
89.1762
89.0867
88.9987
88.9124
88.8278
88.745
88.664
88.5851
88.5083
88.4335
88.3611
88.2908
88.223
88.1576
88.0948
88.0346
87.977
87.9221
87.8701
87.8209
87.7746
87.7312
87.6908
87.6536
87.6194
87.5883
87.5604
87.5357
87.5143
87.4961
87.4812
87.4696
87.4612
87.4563
87.4546
87.4563
87.4612
87.4696
87.4812
87.4961
87.5143
87.5357
87.5604
87.5883
87.6194
87.6536
87.6908
87.7312
87.7746
87.8209
87.8701
87.9221
87.977
88.0346
88.0948
88.1576
88.223
88.2908
88.3611
88.4335
88.5083
88.5851
88.664
88.745
88.8278
88.9124
88.9987
89.0867
89.1762
89.2671
89.3593
89.4529
89.5476
89.6433
89.74
89.8376
89.936
90.035
90.1346
90.2347
90.3352
90.4359
90.5369
90.6379
90.7389
90.8399
90.9406
91.0411
91.1412
91.2408
91.3399
91.4382
91.5359
91.6327
91.7286
91.8234
91.9172
92.0098
92.1011
92.1911
92.2797
92.3667
92.4522
92.5359
92.618
92.6982
92.7765
92.8528
92.9271
92.9993
93.0693
93.137
93.2024
93.2654
93.326
93.384
93.4395
93.4924
93.5425
93.59
93.6346
93.6764
93.7153
93.7512
93.7842
93.8142
93.841
93.8649
93.8856
93.9031
93.9175
93.9288
93.9368
93.9416
93.9432
92.8355
92.8338
92.8288
92.8203
92.8085
92.7934
92.7749
92.7531
92.7281
92.6997
92.6682
92.6335
92.5957
92.5548
92.5108
92.4639
92.414
92.3613
92.3057
92.2473
92.1863
92.1226
92.0563
91.9876
91.9164
91.8428
91.7669
91.6889
91.6086
91.5263
91.442
91.3558
91.2678
91.178
91.0866
90.9935
90.8989
90.803
90.7057
90.6072
90.5075
90.4067
90.305
90.2023
90.099
89.9949
89.8902
89.785
89.6794
89.5736
89.4675
89.3613
89.2551
89.149
89.0431
88.9374
88.8323
88.7275
88.6234
88.52
88.4174
88.3157
88.2151
88.1155
88.0172
87.9201
87.8245
87.7304
87.6379
87.5471
87.4581
87.371
87.2859
87.2029
87.122
87.0434
86.9671
86.8933
86.822
86.7532
86.6871
86.6237
86.5631
86.5054
86.4506
86.3988
86.3501
86.3045
86.262
86.2228
86.1868
86.1541
86.1248
86.0988
86.0762
86.0571
86.0414
86.0292
86.0204
86.0152
86.0134
86.0152
86.0204
86.0292
86.0414
86.0571
86.0762
86.0988
86.1248
86.1541
86.1868
86.2228
86.262
86.3045
86.3501
86.3988
86.4506
86.5054
86.5631
86.6237
86.6871
86.7532
86.822
86.8933
86.9671
87.0434
87.122
87.2029
87.2859
87.371
87.4581
87.5471
87.6379
87.7304
87.8245
87.9201
88.0172
88.1155
88.2151
88.3157
88.4174
88.52
88.6234
88.7275
88.8323
88.9374
89.0431
89.149
89.2551
89.3613
89.4675
89.5736
89.6794
89.785
89.8902
89.9949
90.099
90.2023
90.305
90.4067
90.5075
90.6072
90.7057
90.803
90.8989
90.9935
91.0866
91.178
91.2678
91.3558
91.442
91.5263
91.6086
91.6889
91.7669
91.8428
91.9164
91.9876
92.0563
92.1226
92.1863
92.2473
92.3057
92.3613
92.414
92.4639
92.5108
92.5548
92.5957
92.6335
92.6682
92.6997
92.7281
92.7531
92.7749
92.7934
92.8085
92.8203
92.8288
92.8338
92.8355
91.7313
91.7295
91.7242
91.7153
91.7029
91.687
91.6676
91.6446
91.6183
91.5885
91.5554
91.519
91.4792
91.4362
91.3901
91.3407
91.2884
91.2329
91.1746
91.1133
91.0492
90.9823
90.9127
90.8406
90.7658
90.6886
90.609
90.527
90.4428
90.3565
90.268
90.1776
90.0852
89.991
89.895
89.7974
89.6982
89.5975
89.4954
89.392
89.2874
89.1817
89.0749
88.9673
88.8588
88.7496
88.6397
88.5293
88.4186
88.3074
88.1961
88.0847
87.9732
87.8618
87.7506
87.6398
87.5294
87.4194
87.3102
87.2016
87.0939
86.9871
86.8814
86.7769
86.6736
86.5717
86.4713
86.3725
86.2753
86.18
86.0865
85.995
85.9057
85.8184
85.7335
85.6509
85.5708
85.4932
85.4182
85.346
85.2765
85.2099
85.1463
85.0856
85.0281
84.9737
84.9224
84.8745
84.8299
84.7887
84.7508
84.7165
84.6857
84.6584
84.6347
84.6146
84.5981
84.5852
84.576
84.5705
84.5687
84.5705
84.576
84.5852
84.5981
84.6146
84.6347
84.6584
84.6857
84.7165
84.7508
84.7887
84.8299
84.8745
84.9224
84.9737
85.0281
85.0856
85.1463
85.2099
85.2765
85.346
85.4182
85.4932
85.5708
85.6509
85.7335
85.8184
85.9057
85.995
86.0865
86.18
86.2753
86.3725
86.4713
86.5717
86.6736
86.7769
86.8814
86.9871
87.0939
87.2016
87.3102
87.4194
87.5294
87.6398
87.7506
87.8618
87.9732
88.0847
88.1961
88.3074
88.4186
88.5293
88.6397
88.7496
88.8588
88.9673
89.0749
89.1817
89.2874
89.392
89.4954
89.5975
89.6982
89.7974
89.895
89.991
90.0852
90.1776
90.268
90.3565
90.4428
90.527
90.609
90.6886
90.7658
90.8406
90.9127
90.9823
91.0492
91.1133
91.1746
91.2329
91.2884
91.3407
91.3901
91.4362
91.4792
91.519
91.5554
91.5885
91.6183
91.6446
91.6676
91.687
91.7029
91.7153
91.7242
91.7295
91.7313
90.6307
90.6288
90.6232
90.6139
90.6008
90.5841
90.5637
90.5396
90.512
90.4807
90.446
90.4077
90.366
90.3208
90.2724
90.2206
90.1657
90.1075
90.0463
89.9821
89.9148
89.8447
89.7718
89.6961
89.6177
89.5368
89.4533
89.3675
89.2792
89.1887
89.096
89.0012
88.9044
88.8057
88.7051
88.6028
88.4989
88.3934
88.2864
88.178
88.0684
87.9577
87.8458
87.733
87.6193
87.5049
87.3898
87.2741
87.158
87.0415
86.9248
86.808
86.6912
86.5745
86.4579
86.3418
86.226
86.1107
85.9962
85.8823
85.7694
85.6575
85.5466
85.437
85.3287
85.2218
85.1165
85.0129
84.911
84.811
84.7129
84.617
84.5231
84.4317
84.3425
84.2559
84.1719
84.0904
84.0118
83.936
83.8631
83.7932
83.7264
83.6628
83.6024
83.5452
83.4915
83.4412
83.3944
83.3511
83.3114
83.2754
83.243
83.2144
83.1895
83.1684
83.1511
83.1376
83.128
83.1222
83.1202
83.1222
83.128
83.1376
83.1511
83.1684
83.1895
83.2144
83.243
83.2754
83.3114
83.3511
83.3944
83.4412
83.4915
83.5452
83.6024
83.6628
83.7264
83.7932
83.8631
83.936
84.0118
84.0904
84.1719
84.2559
84.3425
84.4317
84.5231
84.617
84.7129
84.811
84.911
85.0129
85.1165
85.2218
85.3287
85.437
85.5466
85.6575
85.7694
85.8823
85.9962
86.1107
86.226
86.3418
86.4579
86.5745
86.6912
86.808
86.9248
87.0415
87.158
87.2741
87.3898
87.5049
87.6193
87.733
87.8458
87.9577
88.0684
88.178
88.2864
88.3934
88.4989
88.6028
88.7051
88.8057
88.9044
89.0012
89.096
89.1887
89.2792
89.3675
89.4533
89.5368
89.6177
89.6961
89.7718
89.8447
89.9148
89.9821
90.0463
90.1075
90.1657
90.2206
90.2724
90.3208
90.366
90.4077
90.446
90.4807
90.512
90.5396
90.5637
90.5841
90.6008
90.6139
90.6232
90.6288
90.6307
89.5336
89.5316
89.5257
89.516
89.5023
89.4848
89.4633
89.4381
89.4091
89.3764
89.3399
89.2998
89.256
89.2088
89.1579
89.1037
89.0461
88.9852
88.9211
88.8538
88.7833
88.7099
88.6335
88.5543
88.4722
88.3875
88.3001
88.2102
88.1178
88.0231
87.926
87.8268
87.7255
87.6222
87.5169
87.4099
87.3011
87.1907
87.0787
86.9653
86.8507
86.7347
86.6177
86.4996
86.3806
86.2608
86.1403
86.0193
85.8978
85.7759
85.6537
85.5314
85.4091
85.2869
85.1649
85.0433
84.922
84.8014
84.6814
84.5622
84.4439
84.3267
84.2106
84.0958
83.9824
83.8704
83.7601
83.6515
83.5448
83.44
83.3373
83.2367
83.1385
83.0426
82.9492
82.8584
82.7703
82.685
82.6025
82.5231
82.4467
82.3735
82.3034
82.2367
82.1734
82.1136
82.0572
82.0045
81.9554
81.9101
81.8684
81.8307
81.7967
81.7667
81.7406
81.7185
81.7003
81.6862
81.6761
81.67
81.668
81.67
81.6761
81.6862
81.7003
81.7185
81.7406
81.7667
81.7967
81.8307
81.8684
81.9101
81.9554
82.0045
82.0572
82.1136
82.1734
82.2367
82.3034
82.3735
82.4467
82.5231
82.6025
82.685
82.7703
82.8584
82.9492
83.0426
83.1385
83.2367
83.3373
83.44
83.5448
83.6515
83.7601
83.8704
83.9824
84.0958
84.2106
84.3267
84.4439
84.5622
84.6814
84.8014
84.922
85.0433
85.1649
85.2869
85.4091
85.5314
85.6537
85.7759
85.8978
86.0193
86.1403
86.2608
86.3806
86.4996
86.6177
86.7347
86.8507
86.9653
87.0787
87.1907
87.3011
87.4099
87.5169
87.6222
87.7255
87.8268
87.926
88.0231
88.1178
88.2102
88.3001
88.3875
88.4722
88.5543
88.6335
88.7099
88.7833
88.8538
88.9211
88.9852
89.0461
89.1037
89.1579
89.2088
89.256
89.2998
89.3399
89.3764
89.4091
89.4381
89.4633
89.4848
89.5023
89.516
89.5257
89.5316
89.5336
88.4405
88.4385
88.4323
88.4221
88.4077
88.3893
88.3669
88.3405
88.3101
88.2758
88.2376
88.1956
88.1498
88.1002
88.0471
87.9903
87.93
87.8662
87.7991
87.7286
87.6549
87.5781
87.4982
87.4153
87.3295
87.2408
87.1495
87.0554
86.9589
86.8598
86.7584
86.6546
86.5487
86.4407
86.3307
86.2187
86.105
85.9896
85.8726
85.754
85.6341
85.5129
85.3906
85.2672
85.1428
85.0175
84.8916
84.765
84.6379
84.5105
84.3827
84.2549
84.127
83.9992
83.8716
83.7443
83.6176
83.4914
83.3659
83.2412
83.1175
82.9948
82.8734
82.7532
82.6346
82.5174
82.402
82.2884
82.1766
82.067
81.9594
81.8542
81.7514
81.651
81.5532
81.4582
81.366
81.2766
81.1903
81.1071
81.0271
80.9504
80.8771
80.8073
80.741
80.6783
80.6193
80.5641
80.5127
80.4652
80.4216
80.3821
80.3465
80.3151
80.2878
80.2646
80.2456
80.2308
80.2202
80.2138
80.2117
80.2138
80.2202
80.2308
80.2456
80.2646
80.2878
80.3151
80.3465
80.3821
80.4216
80.4652
80.5127
80.5641
80.6193
80.6783
80.741
80.8073
80.8771
80.9504
81.0271
81.1071
81.1903
81.2766
81.366
81.4582
81.5532
81.651
81.7514
81.8542
81.9594
82.067
82.1766
82.2884
82.402
82.5174
82.6346
82.7532
82.8734
82.9948
83.1175
83.2412
83.3659
83.4914
83.6176
83.7443
83.8716
83.9992
84.127
84.2549
84.3827
84.5105
84.6379
84.765
84.8916
85.0175
85.1428
85.2672
85.3906
85.5129
85.6341
85.754
85.8726
85.9896
86.105
86.2187
86.3307
86.4407
86.5487
86.6546
86.7584
86.8598
86.9589
87.0554
87.1495
87.2408
87.3295
87.4153
87.4982
87.5781
87.6549
87.7286
87.7991
87.8662
87.93
87.9903
88.0471
88.1002
88.1498
88.1956
88.2376
88.2758
88.3101
88.3405
88.3669
88.3893
88.4077
88.4221
88.4323
88.4385
88.4405
87.3516
87.3494
87.343
87.3323
87.3173
87.298
87.2745
87.2468
87.215
87.1791
87.1391
87.0951
87.0472
86.9953
86.9397
86.8803
86.8172
86.7506
86.6804
86.6067
86.5297
86.4494
86.3658
86.2792
86.1895
86.0969
86.0015
85.9032
85.8023
85.6989
85.5929
85.4846
85.374
85.2611
85.1463
85.0294
84.9106
84.7901
84.6679
84.5441
84.4189
84.2924
84.1645
84.0357
83.9057
83.775
83.6434
83.5112
83.3785
83.2454
83.1119
82.9784
82.8447
82.7112
82.5779
82.445
82.3125
82.1806
82.0495
81.9192
81.7899
81.6617
81.5347
81.4092
81.2851
81.1627
81.042
80.9232
80.8064
80.6917
80.5793
80.4693
80.3617
80.2568
80.1545
80.0551
79.9586
79.8652
79.7749
79.6879
79.6042
79.524
79.4473
79.3742
79.3048
79.2393
79.1776
79.1198
79.066
79.0163
78.9707
78.9294
78.8922
78.8593
78.8307
78.8064
78.7865
78.771
78.76
78.7533
78.7511
78.7533
78.76
78.771
78.7865
78.8064
78.8307
78.8593
78.8922
78.9294
78.9707
79.0163
79.066
79.1198
79.1776
79.2393
79.3048
79.3742
79.4473
79.524
79.6042
79.6879
79.7749
79.8652
79.9586
80.0551
80.1545
80.2568
80.3617
80.4693
80.5793
80.6917
80.8064
80.9232
81.042
81.1627
81.2851
81.4092
81.5347
81.6617
81.7899
81.9192
82.0495
82.1806
82.3125
82.445
82.5779
82.7112
82.8447
82.9784
83.1119
83.2454
83.3785
83.5112
83.6434
83.775
83.9057
84.0357
84.1645
84.2924
84.4189
84.5441
84.6679
84.7901
84.9106
85.0294
85.1463
85.2611
85.374
85.4846
85.5929
85.6989
85.8023
85.9032
86.0015
86.0969
86.1895
86.2792
86.3658
86.4494
86.5297
86.6067
86.6804
86.7506
86.8172
86.8803
86.9397
86.9953
87.0472
87.0951
87.1391
87.1791
87.215
87.2468
87.2745
87.298
87.3173
87.3323
87.343
87.3494
87.3516
86.2669
86.2647
86.2579
86.2467
86.231
86.2108
86.1862
86.1573
86.124
86.0864
86.0445
85.9985
85.9484
85.8942
85.8361
85.774
85.7081
85.6384
85.5651
85.4881
85.4077
85.3238
85.2366
85.1461
85.0525
84.9559
84.8562
84.7537
84.6484
84.5404
84.4299
84.3168
84.2014
84.0837
83.9638
83.8419
83.718
83.5922
83.4648
83.3356
83.205
83.073
82.9397
82.8052
82.6696
82.5332
82.3959
82.258
82.1195
81.9805
81.8413
81.7019
81.5625
81.4231
81.2839
81.1452
81.0068
80.8692
80.7323
80.5962
80.4612
80.3273
80.1948
80.0637
79.9341
79.8062
79.6801
79.5561
79.434
79.3143
79.1968
79.0819
78.9695
78.8598
78.753
78.6491
78.5483
78.4506
78.3563
78.2653
78.1779
78.094
78.0139
77.9375
77.865
77.7964
77.7319
77.6715
77.6153
77.5634
77.5158
77.4725
77.4336
77.3992
77.3693
77.3439
77.3232
77.307
77.2954
77.2884
77.2861
77.2884
77.2954
77.307
77.3232
77.3439
77.3693
77.3992
77.4336
77.4725
77.5158
77.5634
77.6153
77.6715
77.7319
77.7964
77.865
77.9375
78.0139
78.094
78.1779
78.2653
78.3563
78.4506
78.5483
78.6491
78.753
78.8598
78.9695
79.0819
79.1968
79.3143
79.434
79.5561
79.6801
79.8062
79.9341
80.0637
80.1948
80.3273
80.4612
80.5962
80.7323
80.8692
81.0068
81.1452
81.2839
81.4231
81.5625
81.7019
81.8413
81.9805
82.1195
82.258
82.3959
82.5332
82.6696
82.8052
82.9397
83.073
83.205
83.3356
83.4648
83.5922
83.718
83.8419
83.9638
84.0837
84.2014
84.3168
84.4299
84.5404
84.6484
84.7537
84.8562
84.9559
85.0525
85.1461
85.2366
85.3238
85.4077
85.4881
85.5651
85.6384
85.7081
85.774
85.8361
85.8942
85.9484
85.9985
86.0445
86.0864
86.124
86.1573
86.1862
86.2108
86.231
86.2467
86.2579
86.2647
86.2669
85.1866
85.1843
85.1772
85.1655
85.149
85.1279
85.1022
85.072
85.0371
84.9979
84.9541
84.9061
84.8537
84.7971
84.7363
84.6715
84.6026
84.5299
84.4533
84.373
84.2891
84.2016
84.1106
84.0162
83.9186
83.8177
83.7138
83.6069
83.4971
83.3845
83.2693
83.1514
83.0311
82.9084
82.7834
82.6564
82.5272
82.3962
82.2633
82.1287
81.9925
81.8549
81.7159
81.5757
81.4344
81.2922
81.1491
81.0053
80.8608
80.716
80.5708
80.4254
80.28
80.1347
79.9896
79.8448
79.7006
79.557
79.4141
79.2723
79.1314
78.9917
78.8534
78.7166
78.5814
78.4479
78.3164
78.1868
78.0595
77.9345
77.8119
77.6919
77.5745
77.46
77.3485
77.24
77.1347
77.0328
76.9343
76.8393
76.748
76.6604
76.5767
76.4969
76.4212
76.3496
76.2822
76.2192
76.1605
76.1062
76.0564
76.0112
75.9706
75.9347
75.9034
75.877
75.8552
75.8383
75.8262
75.819
75.8165
75.819
75.8262
75.8383
75.8552
75.877
75.9034
75.9347
75.9706
76.0112
76.0564
76.1062
76.1605
76.2192
76.2822
76.3496
76.4212
76.4969
76.5767
76.6604
76.748
76.8393
76.9343
77.0328
77.1347
77.24
77.3485
77.46
77.5745
77.6919
77.8119
77.9345
78.0595
78.1868
78.3164
78.4479
78.5814
78.7166
78.8534
78.9917
79.1314
79.2723
79.4141
79.557
79.7006
79.8448
79.9896
80.1347
80.28
80.4254
80.5708
80.716
80.8608
81.0053
81.1491
81.2922
81.4344
81.5757
81.7159
81.8549
81.9925
82.1287
82.2633
82.3962
82.5272
82.6564
82.7834
82.9084
83.0311
83.1514
83.2693
83.3845
83.4971
83.6069
83.7138
83.8177
83.9186
84.0162
84.1106
84.2016
84.2891
84.373
84.4533
84.5299
84.6026
84.6715
84.7363
84.7971
84.8537
84.9061
84.9541
84.9979
85.0371
85.072
85.1022
85.1279
85.149
85.1655
85.1772
85.1843
85.1866
84.1112
84.1087
84.1014
84.089
84.0719
84.0498
84.023
83.9913
83.9549
83.9139
83.8682
83.818
83.7633
83.7042
83.6407
83.5731
83.5012
83.4253
83.3454
83.2617
83.1741
83.0829
82.988
82.8896
82.7878
82.6828
82.5745
82.4631
82.3487
82.2314
82.1114
81.9886
81.8633
81.7355
81.6053
81.473
81.3384
81.2019
81.0635
80.9234
80.7815
80.6382
80.4935
80.3474
80.2003
80.0521
79.903
79.7532
79.6028
79.4519
79.3006
79.1491
78.9976
78.8462
78.6949
78.5441
78.3937
78.244
78.0952
77.9472
77.8004
77.6548
77.5105
77.3679
77.2269
77.0878
76.9505
76.8155
76.6826
76.5522
76.4244
76.2991
76.1767
76.0573
75.9409
75.8277
75.7179
75.6115
75.5087
75.4096
75.3143
75.2229
75.1355
75.0522
74.9732
74.8985
74.8282
74.7623
74.7011
74.6444
74.5925
74.5452
74.5029
74.4654
74.4328
74.4051
74.3825
74.3648
74.3522
74.3446
74.3421
74.3446
74.3522
74.3648
74.3825
74.4051
74.4328
74.4654
74.5029
74.5452
74.5925
74.6444
74.7011
74.7623
74.8282
74.8985
74.9732
75.0522
75.1355
75.2229
75.3143
75.4096
75.5087
75.6115
75.7179
75.8277
75.9409
76.0573
76.1767
76.2991
76.4244
76.5522
76.6826
76.8155
76.9505
77.0878
77.2269
77.3679
77.5105
77.6548
77.8004
77.9472
78.0952
78.244
78.3937
78.5441
78.6949
78.8462
78.9976
79.1491
79.3006
79.4519
79.6028
79.7532
79.903
80.0521
80.2003
80.3474
80.4935
80.6382
80.7815
80.9234
81.0635
81.2019
81.3384
81.473
81.6053
81.7355
81.8633
81.9886
82.1114
82.2314
82.3487
82.4631
82.5745
82.6828
82.7878
82.8896
82.988
83.0829
83.1741
83.2617
83.3454
83.4253
83.5012
83.5731
83.6407
83.7042
83.7633
83.818
83.8682
83.9139
83.9549
83.9913
84.023
84.0498
84.0719
84.089
84.1014
84.1087
84.1112
83.0407
83.0381
83.0304
83.0175
82.9996
82.9765
82.9484
82.9153
82.8773
82.8344
82.7867
82.7343
82.6772
82.6155
82.5493
82.4787
82.4038
82.3246
82.2413
82.154
82.0628
81.9677
81.8688
81.7664
81.6604
81.551
81.4382
81.3222
81.2031
81.081
80.956
80.8283
80.6978
80.5648
80.4294
80.2916
80.1517
80.0096
79.8656
79.7197
79.5721
79.4229
79.2722
79.1203
78.9671
78.8129
78.6577
78.5017
78.3451
78.188
78.0305
77.8728
77.7151
77.5574
77.3999
77.2428
77.0862
76.9303
76.7752
76.6211
76.4681
76.3164
76.1662
76.0175
75.8706
75.7255
75.5826
75.4418
75.3033
75.1674
75.0341
74.9036
74.7759
74.6514
74.53
74.412
74.2975
74.1866
74.0794
73.976
73.8766
73.7813
73.6901
73.6033
73.5209
73.4429
73.3696
73.3009
73.237
73.1779
73.1237
73.0745
73.0302
72.9911
72.9571
72.9283
72.9046
72.8862
72.873
72.8651
72.8624
72.8651
72.873
72.8862
72.9046
72.9283
72.9571
72.9911
73.0302
73.0745
73.1237
73.1779
73.237
73.3009
73.3696
73.4429
73.5209
73.6033
73.6901
73.7813
73.8766
73.976
74.0794
74.1866
74.2975
74.412
74.53
74.6514
74.7759
74.9036
75.0341
75.1674
75.3033
75.4418
75.5826
75.7255
75.8706
76.0175
76.1662
76.3164
76.4681
76.6211
76.7752
76.9303
77.0862
77.2428
77.3999
77.5574
77.7151
77.8728
78.0305
78.188
78.3451
78.5017
78.6577
78.8129
78.9671
79.1203
79.2722
79.4229
79.5721
79.7197
79.8656
80.0096
80.1517
80.2916
80.4294
80.5648
80.6978
80.8283
80.956
81.081
81.2031
81.3222
81.4382
81.551
81.6604
81.7664
81.8688
81.9677
82.0628
82.154
82.2413
82.3246
82.4038
82.4787
82.5493
82.6155
82.6772
82.7343
82.7867
82.8344
82.8773
82.9153
82.9484
82.9765
82.9996
83.0175
83.0304
83.0381
83.0407
81.9752
81.9725
81.9644
81.951
81.9322
81.9082
81.8788
81.8443
81.8046
81.7598
81.71
81.6552
81.5956
81.5313
81.4623
81.3886
81.3106
81.2281
81.1413
81.0503
80.9553
80.8562
80.7534
80.6467
80.5364
80.4225
80.3051
80.1845
80.0606
79.9336
79.8036
79.6707
79.535
79.3967
79.2558
79.1125
78.9669
78.8192
78.6694
78.5177
78.3642
78.2091
78.0524
77.8943
77.735
77.5746
77.4131
77.2509
77.088
76.9246
76.7607
76.5966
76.4325
76.2683
76.1045
75.941
75.778
75.6157
75.4543
75.2939
75.1345
74.9767
74.8202
74.6654
74.5124
74.3614
74.2124
74.0658
73.9216
73.78
73.6411
73.5051
73.3721
73.2424
73.1159
72.993
72.8736
72.758
72.6462
72.5385
72.4349
72.3356
72.2406
72.1501
72.0641
71.9829
71.9064
71.8348
71.7682
71.7066
71.6501
71.5987
71.5526
71.5118
71.4764
71.4463
71.4216
71.4024
71.3887
71.3804
71.3777
71.3804
71.3887
71.4024
71.4216
71.4463
71.4764
71.5118
71.5526
71.5987
71.6501
71.7066
71.7682
71.8348
71.9064
71.9829
72.0641
72.1501
72.2406
72.3356
72.4349
72.5385
72.6462
72.758
72.8736
72.993
73.1159
73.2424
73.3721
73.5051
73.6411
73.78
73.9216
74.0658
74.2124
74.3614
74.5124
74.6654
74.8202
74.9767
75.1345
75.2939
75.4543
75.6157
75.778
75.941
76.1045
76.2683
76.4325
76.5966
76.7607
76.9246
77.088
77.2509
77.4131
77.5746
77.735
77.8943
78.0524
78.2091
78.3642
78.5177
78.6694
78.8192
78.9669
79.1125
79.2558
79.3967
79.535
79.6707
79.8036
79.9336
80.0606
80.1845
80.3051
80.4225
80.5364
80.6467
80.7534
80.8562
80.9553
81.0503
81.1413
81.2281
81.3106
81.3886
81.4623
81.5313
81.5956
81.6552
81.71
81.7598
81.8046
81.8443
81.8788
81.9082
81.9322
81.951
81.9644
81.9725
81.9752
80.915
80.9122
80.9038
80.8898
80.8701
80.845
80.8144
80.7783
80.7368
80.6901
80.6381
80.581
80.5189
80.4518
80.3798
80.3031
80.2217
80.1358
80.0454
79.9507
79.8518
79.7487
79.6416
79.5306
79.4159
79.2974
79.1754
79.0499
78.9211
78.789
78.6539
78.5158
78.3748
78.231
78.0846
77.9357
77.7844
77.6309
77.4752
77.3175
77.158
76.9967
76.8339
76.6696
76.504
76.3372
76.1695
76.0008
75.8314
75.6615
75.4911
75.3205
75.1498
74.9792
74.8087
74.6386
74.4691
74.3003
74.1324
73.9654
73.7998
73.6354
73.4726
73.3115
73.1523
72.9951
72.84
72.6874
72.5373
72.3898
72.2452
72.1036
71.9651
71.83
71.6983
71.5703
71.4459
71.3255
71.2091
71.0969
70.989
70.8855
70.7865
70.6923
70.6027
70.5181
70.4384
70.3638
70.2943
70.2301
70.1713
70.1178
70.0697
70.0272
69.9903
69.9589
69.9332
69.9132
69.8989
69.8903
69.8874
69.8903
69.8989
69.9132
69.9332
69.9589
69.9903
70.0272
70.0697
70.1178
70.1713
70.2301
70.2943
70.3638
70.4384
70.5181
70.6027
70.6923
70.7865
70.8855
70.989
71.0969
71.2091
71.3255
71.4459
71.5703
71.6983
71.83
71.9651
72.1036
72.2452
72.3898
72.5373
72.6874
72.84
72.9951
73.1523
73.3115
73.4726
73.6354
73.7998
73.9654
74.1324
74.3003
74.4691
74.6386
74.8087
74.9792
75.1498
75.3205
75.4911
75.6615
75.8314
76.0008
76.1695
76.3372
76.504
76.6696
76.8339
76.9967
77.158
77.3175
77.4752
77.6309
77.7844
77.9357
78.0846
78.231
78.3748
78.5158
78.6539
78.789
78.9211
79.0499
79.1754
79.2974
79.4159
79.5306
79.6416
79.7487
79.8518
79.9507
80.0454
80.1358
80.2217
80.3031
80.3798
80.4518
80.5189
80.581
80.6381
80.6901
80.7368
80.7783
80.8144
80.845
80.8701
80.8898
80.9038
80.9122
80.915
79.8607
79.8577
79.8489
79.8342
79.8137
79.7875
79.7555
79.7178
79.6745
79.6257
79.5715
79.5119
79.4471
79.3772
79.3022
79.2222
79.1375
79.048
78.9539
78.8554
78.7524
78.6452
78.5338
78.4184
78.2991
78.176
78.0492
77.9188
77.7849
77.6477
77.5074
77.3638
77.2174
77.068
76.916
76.7613
76.6042
76.4447
76.283
76.1193
75.9536
75.7861
75.6169
75.4463
75.2742
75.101
74.9267
74.7515
74.5755
74.3989
74.2219
74.0445
73.8671
73.6897
73.5126
73.3358
73.1595
72.9841
72.8094
72.6359
72.4635
72.2926
72.1233
71.9557
71.7901
71.6265
71.4653
71.3064
71.1502
70.9968
70.8463
70.6989
70.5548
70.4141
70.2771
70.1438
70.0143
69.889
69.7678
69.651
69.5386
69.4308
69.3278
69.2296
69.1364
69.0482
68.9652
68.8875
68.8152
68.7483
68.687
68.6313
68.5812
68.5369
68.4984
68.4658
68.439
68.4182
68.4032
68.3943
68.3913
68.3943
68.4032
68.4182
68.439
68.4658
68.4984
68.5369
68.5812
68.6313
68.687
68.7483
68.8152
68.8875
68.9652
69.0482
69.1364
69.2296
69.3278
69.4308
69.5386
69.651
69.7678
69.889
70.0143
70.1438
70.2771
70.4141
70.5548
70.6989
70.8463
70.9968
71.1502
71.3064
71.4653
71.6265
71.7901
71.9557
72.1233
72.2926
72.4635
72.6359
72.8094
72.9841
73.1595
73.3358
73.5126
73.6897
73.8671
74.0445
74.2219
74.3989
74.5755
74.7515
74.9267
75.101
75.2742
75.4463
75.6169
75.7861
75.9536
76.1193
76.283
76.4447
76.6042
76.7613
76.916
77.068
77.2174
77.3638
77.5074
77.6477
77.7849
77.9188
78.0492
78.176
78.2991
78.4184
78.5338
78.6452
78.7524
78.8554
78.9539
79.048
79.1375
79.2222
79.3022
79.3772
79.4471
79.5119
79.5715
79.6257
79.6745
79.7178
79.7555
79.7875
79.8137
79.8342
79.8489
79.8577
79.8607
78.8121
78.809
78.7998
78.7845
78.7631
78.7356
78.7022
78.6628
78.6177
78.5667
78.5102
78.448
78.3805
78.3075
78.2294
78.1461
78.0579
77.9647
77.8669
77.7643
77.6573
77.5458
77.43
77.3101
77.1861
77.0582
76.9265
76.791
76.652
76.5096
76.3638
76.2149
76.0628
75.9078
75.7499
75.5894
75.4263
75.2607
75.0929
74.9229
74.7509
74.577
74.4015
74.2243
74.0457
73.8658
73.6848
73.5029
73.3201
73.1367
72.9529
72.7687
72.5844
72.4001
72.2161
72.0323
71.8493
71.6668
71.4854
71.305
71.1259
70.9482
70.7722
70.598
70.4257
70.2557
70.088
69.9228
69.7603
69.6007
69.4442
69.2909
69.141
68.9946
68.852
68.7133
68.5787
68.4482
68.3221
68.2005
68.0835
67.9714
67.8641
67.7619
67.6649
67.5731
67.4867
67.4058
67.3305
67.2609
67.197
67.1391
67.0869
67.0408
67.0007
66.9667
66.9389
66.9171
66.9016
66.8923
66.8892
66.8923
66.9016
66.9171
66.9389
66.9667
67.0007
67.0408
67.0869
67.1391
67.197
67.2609
67.3305
67.4058
67.4867
67.5731
67.6649
67.7619
67.8641
67.9714
68.0835
68.2005
68.3221
68.4482
68.5787
68.7133
68.852
68.9946
69.141
69.2909
69.4442
69.6007
69.7603
69.9228
70.088
70.2557
70.4257
70.598
70.7722
70.9482
71.1259
71.305
71.4854
71.6668
71.8493
72.0323
72.2161
72.4001
72.5844
72.7687
72.9529
73.1367
73.3201
73.5029
73.6848
73.8658
74.0457
74.2243
74.4015
74.577
74.7509
74.9229
75.0929
75.2607
75.4263
75.5894
75.7499
75.9078
76.0628
76.2149
76.3638
76.5096
76.652
76.791
76.9265
77.0582
77.1861
77.3101
77.43
77.5458
77.6573
77.7643
77.8669
77.9647
78.0579
78.1461
78.2294
78.3075
78.3805
78.448
78.5102
78.5667
78.6177
78.6628
78.7022
78.7356
78.7631
78.7845
78.7998
78.809
78.8121
77.7697
77.7665
77.7568
77.7408
77.7184
77.6897
77.6548
77.6137
77.5665
77.5134
77.4543
77.3895
77.3191
77.2431
77.1617
77.075
76.9832
76.8863
76.7844
76.6778
76.5665
76.4507
76.3304
76.2058
76.0771
75.9442
75.8075
75.6669
75.5227
75.3748
75.2235
75.069
74.9112
74.7503
74.5866
74.42
74.2508
74.0791
73.905
73.7286
73.5502
73.3698
73.1876
73.0037
72.8184
72.6317
72.4439
72.2551
72.0654
71.8751
71.6842
71.493
71.3016
71.1103
70.9192
70.7285
70.5383
70.3488
70.1603
69.9729
69.7869
69.6023
69.4194
69.2383
69.0593
68.8825
68.7082
68.5365
68.3676
68.2017
68.0389
67.8795
67.7237
67.5715
67.4232
67.2789
67.1388
67.0031
66.872
66.7455
66.6238
66.5071
66.3955
66.2892
66.1882
66.0927
66.0028
65.9186
65.8403
65.7678
65.7014
65.641
65.5868
65.5388
65.497
65.4617
65.4326
65.41
65.3939
65.3842
65.3809
65.3842
65.3939
65.41
65.4326
65.4617
65.497
65.5388
65.5868
65.641
65.7014
65.7678
65.8403
65.9186
66.0028
66.0927
66.1882
66.2892
66.3955
66.5071
66.6238
66.7455
66.872
67.0031
67.1388
67.2789
67.4232
67.5715
67.7237
67.8795
68.0389
68.2017
68.3676
68.5365
68.7082
68.8825
69.0593
69.2383
69.4194
69.6023
69.7869
69.9729
70.1603
70.3488
70.5383
70.7285
70.9192
71.1103
71.3016
71.493
71.6842
71.8751
72.0654
72.2551
72.4439
72.6317
72.8184
73.0037
73.1876
73.3698
73.5502
73.7286
73.905
74.0791
74.2508
74.42
74.5866
74.7503
74.9112
75.069
75.2235
75.3748
75.5227
75.6669
75.8075
75.9442
76.0771
76.2058
76.3304
76.4507
76.5665
76.6778
76.7844
76.8863
76.9832
77.075
77.1617
77.2431
77.3191
77.3895
77.4543
77.5134
77.5665
77.6137
77.6548
77.6897
77.7184
77.7408
77.7568
77.7665
77.7697
76.7335
76.7302
76.7201
76.7033
76.6799
76.65
76.6135
76.5705
76.5213
76.4658
76.4042
76.3367
76.2632
76.1841
76.0993
76.0091
75.9135
75.8127
75.7068
75.596
75.4803
75.36
75.2351
75.1058
74.9721
74.8342
74.6923
74.5464
74.3968
74.2434
74.0866
73.9262
73.7626
73.5958
73.426
73.2533
73.0779
72.8998
72.7192
72.5364
72.3513
72.1643
71.9754
71.7847
71.5925
71.3989
71.2041
71.0081
70.8114
70.6139
70.4159
70.2174
70.0189
69.8203
69.622
69.424
69.2265
69.0299
68.8342
68.6396
68.4463
68.2546
68.0646
67.8766
67.6906
67.507
67.3259
67.1475
66.9719
66.7995
66.6304
66.4647
66.3027
66.1445
65.9903
65.8403
65.6947
65.5536
65.4172
65.2857
65.1591
65.0378
64.9217
64.8111
64.7061
64.6067
64.5132
64.4257
64.3441
64.2688
64.1996
64.1368
64.0804
64.0305
63.9871
63.9502
63.9201
63.8965
63.8797
63.8696
63.8662
63.8696
63.8797
63.8965
63.9201
63.9502
63.9871
64.0305
64.0804
64.1368
64.1996
64.2688
64.3441
64.4257
64.5132
64.6067
64.7061
64.8111
64.9217
65.0378
65.1591
65.2857
65.4172
65.5536
65.6947
65.8403
65.9903
66.1445
66.3027
66.4647
66.6304
66.7995
66.9719
67.1475
67.3259
67.507
67.6906
67.8766
68.0646
68.2546
68.4463
68.6396
68.8342
69.0299
69.2265
69.424
69.622
69.8203
70.0189
70.2174
70.4159
70.6139
70.8114
71.0081
71.2041
71.3989
71.5925
71.7847
71.9754
72.1643
72.3513
72.5364
72.7192
72.8998
73.0779
73.2533
73.426
73.5958
73.7626
73.9262
74.0866
74.2434
74.3968
74.5464
74.6923
74.8342
74.9721
75.1058
75.2351
75.36
75.4803
75.596
75.7068
75.8127
75.9135
76.0091
76.0993
76.1841
76.2632
76.3367
76.4042
76.4658
76.5213
76.5705
76.6135
76.65
76.6799
76.7033
76.7201
76.7302
76.7335
75.7042
75.7006
75.6901
75.6726
75.6481
75.6167
75.5786
75.5337
75.4823
75.4244
75.3602
75.2897
75.2132
75.1307
75.0425
74.9485
74.8491
74.7442
74.6342
74.519
74.3989
74.2739
74.1442
74.01
73.8713
73.7283
73.5811
73.4298
73.2746
73.1157
72.953
72.7868
72.6172
72.4444
72.2684
72.0894
71.9076
71.723
71.5359
71.3464
71.1546
70.9607
70.7649
70.5672
70.368
70.1673
69.9652
69.7622
69.5581
69.3533
69.1479
68.9421
68.7361
68.5302
68.3244
68.1189
67.9141
67.7099
67.5068
67.3048
67.1042
66.9052
66.708
66.5127
66.3196
66.1289
65.9408
65.7555
65.5731
65.394
65.2183
65.0461
64.8778
64.7134
64.5532
64.3973
64.2459
64.0993
63.9575
63.8208
63.6892
63.563
63.4424
63.3274
63.2182
63.1149
63.0176
62.9266
62.8418
62.7634
62.6915
62.6262
62.5675
62.5155
62.4704
62.4321
62.4007
62.3762
62.3587
62.3482
62.3447
62.3482
62.3587
62.3762
62.4007
62.4321
62.4704
62.5155
62.5675
62.6262
62.6915
62.7634
62.8418
62.9266
63.0176
63.1149
63.2182
63.3274
63.4424
63.563
63.6892
63.8208
63.9575
64.0993
64.2459
64.3973
64.5532
64.7134
64.8778
65.0461
65.2183
65.394
65.5731
65.7555
65.9408
66.1289
66.3196
66.5127
66.708
66.9052
67.1042
67.3048
67.5068
67.7099
67.9141
68.1189
68.3244
68.5302
68.7361
68.9421
69.1479
69.3533
69.5581
69.7622
69.9652
70.1673
70.368
70.5672
70.7649
70.9607
71.1546
71.3464
71.5359
71.723
71.9076
72.0894
72.2684
72.4444
72.6172
72.7868
72.953
73.1157
73.2746
73.4298
73.5811
73.7283
73.8713
74.01
74.1442
74.2739
74.3989
74.519
74.6342
74.7442
74.8491
74.9485
75.0425
75.1307
75.2132
75.2897
75.3602
75.4244
75.4823
75.5337
75.5786
75.6167
75.6481
75.6726
75.6901
75.7006
75.7042
74.6819
74.6783
74.6672
74.6489
74.6232
74.5904
74.5505
74.5036
74.4499
74.3894
74.3224
74.2489
74.1691
74.0831
73.9912
73.8935
73.79
73.681
73.5666
73.447
73.3222
73.1925
73.0579
72.9186
72.7748
72.6265
72.4739
72.3171
72.1563
71.9915
71.823
71.6509
71.4751
71.2961
71.1138
70.9284
70.74
70.5488
70.355
70.1587
69.96
69.7591
69.5562
69.3514
69.1449
68.9369
68.7276
68.517
68.3056
68.0933
67.8804
67.667
67.4535
67.2398
67.0264
66.8133
66.6008
66.3891
66.1783
65.9687
65.7606
65.554
65.3493
65.1466
64.9461
64.7482
64.5529
64.3604
64.1711
63.9851
63.8026
63.6238
63.4489
63.2781
63.1117
62.9497
62.7924
62.6401
62.4927
62.3506
62.2139
62.0828
61.9573
61.8378
61.7242
61.6169
61.5158
61.4211
61.333
61.2515
61.1767
61.1088
61.0477
60.9937
60.9468
60.907
60.8743
60.8489
60.8307
60.8197
60.8161
60.8197
60.8307
60.8489
60.8743
60.907
60.9468
60.9937
61.0477
61.1088
61.1767
61.2515
61.333
61.4211
61.5158
61.6169
61.7242
61.8378
61.9573
62.0828
62.2139
62.3506
62.4927
62.6401
62.7924
62.9497
63.1117
63.2781
63.4489
63.6238
63.8026
63.9851
64.1711
64.3604
64.5529
64.7482
64.9461
65.1466
65.3493
65.554
65.7606
65.9687
66.1783
66.3891
66.6008
66.8133
67.0264
67.2398
67.4535
67.667
67.8804
68.0933
68.3056
68.517
68.7276
68.9369
69.1449
69.3514
69.5562
69.7591
69.96
70.1587
70.355
70.5488
70.74
70.9284
71.1138
71.2961
71.4751
71.6509
71.823
71.9915
72.1563
72.3171
72.4739
72.6265
72.7748
72.9186
73.0579
73.1925
73.3222
73.447
73.5666
73.681
73.79
73.8935
73.9912
74.0831
74.1691
74.2489
74.3224
74.3894
74.4499
74.5036
74.5505
74.5904
74.6232
74.6489
74.6672
74.6783
74.6819
73.6671
73.6632
73.6516
73.6324
73.6055
73.5712
73.5294
73.4803
73.4241
73.3609
73.2909
73.2142
73.131
73.0415
72.9458
72.844
72.7364
72.6231
72.5043
72.38
72.2505
72.1159
71.9763
71.8319
71.6827
71.529
71.3709
71.2085
71.0419
70.8712
70.6967
70.5184
70.3365
70.151
69.9623
69.7703
69.5752
69.3773
69.1766
68.9733
68.7675
68.5595
68.3493
68.1373
67.9234
67.708
67.4911
67.273
67.0539
66.8339
66.6133
66.3922
66.1708
65.9494
65.7281
65.5071
65.2868
65.0672
64.8486
64.6312
64.4153
64.201
63.9886
63.7783
63.5703
63.3648
63.1621
62.9623
62.7658
62.5727
62.3832
62.1975
62.0159
61.8386
61.6657
61.4975
61.3341
61.1758
61.0227
60.8751
60.7331
60.5968
60.4664
60.3422
60.2242
60.1126
60.0075
59.9091
59.8175
59.7328
59.6551
59.5845
59.5211
59.4649
59.4161
59.3747
59.3407
59.3143
59.2954
59.284
59.2802
59.284
59.2954
59.3143
59.3407
59.3747
59.4161
59.4649
59.5211
59.5845
59.6551
59.7328
59.8175
59.9091
60.0075
60.1126
60.2242
60.3422
60.4664
60.5968
60.7331
60.8751
61.0227
61.1758
61.3341
61.4975
61.6657
61.8386
62.0159
62.1975
62.3832
62.5727
62.7658
62.9623
63.1621
63.3648
63.5703
63.7783
63.9886
64.201
64.4153
64.6312
64.8486
65.0672
65.2868
65.5071
65.7281
65.9494
66.1708
66.3922
66.6133
66.8339
67.0539
67.273
67.4911
67.708
67.9234
68.1373
68.3493
68.5595
68.7675
68.9733
69.1766
69.3773
69.5752
69.7703
69.9623
70.151
70.3365
70.5184
70.6967
70.8712
71.0419
71.2085
71.3709
71.529
71.6827
71.8319
71.9763
72.1159
72.2505
72.38
72.5043
72.6231
72.7364
72.844
72.9458
73.0415
73.131
73.2142
73.2909
73.3609
73.4241
73.4803
73.5294
73.5712
73.6055
73.6324
73.6516
73.6632
73.6671
72.6598
72.6557
72.6436
72.6234
72.5952
72.5592
72.5154
72.4641
72.4053
72.3392
72.2661
72.186
72.0993
72.006
71.9063
71.8004
71.6886
71.5708
71.4473
71.3183
71.1839
71.0443
70.8995
70.7498
70.5952
70.436
70.2722
70.104
69.9315
69.7548
69.5741
69.3896
69.2012
69.0093
68.8139
68.6152
68.4134
68.2085
68.0008
67.7903
67.5774
67.362
67.1445
66.9249
66.7036
66.4805
66.2559
66.03
65.8031
65.5752
65.3467
65.1176
64.8882
64.6587
64.4294
64.2004
63.972
63.7444
63.5177
63.2924
63.0684
62.8462
62.6259
62.4077
62.1919
61.9787
61.7684
61.5611
61.3572
61.1567
60.96
60.7673
60.5788
60.3946
60.2151
60.0405
59.8708
59.7064
59.5474
59.3941
59.2465
59.105
58.9696
58.8405
58.7179
58.6019
58.4928
58.3905
58.2953
58.2073
58.1265
58.0531
57.9872
57.9288
57.8781
57.835
57.7998
57.7723
57.7526
57.7408
57.7369
57.7408
57.7526
57.7723
57.7998
57.835
57.8781
57.9288
57.9872
58.0531
58.1265
58.2073
58.2953
58.3905
58.4928
58.6019
58.7179
58.8405
58.9696
59.105
59.2465
59.3941
59.5474
59.7064
59.8708
60.0405
60.2151
60.3946
60.5788
60.7673
60.96
61.1567
61.3572
61.5611
61.7684
61.9787
62.1919
62.4077
62.6259
62.8462
63.0684
63.2924
63.5177
63.7444
63.972
64.2004
64.4294
64.6587
64.8882
65.1176
65.3467
65.5752
65.8031
66.03
66.2559
66.4805
66.7036
66.9249
67.1445
67.362
67.5774
67.7903
68.0008
68.2085
68.4134
68.6152
68.8139
69.0093
69.2012
69.3896
69.5741
69.7548
69.9315
70.104
70.2722
70.436
70.5952
70.7498
70.8995
71.0443
71.1839
71.3183
71.4473
71.5708
71.6886
71.8004
71.9063
72.006
72.0993
72.186
72.2661
72.3392
72.4053
72.4641
72.5154
72.5592
72.5952
72.6234
72.6436
72.6557
72.6598
71.6605
71.6562
71.6434
71.6222
71.5927
71.5549
71.509
71.4552
71.3936
71.3245
71.2481
71.1646
71.0741
70.9768
70.873
70.7628
70.6465
70.5241
70.3959
70.262
70.1226
69.9777
69.8277
69.6725
69.5125
69.3475
69.1779
69.0037
68.8252
68.6423
68.4553
68.2644
68.0695
67.871
67.6689
67.4633
67.2545
67.0426
66.8276
66.6099
66.3896
66.1668
65.9417
65.7145
65.4853
65.2544
65.022
64.7882
64.5532
64.3172
64.0805
63.8433
63.6057
63.368
63.1304
62.8931
62.6564
62.4205
62.1856
61.952
61.7199
61.4894
61.261
61.0347
60.8109
60.5898
60.3717
60.1566
59.945
59.737
59.5329
59.3329
59.1372
58.9461
58.7598
58.5784
58.4023
58.2316
58.0665
57.9072
57.754
57.607
57.4664
57.3323
57.2049
57.0845
56.9711
56.8648
56.7659
56.6744
56.5905
56.5143
56.4458
56.3851
56.3324
56.2877
56.251
56.2224
56.202
56.1897
56.1856
56.1897
56.202
56.2224
56.251
56.2877
56.3324
56.3851
56.4458
56.5143
56.5905
56.6744
56.7659
56.8648
56.9711
57.0845
57.2049
57.3323
57.4664
57.607
57.754
57.9072
58.0665
58.2316
58.4023
58.5784
58.7598
58.9461
59.1372
59.3329
59.5329
59.737
59.945
60.1566
60.3717
60.5898
60.8109
61.0347
61.261
61.4894
61.7199
61.952
62.1856
62.4205
62.6564
62.8931
63.1304
63.368
63.6057
63.8433
64.0805
64.3172
64.5532
64.7882
65.022
65.2544
65.4853
65.7145
65.9417
66.1668
66.3896
66.6099
66.8276
67.0426
67.2545
67.4633
67.6689
67.871
68.0695
68.2644
68.4553
68.6423
68.8252
69.0037
69.1779
69.3475
69.5125
69.6725
69.8277
69.9777
70.1226
70.262
70.3959
70.5241
70.6465
70.7628
70.873
70.9768
71.0741
71.1646
71.2481
71.3245
71.3936
71.4552
71.509
71.5549
71.5927
71.6222
71.6434
71.6562
71.6605
70.6698
70.6653
70.6519
70.6296
70.5985
70.5588
70.5106
70.4541
70.3896
70.3174
70.2374
70.1502
70.0557
69.9543
69.8462
69.7316
69.6106
69.4834
69.3503
69.2113
69.0667
68.9165
68.761
68.6003
68.4345
68.2637
68.0882
67.908
67.7232
67.5341
67.3407
67.1431
66.9417
66.7363
66.5273
66.3147
66.0988
65.8796
65.6574
65.4322
65.2044
64.9739
64.7411
64.506
64.2689
64.03
63.7895
63.5475
63.3043
63.06
62.815
62.5693
62.3233
62.0771
61.8311
61.5853
61.3401
61.0957
60.8523
60.6102
60.3695
60.1307
59.8939
59.6593
59.4273
59.198
58.9717
58.7487
58.5292
58.3134
58.1017
57.8941
57.6911
57.4927
57.2993
57.1111
56.9283
56.7511
56.5797
56.4143
56.2552
56.1026
55.9565
55.8173
55.685
55.5599
55.4421
55.3317
55.229
55.1339
55.0468
54.9675
54.8964
54.8334
54.7786
54.7321
54.694
54.6643
54.6431
54.6303
54.6261
54.6303
54.6431
54.6643
54.694
54.7321
54.7786
54.8334
54.8964
54.9675
55.0468
55.1339
55.229
55.3317
55.4421
55.5599
55.685
55.8173
55.9565
56.1026
56.2552
56.4143
56.5797
56.7511
56.9283
57.1111
57.2993
57.4927
57.6911
57.8941
58.1017
58.3134
58.5292
58.7487
58.9717
59.198
59.4273
59.6593
59.8939
60.1307
60.3695
60.6102
60.8523
61.0957
61.3401
61.5853
61.8311
62.0771
62.3233
62.5693
62.815
63.06
63.3043
63.5475
63.7895
64.03
64.2689
64.506
64.7411
64.9739
65.2044
65.4322
65.6574
65.8796
66.0988
66.3147
66.5273
66.7363
66.9417
67.1431
67.3407
67.5341
67.7232
67.908
68.0882
68.2637
68.4345
68.6003
68.761
68.9165
69.0667
69.2113
69.3503
69.4834
69.6106
69.7316
69.8462
69.9543
70.0557
70.1502
70.2374
70.3174
70.3896
70.4541
70.5106
70.5588
70.5985
70.6296
70.6519
70.6653
70.6698
69.6883
69.6835
69.6694
69.6458
69.613
69.5711
69.5205
69.4612
69.3935
69.3177
69.2341
69.1428
69.0443
68.9385
68.8259
68.7065
68.5807
68.4486
68.3104
68.1662
68.0162
67.8606
67.6995
67.5331
67.3614
67.1847
67.0031
66.8167
66.6256
66.43
66.2301
66.0259
65.8176
65.6054
65.3893
65.1696
64.9464
64.7198
64.4901
64.2573
64.0217
63.7834
63.5426
63.2995
63.0543
62.8072
62.5584
62.308
62.0563
61.8036
61.55
61.2957
61.041
60.7862
60.5314
60.2769
60.0229
59.7697
59.5176
59.2668
59.0175
58.77
58.5245
58.2814
58.0408
57.8031
57.5685
57.3372
57.1096
56.8858
56.6661
56.4508
56.2402
56.0343
55.8337
55.6383
55.4486
55.2646
55.0867
54.9151
54.7499
54.5914
54.4397
54.2951
54.1578
54.0279
53.9055
53.7909
53.6842
53.5855
53.4949
53.4126
53.3387
53.2732
53.2163
53.168
53.1285
53.0976
53.0756
53.0623
53.0579
53.0623
53.0756
53.0976
53.1285
53.168
53.2163
53.2732
53.3387
53.4126
53.4949
53.5855
53.6842
53.7909
53.9055
54.0279
54.1578
54.2951
54.4397
54.5914
54.7499
54.9151
55.0867
55.2646
55.4486
55.6383
55.8337
56.0343
56.2402
56.4508
56.6661
56.8858
57.1096
57.3372
57.5685
57.8031
58.0408
58.2814
58.5245
58.77
59.0175
59.2668
59.5176
59.7697
60.0229
60.2769
60.5314
60.7862
61.041
61.2957
61.55
61.8036
62.0563
62.308
62.5584
62.8072
63.0543
63.2995
63.5426
63.7834
64.0217
64.2573
64.4901
64.7198
64.9464
65.1696
65.3893
65.6054
65.8176
66.0259
66.2301
66.43
66.6256
66.8167
67.0031
67.1847
67.3614
67.5331
67.6995
67.8606
68.0162
68.1662
68.3104
68.4486
68.5807
68.7065
68.8259
68.9385
69.0443
69.1428
69.2341
69.3177
69.3935
69.4612
69.5205
69.5711
69.613
69.6458
69.6694
69.6835
69.6883
68.7162
68.7112
68.6962
68.6713
68.6366
68.5924
68.539
68.4766
68.4055
68.326
68.2383
68.1429
68.0399
67.9296
67.8122
67.688
67.5572
67.4199
67.2764
67.1268
66.9714
66.8101
66.6433
66.471
66.2934
66.1106
65.9228
65.73
65.5326
65.3304
65.1238
64.9127
64.6976
64.4782
64.255
64.028
63.7973
63.5632
63.3258
63.0852
62.8417
62.5954
62.3465
62.0952
61.8417
61.5861
61.3288
61.0699
60.8095
60.5481
60.2856
60.0226
59.759
59.4952
59.2314
58.968
58.705
58.4428
58.1817
57.9219
57.6636
57.4072
57.1529
56.9009
56.6516
56.4052
56.162
55.9222
55.6861
55.4541
55.2262
55.0029
54.7844
54.5709
54.3627
54.16
53.9631
53.7722
53.5875
53.4094
53.2379
53.0734
52.9159
52.7658
52.6232
52.4883
52.3612
52.2422
52.1314
52.0289
51.9348
51.8493
51.7725
51.7046
51.6454
51.5953
51.5542
51.5221
51.4992
51.4855
51.4809
51.4855
51.4992
51.5221
51.5542
51.5953
51.6454
51.7046
51.7725
51.8493
51.9348
52.0289
52.1314
52.2422
52.3612
52.4883
52.6232
52.7658
52.9159
53.0734
53.2379
53.4094
53.5875
53.7722
53.9631
54.16
54.3627
54.5709
54.7844
55.0029
55.2262
55.4541
55.6861
55.9222
56.162
56.4052
56.6516
56.9009
57.1529
57.4072
57.6636
57.9219
58.1817
58.4428
58.705
58.968
59.2314
59.4952
59.759
60.0226
60.2856
60.5481
60.8095
61.0699
61.3288
61.5861
61.8417
62.0952
62.3465
62.5954
62.8417
63.0852
63.3258
63.5632
63.7973
64.028
64.255
64.4782
64.6976
64.9127
65.1238
65.3304
65.5326
65.73
65.9228
66.1106
66.2934
66.471
66.6433
66.8101
66.9714
67.1268
67.2764
67.4199
67.5572
67.688
67.8122
67.9296
68.0399
68.1429
68.2383
68.326
68.4055
68.4766
68.539
68.5924
68.6366
68.6713
68.6962
68.7112
68.7162
67.7541
67.7488
67.7328
67.7064
67.6696
67.6229
67.5664
67.5006
67.4257
67.3422
67.2503
67.1504
67.0427
66.9276
66.8053
66.676
66.54
66.3974
66.2485
66.0934
65.9322
65.7653
65.5925
65.4143
65.2305
65.0416
64.8474
64.6482
64.4441
64.2353
64.0218
63.8039
63.5815
63.3551
63.1245
62.89
62.6517
62.4099
62.1646
61.9161
61.6645
61.41
61.1528
60.893
60.631
60.3668
60.1008
59.8331
59.5639
59.2934
59.022
58.7499
58.4772
58.2042
57.9313
57.6585
57.3863
57.1149
56.8445
56.5755
56.308
56.0424
55.7789
55.5178
55.2595
55.0041
54.7521
54.5035
54.2588
54.0182
53.7819
53.5503
53.3237
53.1022
52.8862
52.676
52.4717
52.2736
52.082
51.8971
51.7191
51.5483
51.3849
51.2291
51.081
50.941
50.8091
50.6855
50.5704
50.4639
50.3662
50.2775
50.1977
50.1271
50.0657
50.0136
49.9709
49.9376
49.9139
49.8996
49.8948
49.8996
49.9139
49.9376
49.9709
50.0136
50.0657
50.1271
50.1977
50.2775
50.3662
50.4639
50.5704
50.6855
50.8091
50.941
51.081
51.2291
51.3849
51.5483
51.7191
51.8971
52.082
52.2736
52.4717
52.676
52.8862
53.1022
53.3237
53.5503
53.7819
54.0182
54.2588
54.5035
54.7521
55.0041
55.2595
55.5178
55.7789
56.0424
56.308
56.5755
56.8445
57.1149
57.3863
57.6585
57.9313
58.2042
58.4772
58.7499
59.022
59.2934
59.5639
59.8331
60.1008
60.3668
60.631
60.893
61.1528
61.41
61.6645
61.9161
62.1646
62.4099
62.6517
62.89
63.1245
63.3551
63.5815
63.8039
64.0218
64.2353
64.4441
64.6482
64.8474
65.0416
65.2305
65.4143
65.5925
65.7653
65.9322
66.0934
66.2485
66.3974
66.54
66.676
66.8053
66.9276
67.0427
67.1504
67.2503
67.3422
67.4257
67.5006
67.5664
67.6229
67.6696
67.7064
67.7328
67.7488
67.7541
66.8025
66.7968
66.7797
66.7516
66.7125
66.6628
66.603
66.5335
66.4546
66.3667
66.2702
66.1655
66.053
65.9328
65.8053
65.6707
65.5293
65.3812
65.2267
65.0658
64.899
64.726
64.5473
64.3629
64.173
63.9777
63.7771
63.5713
63.3605
63.1448
62.9244
62.6993
62.4697
62.2359
61.9978
61.7557
61.5097
61.2599
61.0067
60.75
60.4901
60.2272
59.9615
59.6932
59.4224
59.1494
58.8745
58.5977
58.3194
58.0398
57.7592
57.4777
57.1956
56.9133
56.6309
56.3487
56.0669
55.786
55.5061
55.2275
54.9505
54.6755
54.4026
54.1322
53.8645
53.5999
53.3387
53.0811
52.8274
52.578
52.333
52.0929
51.8579
51.6282
51.4042
51.1861
50.9741
50.7686
50.5698
50.378
50.1933
50.016
49.8464
49.6847
49.531
49.3856
49.2486
49.1203
49.0008
48.8903
48.7889
48.6967
48.6139
48.5406
48.4768
48.4227
48.3784
48.3438
48.3191
48.3042
48.2993
48.3042
48.3191
48.3438
48.3784
48.4227
48.4768
48.5406
48.6139
48.6967
48.7889
48.8903
49.0008
49.1203
49.2486
49.3856
49.531
49.6847
49.8464
50.016
50.1933
50.378
50.5698
50.7686
50.9741
51.1861
51.4042
51.6282
51.8579
52.0929
52.333
52.578
52.8274
53.0811
53.3387
53.5999
53.8645
54.1322
54.4026
54.6755
54.9505
55.2275
55.5061
55.786
56.0669
56.3487
56.6309
56.9133
57.1956
57.4777
57.7592
58.0398
58.3194
58.5977
58.8745
59.1494
59.4224
59.6932
59.9615
60.2272
60.4901
60.75
61.0067
61.2599
61.5097
61.7557
61.9978
62.2359
62.4697
62.6993
62.9244
63.1448
63.3605
63.5713
63.7771
63.9777
64.173
64.3629
64.5473
64.726
64.899
65.0658
65.2267
65.3812
65.5293
65.6707
65.8053
65.9328
66.053
66.1655
66.2702
66.3667
66.4546
66.5335
66.603
66.6628
66.7125
66.7516
66.7797
66.7968
66.8025
65.8621
65.856
65.8378
65.8076
65.7658
65.713
65.6494
65.5757
65.4923
65.3998
65.2984
65.1887
65.0708
64.9454
64.8124
64.6724
64.5253
64.3716
64.2112
64.0446
63.8717
63.6927
63.5078
63.3172
63.1209
62.9191
62.7118
62.4994
62.2817
62.0591
61.8315
61.5992
61.3623
61.1209
60.8752
60.6253
60.3713
60.1135
59.8521
59.5871
59.3188
59.0473
58.7729
58.4957
58.2161
57.934
57.6499
57.3639
57.0763
56.7873
56.4972
56.2061
55.9144
55.6224
55.3303
55.0383
54.7468
54.4561
54.1664
53.878
53.5912
53.3064
53.0238
52.7437
52.4665
52.1923
51.9217
51.6547
51.3918
51.1333
50.8794
50.6304
50.3867
50.1486
49.9162
49.69
49.4702
49.257
49.0507
48.8517
48.66
48.4761
48.3001
48.1322
47.9727
47.8217
47.6796
47.5464
47.4223
47.3076
47.2023
47.1065
47.0206
46.9444
46.8782
46.822
46.776
46.7401
46.7144
46.699
46.6938
46.699
46.7144
46.7401
46.776
46.822
46.8782
46.9444
47.0206
47.1065
47.2023
47.3076
47.4223
47.5464
47.6796
47.8217
47.9727
48.1322
48.3001
48.4761
48.66
48.8517
49.0507
49.257
49.4702
49.69
49.9162
50.1486
50.3867
50.6304
50.8794
51.1333
51.3918
51.6547
51.9217
52.1923
52.4665
52.7437
53.0238
53.3064
53.5912
53.878
54.1664
54.4561
54.7468
55.0383
55.3303
55.6224
55.9144
56.2061
56.4972
56.7873
57.0763
57.3639
57.6499
57.934
58.2161
58.4957
58.7729
59.0473
59.3188
59.5871
59.8521
60.1135
60.3713
60.6253
60.8752
61.1209
61.3623
61.5992
61.8315
62.0591
62.2817
62.4994
62.7118
62.9191
63.1209
63.3172
63.5078
63.6927
63.8717
64.0446
64.2112
64.3716
64.5253
64.6724
64.8124
64.9454
65.0708
65.1887
65.2984
65.3998
65.4923
65.5757
65.6494
65.713
65.7658
65.8076
65.8378
65.856
65.8621
64.9341
64.9275
64.9077
64.8752
64.8304
64.7738
64.706
64.6277
64.5394
64.4417
64.335
64.2198
64.0965
63.9654
63.8268
63.6809
63.5281
63.3684
63.2022
63.0295
62.8505
62.6653
62.4742
62.2771
62.0743
61.8659
61.6519
61.4326
61.208
60.9782
60.7434
60.5037
60.2592
60.0102
59.7567
59.4988
59.2368
58.9708
58.701
58.4275
58.1505
57.8703
57.587
57.3008
57.012
56.7207
56.4272
56.1318
55.8346
55.5359
55.236
54.9352
54.6336
54.3316
54.0295
53.7275
53.4259
53.1251
52.8253
52.5268
52.23
51.9351
51.6425
51.3524
51.0652
50.7813
50.5008
50.2243
49.9518
49.6839
49.4207
49.1626
48.91
48.663
48.4221
48.1875
47.9594
47.7383
47.5243
47.3178
47.119
46.9281
46.7454
46.5712
46.4057
46.249
46.1014
45.9632
45.8344
45.7152
45.6059
45.5065
45.4172
45.3382
45.2694
45.2111
45.1633
45.126
45.0993
45.0833
45.078
45.0833
45.0993
45.126
45.1633
45.2111
45.2694
45.3382
45.4172
45.5065
45.6059
45.7152
45.8344
45.9632
46.1014
46.249
46.4057
46.5712
46.7454
46.9281
47.119
47.3178
47.5243
47.7383
47.9594
48.1875
48.4221
48.663
48.91
49.1626
49.4207
49.6839
49.9518
50.2243
50.5008
50.7813
51.0652
51.3524
51.6425
51.9351
52.23
52.5268
52.8253
53.1251
53.4259
53.7275
54.0295
54.3316
54.6336
54.9352
55.236
55.5359
55.8346
56.1318
56.4272
56.7207
57.012
57.3008
57.587
57.8703
58.1505
58.4275
58.701
58.9708
59.2368
59.4988
59.7567
60.0102
60.2592
60.5037
60.7434
60.9782
61.208
61.4326
61.6519
61.8659
62.0743
62.2771
62.4742
62.6653
62.8505
63.0295
63.2022
63.3684
63.5281
63.6809
63.8268
63.9654
64.0965
64.2198
64.335
64.4417
64.5394
64.6277
64.706
64.7738
64.8304
64.8752
64.9077
64.9275
64.9341
64.0195
64.0123
63.9908
63.9554
63.9069
63.8459
63.7733
63.6898
63.5961
63.4927
63.3803
63.2593
63.1301
62.9931
62.8485
62.6967
62.5378
62.3721
62.1997
62.0208
61.8355
61.6441
61.4465
61.2429
61.0334
60.8183
60.5974
60.3711
60.1394
59.9024
59.6602
59.413
59.1609
58.904
58.6426
58.3766
58.1064
57.8319
57.5536
57.2714
56.9856
56.6964
56.404
56.1086
55.8104
55.5097
55.2066
54.9014
54.5944
54.2858
53.9759
53.665
53.3532
53.041
52.7286
52.4163
52.1043
51.7931
51.4829
51.174
50.8668
50.5615
50.2586
49.9582
49.6608
49.3667
49.0762
48.7896
48.5073
48.2296
47.9569
47.6893
47.4274
47.1714
46.9215
46.6782
46.4417
46.2123
45.9904
45.7761
45.5698
45.3718
45.1822
45.0014
44.8296
44.667
44.5138
44.3703
44.2366
44.1129
43.9994
43.8962
43.8035
43.7214
43.65
43.5894
43.5398
43.5011
43.4734
43.4568
43.4512
43.4568
43.4734
43.5011
43.5398
43.5894
43.65
43.7214
43.8035
43.8962
43.9994
44.1129
44.2366
44.3703
44.5138
44.667
44.8296
45.0014
45.1822
45.3718
45.5698
45.7761
45.9904
46.2123
46.4417
46.6782
46.9215
47.1714
47.4274
47.6893
47.9569
48.2296
48.5073
48.7896
49.0762
49.3667
49.6608
49.9582
50.2586
50.5615
50.8668
51.174
51.4829
51.7931
52.1043
52.4163
52.7286
53.041
53.3532
53.665
53.9759
54.2858
54.5944
54.9014
55.2066
55.5097
55.8104
56.1086
56.404
56.6964
56.9856
57.2714
57.5536
57.8319
58.1064
58.3766
58.6426
58.904
59.1609
59.413
59.6602
59.9024
60.1394
60.3711
60.5974
60.8183
61.0334
61.2429
61.4465
61.6441
61.8355
62.0208
62.1997
62.3721
62.5378
62.6967
62.8485
62.9931
63.1301
63.2593
63.3803
63.4927
63.5961
63.6898
63.7733
63.8459
63.9069
63.9554
63.9908
64.0123
64.0195
63.1194
63.1114
63.0877
63.0489
62.9959
62.9298
62.8516
62.7622
62.6624
62.5528
62.4342
62.307
62.1715
62.0283
61.8775
61.7194
61.5543
61.3823
61.2037
61.0184
60.8268
60.6288
60.4246
60.2144
59.9982
59.7762
59.5484
59.315
59.076
58.8316
58.582
58.3271
58.0672
57.8024
57.5328
57.2587
56.98
56.697
56.41
56.1189
55.8241
55.5258
55.2241
54.9192
54.6114
54.301
53.988
53.6729
53.3558
53.037
52.7168
52.3955
52.0733
51.7506
51.4276
51.1046
50.782
50.4601
50.1392
49.8196
49.5016
49.1856
48.872
48.561
48.2531
47.9484
47.6475
47.3506
47.0582
46.7704
46.4877
46.2104
45.9389
45.6734
45.4144
45.1621
44.9168
44.6789
44.4486
44.2263
44.0123
43.8068
43.6101
43.4225
43.2442
43.0754
42.9164
42.7674
42.6286
42.5002
42.3823
42.2752
42.179
42.0937
42.0196
41.9567
41.9051
41.865
41.8362
41.8189
41.8132
41.8189
41.8362
41.865
41.9051
41.9567
42.0196
42.0937
42.179
42.2752
42.3823
42.5002
42.6286
42.7674
42.9164
43.0754
43.2442
43.4225
43.6101
43.8068
44.0123
44.2263
44.4486
44.6789
44.9168
45.1621
45.4144
45.6734
45.9389
46.2104
46.4877
46.7704
47.0582
47.3506
47.6475
47.9484
48.2531
48.561
48.872
49.1856
49.5016
49.8196
50.1392
50.4601
50.782
51.1046
51.4276
51.7506
52.0733
52.3955
52.7168
53.037
53.3558
53.6729
53.988
54.301
54.6114
54.9192
55.2241
55.5258
55.8241
56.1189
56.41
56.697
56.98
57.2587
57.5328
57.8024
58.0672
58.3271
58.582
58.8316
59.076
59.315
59.5484
59.7762
59.9982
60.2144
60.4246
60.6288
60.8268
61.0184
61.2037
61.3823
61.5543
61.7194
61.8775
62.0283
62.1715
62.307
62.4342
62.5528
62.6624
62.7622
62.8516
62.9298
62.9959
63.0489
63.0877
63.1114
63.1194
62.2356
62.2266
62.1999
62.1567
62.0983
62.026
61.9412
61.8451
61.7384
61.6221
61.4967
61.3628
61.2208
61.071
60.9138
60.7493
60.5777
60.3993
60.2142
60.0225
59.8243
59.6197
59.4089
59.1919
58.9689
58.7399
58.505
58.2644
58.0181
57.7662
57.5089
57.2463
56.9785
56.7056
56.4278
56.1452
55.858
55.5663
55.2703
54.9702
54.6662
54.3585
54.0473
53.7328
53.4152
53.0947
52.7717
52.4464
52.1189
51.7897
51.459
51.127
50.7941
50.4605
50.1266
49.7927
49.4591
49.1261
48.7942
48.4635
48.1345
47.8075
47.4828
47.1609
46.842
46.5265
46.2148
45.9073
45.6043
45.3061
45.0131
44.7257
44.4443
44.1691
43.9005
43.6388
43.3845
43.1377
42.8989
42.6683
42.4462
42.233
42.0289
41.8342
41.6491
41.474
41.309
41.1543
41.0102
40.8769
40.7546
40.6433
40.5434
40.4549
40.3779
40.3126
40.2591
40.2173
40.1875
40.1695
40.1636
40.1695
40.1875
40.2173
40.2591
40.3126
40.3779
40.4549
40.5434
40.6433
40.7546
40.8769
41.0102
41.1543
41.309
41.474
41.6491
41.8342
42.0289
42.233
42.4462
42.6683
42.8989
43.1377
43.3845
43.6388
43.9005
44.1691
44.4443
44.7257
45.0131
45.3061
45.6043
45.9073
46.2148
46.5265
46.842
47.1609
47.4828
47.8075
48.1345
48.4635
48.7942
49.1261
49.4591
49.7927
50.1266
50.4605
50.7941
51.127
51.459
51.7897
52.1189
52.4464
52.7717
53.0947
53.4152
53.7328
54.0473
54.3585
54.6662
54.9702
55.2703
55.5663
55.858
56.1452
56.4278
56.7056
56.9785
57.2463
57.5089
57.7662
58.0181
58.2644
58.505
58.7399
58.9689
59.1919
59.4089
59.6197
59.8243
60.0225
60.2142
60.3993
60.5777
60.7493
60.9138
61.071
61.2208
61.3628
61.4967
61.6221
61.7384
61.8451
61.9412
62.026
62.0983
62.1567
62.1999
62.2266
62.2356
61.3697
61.3593
61.3287
61.2797
61.2144
61.1347
61.0423
60.9384
60.8242
60.7004
60.5678
60.4268
60.2778
60.1212
59.9572
59.7861
59.6079
59.4229
59.2312
59.0329
58.8281
58.6168
58.3992
58.1754
57.9454
57.7094
57.4673
57.2194
56.9657
56.7062
56.4412
56.1707
55.8948
55.6137
55.3275
55.0363
54.7404
54.4398
54.1348
53.8255
53.5121
53.1948
52.8738
52.5494
52.2217
51.8911
51.5578
51.2219
50.8839
50.544
50.2024
49.8594
49.5155
49.1708
48.8257
48.4805
48.1356
47.7913
47.4479
47.1058
46.7654
46.427
46.091
45.7577
45.4275
45.1009
44.7781
44.4595
44.1456
43.8366
43.5331
43.2352
42.9434
42.6582
42.3797
42.1084
41.8446
41.5887
41.341
41.1018
40.8714
40.6502
40.4384
40.2363
40.0443
39.8625
39.6912
39.5306
39.3811
39.2427
39.1157
39.0002
38.8964
38.8045
38.7246
38.6568
38.6012
38.5579
38.5269
38.5082
38.502
38.5082
38.5269
38.5579
38.6012
38.6568
38.7246
38.8045
38.8964
39.0002
39.1157
39.2427
39.3811
39.5306
39.6912
39.8625
40.0443
40.2363
40.4384
40.6502
40.8714
41.1018
41.341
41.5887
41.8446
42.1084
42.3797
42.6582
42.9434
43.2352
43.5331
43.8366
44.1456
44.4595
44.7781
45.1009
45.4275
45.7577
46.091
46.427
46.7654
47.1058
47.4479
47.7913
48.1356
48.4805
48.8257
49.1708
49.5155
49.8594
50.2024
50.544
50.8839
51.2219
51.5578
51.8911
52.2217
52.5494
52.8738
53.1948
53.5121
53.8255
54.1348
54.4398
54.7404
55.0363
55.3275
55.6137
55.8948
56.1707
56.4412
56.7062
56.9657
57.2194
57.4673
57.7094
57.9454
58.1754
58.3992
58.6168
58.8281
59.0329
59.2312
59.4229
59.6079
59.7861
59.9572
60.1212
60.2778
60.4268
60.5678
60.7004
60.8242
60.9384
61.0423
61.1347
61.2144
61.2797
61.3287
61.3593
61.3697
60.5247
60.5121
60.4758
60.419
60.3449
60.2561
60.1546
60.042
59.9193
59.7875
59.6471
59.4986
59.3423
59.1787
59.0077
58.8298
58.6449
58.4532
58.2548
58.0497
57.8382
57.6201
57.3957
57.1649
56.9279
56.6847
56.4354
56.1801
55.9188
55.6517
55.3788
55.1003
54.8163
54.5268
54.2321
53.9322
53.6274
53.3177
53.0035
52.6847
52.3617
52.0347
51.7037
51.3692
51.0313
50.6902
50.3463
49.9997
49.6508
49.2998
48.9471
48.5929
48.2376
47.8815
47.5248
47.1681
46.8115
46.4555
46.1003
45.7465
45.3943
45.0442
44.6964
44.3514
44.0096
43.6714
43.3371
43.0072
42.682
42.3619
42.0473
41.7386
41.4362
41.1405
40.8518
40.5705
40.2969
40.0315
39.7746
39.5265
39.2875
39.0579
38.8382
38.6285
38.4292
38.2405
38.0627
37.8961
37.7408
37.5972
37.4653
37.3454
37.2377
37.1423
37.0593
36.9889
36.9311
36.8861
36.854
36.8346
36.8282
36.8346
36.854
36.8861
36.9311
36.9889
37.0593
37.1423
37.2377
37.3454
37.4653
37.5972
37.7408
37.8961
38.0627
38.2405
38.4292
38.6285
38.8382
39.0579
39.2875
39.5265
39.7746
40.0315
40.2969
40.5705
40.8518
41.1405
41.4362
41.7386
42.0473
42.3619
42.682
43.0072
43.3371
43.6714
44.0096
44.3514
44.6964
45.0442
45.3943
45.7465
46.1003
46.4555
46.8115
47.1681
47.5248
47.8815
48.2376
48.5929
48.9471
49.2998
49.6508
49.9997
50.3463
50.6902
51.0313
51.3692
51.7037
52.0347
52.3617
52.6847
53.0035
53.3177
53.6274
53.9322
54.2321
54.5268
54.8163
55.1003
55.3788
55.6517
55.9188
56.1801
56.4354
56.6847
56.9279
57.1649
57.3957
57.6201
57.8382
58.0497
58.2548
58.4532
58.6449
58.8298
59.0077
59.1787
59.3423
59.4986
59.6471
59.7875
59.9193
60.042
60.1546
60.2561
60.3449
60.419
60.4758
60.5121
60.5247
59.705
59.6885
59.6434
59.5757
59.4901
59.3901
59.2781
59.1556
59.0236
58.8831
58.7344
58.5781
58.4143
58.2433
58.0653
57.8803
57.6885
57.49
57.2848
57.0731
56.8547
56.6298
56.3985
56.1607
55.9166
55.6662
55.4096
55.1468
54.8778
54.6029
54.3221
54.0355
53.7431
53.4452
53.1418
52.8331
52.5192
52.2004
51.8766
51.5483
51.2155
50.8784
50.5373
50.1925
49.844
49.4923
49.1374
48.7799
48.4198
48.0575
47.6934
47.3276
46.9606
46.5927
46.2242
45.8555
45.4869
45.1188
44.7516
44.3857
44.0213
43.659
43.2992
42.9421
42.5883
42.2381
41.8919
41.5502
41.2133
40.8817
40.5558
40.2359
39.9225
39.6159
39.3166
39.0249
38.7413
38.466
38.1995
37.9422
37.6942
37.4561
37.2281
37.0105
36.8037
36.6078
36.4233
36.2503
36.0892
35.94
35.8031
35.6787
35.5668
35.4677
35.3816
35.3085
35.2485
35.2018
35.1683
35.1483
35.1416
35.1483
35.1683
35.2018
35.2485
35.3085
35.3816
35.4677
35.5668
35.6787
35.8031
35.94
36.0892
36.2503
36.4233
36.6078
36.8037
37.0105
37.2281
37.4561
37.6942
37.9422
38.1995
38.466
38.7413
39.0249
39.3166
39.6159
39.9225
40.2359
40.5558
40.8817
41.2133
41.5502
41.8919
42.2381
42.5883
42.9421
43.2992
43.659
44.0213
44.3857
44.7516
45.1188
45.4869
45.8555
46.2242
46.5927
46.9606
47.3276
47.6934
48.0575
48.4198
48.7799
49.1374
49.4923
49.844
50.1925
50.5373
50.8784
51.2155
51.5483
51.8766
52.2004
52.5192
52.8331
53.1418
53.4452
53.7431
54.0355
54.3221
54.6029
54.8778
55.1468
55.4096
55.6662
55.9166
56.1607
56.3985
56.6298
56.8547
57.0731
57.2848
57.49
57.6885
57.8803
58.0653
58.2433
58.4143
58.5781
58.7344
58.8831
59.0236
59.1556
59.2781
59.3901
59.4901
59.5757
59.6434
59.6885
59.705
58.9181
58.8933
58.8335
58.75
58.6495
58.536
58.4119
58.2784
58.1364
57.9866
57.8293
57.6648
57.4933
57.3148
57.1296
56.9376
56.7388
56.5335
56.3214
56.1028
55.8776
55.6458
55.4075
55.1627
54.9115
54.6538
54.3897
54.1194
53.8428
53.56
53.2711
52.9762
52.6755
52.3689
52.0568
51.739
51.416
51.0877
50.7544
50.4162
50.0734
49.7262
49.3747
49.0192
48.66
48.2973
47.9314
47.5625
47.191
46.8171
46.4412
46.0635
45.6846
45.3045
44.9238
44.5428
44.1619
43.7813
43.4017
43.0232
42.6463
42.2715
41.8991
41.5296
41.1634
40.8008
40.4424
40.0885
39.7395
39.396
39.0583
38.7268
38.4019
38.0842
37.7739
37.4715
37.1773
36.8919
36.6155
36.3485
36.0913
35.8442
35.6076
35.3819
35.1672
34.964
34.7724
34.5929
34.4256
34.2708
34.1286
33.9994
33.8833
33.7804
33.6909
33.615
33.5528
33.5042
33.4695
33.4487
33.4417
33.4487
33.4695
33.5042
33.5528
33.615
33.6909
33.7804
33.8833
33.9994
34.1286
34.2708
34.4256
34.5929
34.7724
34.964
35.1672
35.3819
35.6076
35.8442
36.0913
36.3485
36.6155
36.8919
37.1773
37.4715
37.7739
38.0842
38.4019
38.7268
39.0583
39.396
39.7395
40.0885
40.4424
40.8008
41.1634
41.5296
41.8991
42.2715
42.6463
43.0232
43.4017
43.7813
44.1619
44.5428
44.9238
45.3045
45.6846
46.0635
46.4412
46.8171
47.191
47.5625
47.9314
48.2973
48.66
49.0192
49.3747
49.7262
50.0734
50.4162
50.7544
51.0877
51.416
51.739
52.0568
52.3689
52.6755
52.9762
53.2711
53.56
53.8428
54.1194
54.3897
54.6538
54.9115
55.1627
55.4075
55.6458
55.8776
56.1028
56.3214
56.5335
56.7388
56.9376
57.1296
57.3148
57.4933
57.6648
57.8293
57.9866
58.1364
58.2784
58.4119
58.536
58.6495
58.75
58.8335
58.8933
58.9181
58.1805
58.1333
58.0473
57.9411
57.8219
57.6927
57.555
57.4096
57.2571
57.0977
56.9315
56.7586
56.5792
56.3932
56.2006
56.0015
55.7958
55.5835
55.3646
55.1392
54.9071
54.6684
54.4231
54.1712
53.9128
53.6478
53.3762
53.0983
52.8139
52.5231
52.2261
51.9229
51.6136
51.2984
50.9772
50.6504
50.318
49.9801
49.637
49.2889
48.9359
48.5782
48.2161
47.8498
47.4795
47.1056
46.7283
46.3478
45.9645
45.5787
45.1907
44.8009
44.4096
44.0171
43.6238
43.2301
42.8364
42.4431
42.0505
41.6591
41.2694
40.8816
40.4963
40.1139
39.7348
39.3595
38.9883
38.6218
38.2604
37.9045
37.5546
37.2111
36.8744
36.545
36.2234
35.9098
35.6048
35.3088
35.0221
34.7451
34.4783
34.222
33.9765
33.7422
33.5194
33.3085
33.1097
32.9233
32.7496
32.5889
32.4413
32.3072
32.1866
32.0798
31.9869
31.908
31.8434
31.793
31.7569
31.7353
31.728
31.7353
31.7569
31.793
31.8434
31.908
31.9869
32.0798
32.1866
32.3072
32.4413
32.5889
32.7496
32.9233
33.1097
33.3085
33.5194
33.7422
33.9765
34.222
34.4783
34.7451
35.0221
35.3088
35.6048
35.9098
36.2234
36.545
36.8744
37.2111
37.5546
37.9045
38.2604
38.6218
38.9883
39.3595
39.7348
40.1139
40.4963
40.8816
41.2694
41.6591
42.0505
42.4431
42.8364
43.2301
43.6238
44.0171
44.4096
44.8009
45.1907
45.5787
45.9645
46.3478
46.7283
47.1056
47.4795
47.8498
48.2161
48.5782
48.9359
49.2889
49.637
49.9801
50.318
50.6504
50.9772
51.2984
51.6136
51.9229
52.2261
52.5231
52.8139
53.0983
53.3762
53.6478
53.9128
54.1712
54.4231
54.6684
54.9071
55.1392
55.3646
55.5835
55.7958
56.0015
56.2006
56.3932
56.5792
56.7586
56.9315
57.0977
57.2571
57.4096
57.555
57.6927
57.8219
57.9411
58.0473
58.1333
58.1805
57.5375
57.4118
57.2812
57.1454
57.0042
56.8577
56.7057
56.548
56.3846
56.2154
56.0402
55.859
55.6716
55.478
55.2782
55.0719
54.8593
54.6401
54.4144
54.1821
53.9431
53.6975
53.4452
53.1862
52.9205
52.6482
52.3692
52.0835
51.7913
51.4925
51.1873
50.8756
50.5577
50.2336
49.9034
49.5673
49.2253
48.8778
48.5247
48.1663
47.8029
47.4346
47.0616
46.6843
46.3027
45.9173
45.5283
45.1359
44.7406
44.3425
43.9422
43.5398
43.1357
42.7304
42.3242
41.9175
41.5106
41.1041
40.6982
40.2935
39.8904
39.4893
39.0906
38.6949
38.3025
37.9139
37.5296
37.1501
36.7757
36.4071
36.0445
35.6886
35.3396
34.9982
34.6647
34.3396
34.0234
33.7163
33.419
33.1317
32.8549
32.5889
32.3342
32.0911
31.8599
31.6409
31.4346
31.2411
31.0608
30.8939
30.7407
30.6014
30.4762
30.3653
30.2688
30.1869
30.1198
30.0674
30.03
30.0075
30
30.0075
30.03
30.0674
30.1198
30.1869
30.2688
30.3653
30.4762
30.6014
30.7407
30.8939
31.0608
31.2411
31.4346
31.6409
31.8599
32.0911
32.3342
32.5889
32.8549
33.1317
33.419
33.7163
34.0234
34.3396
34.6647
34.9982
35.3396
35.6886
36.0445
36.4071
36.7757
37.1501
37.5296
37.9139
38.3025
38.6949
39.0906
39.4893
39.8904
40.2935
40.6982
41.1041
41.5106
41.9175
42.3242
42.7304
43.1357
43.5398
43.9422
44.3425
44.7406
45.1359
45.5283
45.9173
46.3027
46.6843
47.0616
47.4346
47.8029
48.1663
48.5247
48.8778
49.2253
49.5673
49.9034
50.2336
50.5577
50.8756
51.1873
51.4925
51.7913
52.0835
52.3692
52.6482
52.9205
53.1862
53.4452
53.6975
53.9431
54.1821
54.4144
54.6401
54.8593
55.0719
55.2782
55.478
55.6716
55.859
56.0402
56.2154
56.3846
56.548
56.7057
56.8577
57.0042
57.1454
57.2812
57.4118
57.5375
