120
120
120
120
120
120
120
120
120
120
120
120
120
120
120
120
120
120
120
120
120
120
120
120
120
120
120
120
120
120
120
120
120
120
120
120
120
120
120
120
120
120
120
120
120
120
120
120
120
120
120
120
120
120
120
120
120
120
120
120
120
120
120
120
120
120
120
120
120
120
120
120
120
120
120
120
120
120
120
120
120
120
120
120
120
120
120
120
120
120
120
120
120
120
120
120
120
120
120
120
120
120
120
120
120
120
120
120
120
120
120
120
120
120
120
120
120
120
120
120
120
120
120
120
120
120
120
120
120
120
120
120
120
120
120
120
120
120
120
120
120
120
120
120
120
120
120
120
120
120
120
120
120
120
120
120
120
120
120
120
120
120
120
120
120
120
120
120
120
120
120
120
120
120
120
120
120
120
120
120
120
120
120
120
120
120
120
120
120
120
120
120
120
120
120
120
120
120
120
120
120
118.846
118.847
118.846
118.846
118.845
118.846
118.845
118.845
118.844
118.845
118.842
118.843
118.84
118.841
118.838
118.838
118.835
118.834
118.831
118.829
118.827
118.823
118.821
118.817
118.815
118.811
118.809
118.806
118.802
118.801
118.796
118.795
118.79
118.786
118.784
118.778
118.777
118.771
118.768
118.766
118.759
118.759
118.754
118.749
118.748
118.74
118.739
118.734
118.73
118.729
118.723
118.72
118.716
118.712
118.708
118.704
118.7
118.696
118.692
118.688
118.684
118.68
118.676
118.673
118.669
118.665
118.662
118.658
118.655
118.652
118.649
118.645
118.642
118.639
118.636
118.634
118.631
118.628
118.626
118.623
118.621
118.619
118.617
118.615
118.613
118.611
118.609
118.607
118.606
118.605
118.603
118.602
118.601
118.6
118.6
118.599
118.598
118.598
118.598
118.597
118.597
118.597
118.598
118.598
118.598
118.599
118.6
118.6
118.601
118.602
118.603
118.605
118.606
118.607
118.609
118.611
118.613
118.615
118.617
118.619
118.621
118.623
118.626
118.628
118.631
118.634
118.636
118.639
118.642
118.645
118.649
118.652
118.655
118.658
118.662
118.665
118.669
118.673
118.676
118.68
118.684
118.688
118.692
118.696
118.7
118.704
118.708
118.712
118.716
118.72
118.723
118.729
118.73
118.734
118.739
118.74
118.748
118.749
118.754
118.759
118.759
118.766
118.768
118.771
118.777
118.778
118.784
118.786
118.79
118.795
118.796
118.801
118.802
118.806
118.809
118.811
118.815
118.817
118.821
118.823
118.827
118.829
118.831
118.834
118.835
118.838
118.838
118.841
118.84
118.843
118.842
118.845
118.844
118.845
118.845
118.846
118.845
118.846
118.846
118.847
118.846
117.704
117.704
117.703
117.703
117.702
117.701
117.699
117.698
117.696
117.694
117.691
117.689
117.686
117.683
117.679
117.676
117.672
117.668
117.663
117.659
117.654
117.649
117.644
117.638
117.633
117.627
117.621
117.615
117.609
117.602
117.596
117.589
117.583
117.576
117.568
117.562
117.554
117.547
117.539
117.531
117.525
117.516
117.509
117.502
117.491
117.488
117.476
117.471
117.464
117.454
117.45
117.439
117.433
117.424
117.416
117.407
117.399
117.391
117.383
117.375
117.367
117.359
117.351
117.343
117.336
117.328
117.321
117.314
117.307
117.3
117.294
117.287
117.281
117.274
117.268
117.263
117.257
117.251
117.246
117.241
117.236
117.232
117.227
117.223
117.219
117.215
117.212
117.208
117.205
117.202
117.2
117.197
117.195
117.193
117.192
117.19
117.189
117.188
117.188
117.187
117.187
117.187
117.188
117.188
117.189
117.19
117.192
117.193
117.195
117.197
117.2
117.202
117.205
117.208
117.212
117.215
117.219
117.223
117.227
117.232
117.236
117.241
117.246
117.251
117.257
117.263
117.268
117.274
117.281
117.287
117.294
117.3
117.307
117.314
117.321
117.328
117.336
117.343
117.351
117.359
117.367
117.375
117.383
117.391
117.399
117.407
117.416
117.424
117.433
117.439
117.45
117.454
117.464
117.471
117.476
117.488
117.491
117.502
117.509
117.516
117.525
117.531
117.539
117.547
117.554
117.562
117.568
117.576
117.583
117.589
117.596
117.602
117.609
117.615
117.621
117.627
117.633
117.638
117.644
117.649
117.654
117.659
117.663
117.668
117.672
117.676
117.679
117.683
117.686
117.689
117.691
117.694
117.696
117.698
117.699
117.701
117.702
117.703
117.703
117.704
117.704
116.562
116.562
116.561
116.56
116.559
116.556
116.554
116.55
116.548
116.543
116.54
116.534
116.531
116.524
116.52
116.512
116.508
116.501
116.495
116.488
116.481
116.475
116.466
116.46
116.45
116.443
116.433
116.424
116.415
116.404
116.396
116.384
116.375
116.364
116.353
116.344
116.331
116.322
116.31
116.298
116.288
116.274
116.265
116.252
116.241
116.229
116.219
116.205
116.195
116.184
116.17
116.162
116.147
116.136
116.123
116.111
116.098
116.086
116.073
116.061
116.049
116.037
116.025
116.014
116.002
115.991
115.98
115.969
115.958
115.948
115.938
115.928
115.918
115.909
115.9
115.891
115.882
115.874
115.866
115.858
115.851
115.844
115.837
115.83
115.824
115.819
115.813
115.808
115.803
115.799
115.795
115.791
115.788
115.785
115.783
115.781
115.779
115.778
115.777
115.776
115.776
115.776
115.777
115.778
115.779
115.781
115.783
115.785
115.788
115.791
115.795
115.799
115.803
115.808
115.813
115.819
115.824
115.83
115.837
115.844
115.851
115.858
115.866
115.874
115.882
115.891
115.9
115.909
115.918
115.928
115.938
115.948
115.958
115.969
115.98
115.991
116.002
116.014
116.025
116.037
116.049
116.061
116.073
116.086
116.098
116.111
116.123
116.136
116.147
116.162
116.17
116.184
116.195
116.205
116.219
116.229
116.241
116.252
116.265
116.274
116.288
116.298
116.31
116.322
116.331
116.344
116.353
116.364
116.375
116.384
116.396
116.404
116.415
116.424
116.433
116.443
116.45
116.46
116.466
116.475
116.481
116.488
116.495
116.501
116.508
116.512
116.52
116.524
116.531
116.534
116.54
116.543
116.548
116.55
116.554
116.556
116.559
116.56
116.561
116.562
116.562
115.41
115.41
115.409
115.408
115.406
115.404
115.4
115.397
115.393
115.388
115.383
115.378
115.372
115.365
115.358
115.351
115.343
115.334
115.326
115.317
115.308
115.298
115.288
115.277
115.266
115.255
115.243
115.231
115.218
115.206
115.192
115.179
115.165
115.151
115.138
115.122
115.11
115.093
115.079
115.065
115.047
115.035
115.016
115.003
114.988
114.971
114.958
114.942
114.925
114.911
114.895
114.878
114.865
114.846
114.831
114.814
114.798
114.781
114.765
114.749
114.733
114.717
114.701
114.686
114.671
114.656
114.641
114.627
114.613
114.599
114.586
114.572
114.56
114.547
114.535
114.523
114.512
114.501
114.49
114.48
114.47
114.461
114.452
114.444
114.436
114.428
114.421
114.414
114.408
114.402
114.397
114.392
114.388
114.384
114.381
114.378
114.376
114.374
114.373
114.372
114.372
114.372
114.373
114.374
114.376
114.378
114.381
114.384
114.388
114.392
114.397
114.402
114.408
114.414
114.421
114.428
114.436
114.444
114.452
114.461
114.47
114.48
114.49
114.501
114.512
114.523
114.535
114.547
114.56
114.572
114.586
114.599
114.613
114.627
114.641
114.656
114.671
114.686
114.701
114.717
114.733
114.749
114.765
114.781
114.798
114.814
114.831
114.846
114.865
114.878
114.895
114.911
114.925
114.942
114.958
114.971
114.988
115.003
115.016
115.035
115.047
115.065
115.079
115.093
115.11
115.122
115.138
115.151
115.165
115.179
115.192
115.206
115.218
115.231
115.243
115.255
115.266
115.277
115.288
115.298
115.308
115.317
115.326
115.334
115.343
115.351
115.358
115.365
115.372
115.378
115.383
115.388
115.393
115.397
115.4
115.404
115.406
115.408
115.409
115.41
115.41
114.258
114.257
114.256
114.255
114.253
114.25
114.247
114.244
114.238
114.234
114.227
114.223
114.214
114.208
114.198
114.191
114.18
114.171
114.159
114.148
114.136
114.123
114.111
114.095
114.083
114.067
114.054
114.037
114.022
114.007
113.989
113.975
113.956
113.94
113.922
113.903
113.886
113.866
113.849
113.829
113.811
113.791
113.774
113.753
113.736
113.716
113.696
113.679
113.658
113.638
113.62
113.599
113.577
113.561
113.537
113.518
113.498
113.477
113.457
113.437
113.417
113.397
113.378
113.359
113.34
113.321
113.303
113.285
113.268
113.251
113.234
113.218
113.202
113.187
113.172
113.157
113.143
113.129
113.116
113.103
113.091
113.08
113.069
113.058
113.048
113.039
113.03
113.022
113.014
113.007
113
112.994
112.989
112.984
112.98
112.977
112.974
112.972
112.97
112.969
112.969
112.969
112.97
112.972
112.974
112.977
112.98
112.984
112.989
112.994
113
113.007
113.014
113.022
113.03
113.039
113.048
113.058
113.069
113.08
113.091
113.103
113.116
113.129
113.143
113.157
113.172
113.187
113.202
113.218
113.234
113.251
113.268
113.285
113.303
113.321
113.34
113.359
113.378
113.397
113.417
113.437
113.457
113.477
113.498
113.518
113.537
113.561
113.577
113.599
113.62
113.638
113.658
113.679
113.696
113.716
113.736
113.753
113.774
113.791
113.811
113.829
113.849
113.866
113.886
113.903
113.922
113.94
113.956
113.975
113.989
114.007
114.022
114.037
114.054
114.067
114.083
114.095
114.111
114.123
114.136
114.148
114.159
114.171
114.18
114.191
114.198
114.208
114.214
114.223
114.227
114.234
114.238
114.244
114.247
114.25
114.253
114.255
114.256
114.257
114.258
113.114
113.113
113.113
113.11
113.108
113.104
113.101
113.095
113.09
113.084
113.077
113.069
113.06
113.051
113.041
113.03
113.018
113.006
112.993
112.979
112.964
112.95
112.933
112.917
112.9
112.883
112.865
112.847
112.829
112.809
112.791
112.769
112.751
112.729
112.708
112.687
112.662
112.643
112.618
112.598
112.574
112.552
112.53
112.507
112.483
112.461
112.437
112.413
112.391
112.366
112.341
112.319
112.294
112.268
112.247
112.22
112.197
112.172
112.147
112.123
112.099
112.075
112.052
112.029
112.006
111.984
111.962
111.941
111.92
111.899
111.879
111.859
111.84
111.822
111.803
111.786
111.769
111.752
111.736
111.721
111.707
111.693
111.679
111.667
111.654
111.643
111.632
111.622
111.613
111.605
111.597
111.59
111.583
111.577
111.573
111.568
111.565
111.562
111.56
111.559
111.559
111.559
111.56
111.562
111.565
111.568
111.573
111.577
111.583
111.59
111.597
111.605
111.613
111.622
111.632
111.643
111.654
111.667
111.679
111.693
111.707
111.721
111.736
111.752
111.769
111.786
111.803
111.822
111.84
111.859
111.879
111.899
111.92
111.941
111.962
111.984
112.006
112.029
112.052
112.075
112.099
112.123
112.147
112.172
112.197
112.22
112.247
112.268
112.294
112.319
112.341
112.366
112.391
112.413
112.437
112.461
112.483
112.507
112.53
112.552
112.574
112.598
112.618
112.643
112.662
112.687
112.708
112.729
112.751
112.769
112.791
112.809
112.829
112.847
112.865
112.883
112.9
112.917
112.933
112.95
112.964
112.979
112.993
113.006
113.018
113.03
113.041
113.051
113.06
113.069
113.077
113.084
113.09
113.095
113.101
113.104
113.108
113.11
113.113
113.113
113.114
111.976
111.976
111.974
111.972
111.968
111.964
111.958
111.952
111.945
111.936
111.928
111.917
111.907
111.894
111.884
111.869
111.857
111.84
111.827
111.809
111.794
111.776
111.758
111.74
111.719
111.701
111.678
111.659
111.636
111.614
111.591
111.567
111.544
111.518
111.495
111.468
111.444
111.417
111.393
111.365
111.34
111.313
111.286
111.261
111.232
111.205
111.178
111.149
111.121
111.095
111.065
111.036
111.01
110.98
110.95
110.925
110.893
110.866
110.837
110.809
110.78
110.753
110.725
110.698
110.671
110.645
110.619
110.594
110.569
110.545
110.522
110.498
110.476
110.454
110.432
110.412
110.392
110.372
110.354
110.336
110.318
110.302
110.286
110.271
110.257
110.244
110.231
110.219
110.208
110.198
110.189
110.18
110.173
110.166
110.16
110.155
110.151
110.148
110.146
110.145
110.144
110.145
110.146
110.148
110.151
110.155
110.16
110.166
110.173
110.18
110.189
110.198
110.208
110.219
110.231
110.244
110.257
110.271
110.286
110.302
110.318
110.336
110.354
110.372
110.392
110.412
110.432
110.454
110.476
110.498
110.522
110.545
110.569
110.594
110.619
110.645
110.671
110.698
110.725
110.753
110.78
110.809
110.837
110.866
110.893
110.925
110.95
110.98
111.01
111.036
111.065
111.095
111.121
111.149
111.178
111.205
111.232
111.261
111.286
111.313
111.34
111.365
111.393
111.417
111.444
111.468
111.495
111.518
111.544
111.567
111.591
111.614
111.636
111.659
111.678
111.701
111.719
111.74
111.758
111.776
111.794
111.809
111.827
111.84
111.857
111.869
111.884
111.894
111.907
111.917
111.928
111.936
111.945
111.952
111.958
111.964
111.968
111.972
111.974
111.976
111.976
110.833
110.833
110.831
110.828
110.824
110.819
110.813
110.806
110.797
110.788
110.777
110.766
110.753
110.74
110.726
110.711
110.695
110.678
110.661
110.642
110.624
110.604
110.584
110.562
110.541
110.517
110.495
110.469
110.445
110.418
110.391
110.365
110.336
110.311
110.279
110.253
110.223
110.194
110.165
110.135
110.105
110.075
110.044
110.013
109.983
109.95
109.919
109.887
109.853
109.821
109.79
109.756
109.723
109.692
109.658
109.624
109.595
109.559
109.528
109.495
109.463
109.431
109.4
109.369
109.338
109.308
109.279
109.25
109.221
109.194
109.167
109.14
109.114
109.089
109.065
109.041
109.018
108.996
108.974
108.954
108.934
108.915
108.897
108.88
108.864
108.848
108.834
108.82
108.808
108.796
108.785
108.776
108.767
108.76
108.753
108.747
108.743
108.739
108.736
108.735
108.734
108.735
108.736
108.739
108.743
108.747
108.753
108.76
108.767
108.776
108.785
108.796
108.808
108.82
108.834
108.848
108.864
108.88
108.897
108.915
108.934
108.954
108.974
108.996
109.018
109.041
109.065
109.089
109.114
109.14
109.167
109.194
109.221
109.25
109.279
109.308
109.338
109.369
109.4
109.431
109.463
109.495
109.528
109.559
109.595
109.624
109.658
109.692
109.723
109.756
109.79
109.821
109.853
109.887
109.919
109.95
109.983
110.013
110.044
110.075
110.105
110.135
110.165
110.194
110.223
110.253
110.279
110.311
110.336
110.365
110.391
110.418
110.445
110.469
110.495
110.517
110.541
110.562
110.584
110.604
110.624
110.642
110.661
110.678
110.695
110.711
110.726
110.74
110.753
110.766
110.777
110.788
110.797
110.806
110.813
110.819
110.824
110.828
110.831
110.833
110.833
109.683
109.68
109.68
109.676
109.673
109.667
109.661
109.653
109.645
109.634
109.624
109.611
109.598
109.584
109.568
109.553
109.534
109.517
109.495
109.477
109.453
109.432
109.408
109.384
109.359
109.332
109.307
109.277
109.251
109.22
109.192
109.16
109.13
109.097
109.068
109.034
109.004
108.97
108.937
108.904
108.869
108.836
108.801
108.765
108.73
108.695
108.657
108.622
108.586
108.548
108.512
108.477
108.438
108.401
108.366
108.328
108.29
108.257
108.218
108.183
108.147
108.111
108.076
108.041
108.007
107.973
107.94
107.907
107.876
107.844
107.814
107.784
107.755
107.727
107.7
107.673
107.648
107.623
107.599
107.576
107.554
107.532
107.512
107.493
107.475
107.458
107.441
107.426
107.412
107.399
107.387
107.377
107.367
107.358
107.351
107.345
107.339
107.335
107.333
107.331
107.33
107.331
107.333
107.335
107.339
107.345
107.351
107.358
107.367
107.377
107.387
107.399
107.412
107.426
107.441
107.458
107.475
107.493
107.512
107.532
107.554
107.576
107.599
107.623
107.648
107.673
107.7
107.727
107.755
107.784
107.814
107.844
107.876
107.907
107.94
107.973
108.007
108.041
108.076
108.111
108.147
108.183
108.218
108.257
108.29
108.328
108.366
108.401
108.438
108.477
108.512
108.548
108.586
108.622
108.657
108.695
108.73
108.765
108.801
108.836
108.869
108.904
108.937
108.97
109.004
109.034
109.068
109.097
109.13
109.16
109.192
109.22
109.251
109.277
109.307
109.332
109.359
109.384
109.408
109.432
109.453
109.477
109.495
109.517
109.534
109.553
109.568
109.584
109.598
109.611
109.624
109.634
109.645
109.653
109.661
109.667
109.673
109.676
109.68
109.68
109.683
108.535
108.533
108.532
108.529
108.525
108.519
108.513
108.504
108.495
108.484
108.473
108.46
108.446
108.43
108.414
108.395
108.376
108.355
108.334
108.31
108.286
108.26
108.234
108.206
108.178
108.149
108.118
108.089
108.055
108.026
107.99
107.959
107.924
107.89
107.855
107.819
107.784
107.748
107.71
107.673
107.635
107.596
107.558
107.518
107.478
107.439
107.398
107.357
107.318
107.276
107.234
107.194
107.154
107.111
107.07
107.031
106.99
106.948
106.91
106.868
106.829
106.789
106.75
106.712
106.674
106.636
106.599
106.563
106.528
106.493
106.46
106.427
106.394
106.363
106.333
106.303
106.275
106.247
106.22
106.195
106.17
106.147
106.124
106.103
106.083
106.064
106.046
106.029
106.013
105.999
105.986
105.974
105.963
105.953
105.945
105.938
105.933
105.928
105.925
105.923
105.922
105.923
105.925
105.928
105.933
105.938
105.945
105.953
105.963
105.974
105.986
105.999
106.013
106.029
106.046
106.064
106.083
106.103
106.124
106.147
106.17
106.195
106.22
106.247
106.275
106.303
106.333
106.363
106.394
106.427
106.46
106.493
106.528
106.563
106.599
106.636
106.674
106.712
106.75
106.789
106.829
106.868
106.91
106.948
106.99
107.031
107.07
107.111
107.154
107.194
107.234
107.276
107.318
107.357
107.398
107.439
107.478
107.518
107.558
107.596
107.635
107.673
107.71
107.748
107.784
107.819
107.855
107.89
107.924
107.959
107.99
108.026
108.055
108.089
108.118
108.149
108.178
108.206
108.234
108.26
108.286
108.31
108.334
108.355
108.376
108.395
108.414
108.43
108.446
108.46
108.473
108.484
108.495
108.504
108.513
108.519
108.525
108.529
108.532
108.533
108.535
107.399
107.4
107.396
107.395
107.388
107.383
107.374
107.366
107.354
107.344
107.328
107.315
107.298
107.282
107.261
107.242
107.22
107.197
107.173
107.147
107.121
107.091
107.064
107.031
107.002
106.968
106.937
106.902
106.869
106.832
106.798
106.76
106.724
106.685
106.648
106.608
106.568
106.528
106.487
106.445
106.403
106.36
106.317
106.274
106.228
106.184
106.14
106.095
106.049
106.005
105.959
105.912
105.868
105.824
105.777
105.731
105.688
105.643
105.596
105.555
105.509
105.466
105.423
105.38
105.338
105.296
105.256
105.216
105.176
105.138
105.101
105.064
105.028
104.994
104.96
104.927
104.896
104.865
104.836
104.807
104.78
104.754
104.729
104.705
104.683
104.662
104.642
104.623
104.606
104.59
104.575
104.562
104.55
104.539
104.53
104.523
104.516
104.511
104.508
104.506
104.505
104.506
104.508
104.511
104.516
104.523
104.53
104.539
104.55
104.562
104.575
104.59
104.606
104.623
104.642
104.662
104.683
104.705
104.729
104.754
104.78
104.807
104.836
104.865
104.896
104.927
104.96
104.994
105.028
105.064
105.101
105.138
105.176
105.216
105.256
105.296
105.338
105.38
105.423
105.466
105.509
105.555
105.596
105.643
105.688
105.731
105.777
105.824
105.868
105.912
105.959
106.005
106.049
106.095
106.14
106.184
106.228
106.274
106.317
106.36
106.403
106.445
106.487
106.528
106.568
106.608
106.648
106.685
106.724
106.76
106.798
106.832
106.869
106.902
106.937
106.968
107.002
107.031
107.064
107.091
107.121
107.147
107.173
107.197
107.22
107.242
107.261
107.282
107.298
107.315
107.328
107.344
107.354
107.366
107.374
107.383
107.388
107.395
107.396
107.4
107.399
106.271
106.269
106.268
106.263
106.257
106.249
106.24
106.229
106.217
106.203
106.187
106.17
106.151
106.131
106.11
106.087
106.063
106.038
106.01
105.984
105.953
105.924
105.891
105.861
105.825
105.792
105.754
105.72
105.681
105.644
105.605
105.565
105.524
105.483
105.44
105.398
105.353
105.309
105.264
105.217
105.171
105.124
105.076
105.028
104.98
104.929
104.881
104.832
104.782
104.731
104.683
104.633
104.581
104.532
104.484
104.433
104.382
104.335
104.286
104.235
104.19
104.14
104.094
104.046
104
103.955
103.91
103.866
103.823
103.781
103.74
103.699
103.66
103.622
103.585
103.549
103.514
103.48
103.448
103.416
103.386
103.358
103.33
103.304
103.28
103.256
103.234
103.214
103.195
103.177
103.161
103.146
103.133
103.122
103.111
103.103
103.096
103.09
103.087
103.084
103.083
103.084
103.087
103.09
103.096
103.103
103.111
103.122
103.133
103.146
103.161
103.177
103.195
103.214
103.234
103.256
103.28
103.304
103.33
103.358
103.386
103.416
103.448
103.48
103.514
103.549
103.585
103.622
103.66
103.699
103.74
103.781
103.823
103.866
103.91
103.955
104
104.046
104.094
104.14
104.19
104.235
104.286
104.335
104.382
104.433
104.484
104.532
104.581
104.633
104.683
104.731
104.782
104.832
104.881
104.929
104.98
105.028
105.076
105.124
105.171
105.217
105.264
105.309
105.353
105.398
105.44
105.483
105.524
105.565
105.605
105.644
105.681
105.72
105.754
105.792
105.825
105.861
105.891
105.924
105.953
105.984
106.01
106.038
106.063
106.087
106.11
106.131
106.151
106.17
106.187
106.203
106.217
106.229
106.24
106.249
106.257
106.263
106.268
106.269
106.271
105.136
105.135
105.132
105.128
105.121
105.113
105.103
105.09
105.077
105.06
105.044
105.023
105.004
104.98
104.959
104.932
104.908
104.878
104.851
104.819
104.789
104.755
104.723
104.687
104.652
104.614
104.577
104.537
104.497
104.455
104.413
104.369
104.325
104.28
104.233
104.187
104.138
104.089
104.04
103.99
103.938
103.888
103.835
103.782
103.73
103.676
103.621
103.569
103.515
103.46
103.405
103.352
103.298
103.242
103.187
103.135
103.081
103.026
102.974
102.922
102.867
102.818
102.765
102.715
102.664
102.615
102.566
102.518
102.471
102.426
102.381
102.337
102.294
102.253
102.212
102.173
102.135
102.099
102.063
102.029
101.996
101.965
101.935
101.907
101.88
101.855
101.831
101.809
101.788
101.769
101.751
101.735
101.721
101.708
101.697
101.688
101.68
101.674
101.67
101.668
101.667
101.668
101.67
101.674
101.68
101.688
101.697
101.708
101.721
101.735
101.751
101.769
101.788
101.809
101.831
101.855
101.88
101.907
101.935
101.965
101.996
102.029
102.063
102.099
102.135
102.173
102.212
102.253
102.294
102.337
102.381
102.426
102.471
102.518
102.566
102.615
102.664
102.715
102.765
102.818
102.867
102.922
102.974
103.026
103.081
103.135
103.187
103.242
103.298
103.352
103.405
103.46
103.515
103.569
103.621
103.676
103.73
103.782
103.835
103.888
103.938
103.99
104.04
104.089
104.138
104.187
104.233
104.28
104.325
104.369
104.413
104.455
104.497
104.537
104.577
104.614
104.652
104.687
104.723
104.755
104.789
104.819
104.851
104.878
104.908
104.932
104.959
104.98
105.004
105.023
105.044
105.06
105.077
105.09
105.103
105.113
105.121
105.128
105.132
105.135
105.136
103.993
103.992
103.989
103.984
103.977
103.969
103.957
103.946
103.93
103.915
103.896
103.877
103.854
103.832
103.805
103.78
103.75
103.723
103.69
103.66
103.624
103.592
103.554
103.518
103.479
103.439
103.398
103.355
103.312
103.267
103.221
103.174
103.125
103.076
103.026
102.974
102.923
102.869
102.816
102.761
102.705
102.649
102.594
102.536
102.479
102.422
102.363
102.304
102.247
102.189
102.129
102.069
102.012
101.954
101.895
101.835
101.779
101.722
101.663
101.606
101.552
101.493
101.44
101.384
101.331
101.277
101.225
101.173
101.123
101.074
101.025
100.978
100.932
100.888
100.844
100.802
100.761
100.722
100.684
100.647
100.612
100.578
100.546
100.516
100.487
100.459
100.434
100.41
100.387
100.367
100.348
100.331
100.315
100.302
100.29
100.28
100.272
100.265
100.261
100.258
100.257
100.258
100.261
100.265
100.272
100.28
100.29
100.302
100.315
100.331
100.348
100.367
100.387
100.41
100.434
100.459
100.487
100.516
100.546
100.578
100.612
100.647
100.684
100.722
100.761
100.802
100.844
100.888
100.932
100.978
101.025
101.074
101.123
101.173
101.225
101.277
101.331
101.384
101.44
101.493
101.552
101.606
101.663
101.722
101.779
101.835
101.895
101.954
102.012
102.069
102.129
102.189
102.247
102.304
102.363
102.422
102.479
102.536
102.594
102.649
102.705
102.761
102.816
102.869
102.923
102.974
103.026
103.076
103.125
103.174
103.221
103.267
103.312
103.355
103.398
103.439
103.479
103.518
103.554
103.592
103.624
103.66
103.69
103.723
103.75
103.78
103.805
103.832
103.854
103.877
103.896
103.915
103.93
103.946
103.957
103.969
103.977
103.984
103.989
103.992
103.993
102.845
102.842
102.842
102.835
102.83
102.819
102.81
102.796
102.783
102.765
102.748
102.727
102.706
102.681
102.656
102.627
102.599
102.567
102.535
102.5
102.465
102.427
102.389
102.348
102.307
102.264
102.22
102.174
102.127
102.079
102.028
101.978
101.925
101.872
101.817
101.762
101.705
101.649
101.59
101.532
101.472
101.411
101.351
101.29
101.227
101.166
101.104
101.041
100.977
100.915
100.853
100.79
100.725
100.663
100.601
100.539
100.475
100.415
100.354
100.292
100.231
100.174
100.112
100.055
99.9968
99.94
99.8839
99.8289
99.7749
99.7221
99.6705
99.62
99.5709
99.5231
99.4766
99.4315
99.3879
99.3457
99.305
99.2659
99.2284
99.1924
99.1581
99.1255
99.0946
99.0654
99.038
99.0124
98.9885
98.9665
98.9463
98.928
98.9116
98.8971
98.8845
98.8738
98.865
98.8582
98.8533
98.8504
98.8494
98.8504
98.8533
98.8582
98.865
98.8738
98.8845
98.8971
98.9116
98.928
98.9463
98.9665
98.9885
99.0124
99.038
99.0654
99.0946
99.1255
99.1581
99.1924
99.2284
99.2659
99.305
99.3457
99.3879
99.4315
99.4766
99.5231
99.5709
99.62
99.6705
99.7221
99.7749
99.8289
99.8839
99.94
99.9968
100.055
100.112
100.174
100.231
100.292
100.354
100.415
100.475
100.539
100.601
100.663
100.725
100.79
100.853
100.915
100.977
101.041
101.104
101.166
101.227
101.29
101.351
101.411
101.472
101.532
101.59
101.649
101.705
101.762
101.817
101.872
101.925
101.978
102.028
102.079
102.127
102.174
102.22
102.264
102.307
102.348
102.389
102.427
102.465
102.5
102.535
102.567
102.599
102.627
102.656
102.681
102.706
102.727
102.748
102.765
102.783
102.796
102.81
102.819
102.83
102.835
102.842
102.842
102.845
101.703
101.704
101.699
101.696
101.687
101.68
101.668
101.657
101.64
101.625
101.605
101.586
101.562
101.538
101.511
101.483
101.452
101.42
101.385
101.348
101.31
101.27
101.228
101.185
101.14
101.093
101.046
100.996
100.945
100.893
100.84
100.784
100.729
100.67
100.612
100.552
100.491
100.43
100.368
100.304
100.241
100.176
100.11
100.045
99.9791
99.9114
99.8451
99.7787
99.7114
99.6425
99.5752
99.5088
99.4418
99.373
99.3058
99.2402
99.1741
99.1064
99.0413
98.9774
98.912
98.8473
98.7864
98.7219
98.6614
98.6001
98.5403
98.4814
98.4237
98.3672
98.3119
98.258
98.2055
98.1543
98.1046
98.0564
98.0098
97.9647
97.9212
97.8793
97.8392
97.8008
97.7641
97.7292
97.6962
97.665
97.6356
97.6082
97.5827
97.5592
97.5376
97.5181
97.5005
97.485
97.4715
97.4601
97.4507
97.4434
97.4382
97.435
97.434
97.435
97.4382
97.4434
97.4507
97.4601
97.4715
97.485
97.5005
97.5181
97.5376
97.5592
97.5827
97.6082
97.6356
97.665
97.6962
97.7292
97.7641
97.8008
97.8392
97.8793
97.9212
97.9647
98.0098
98.0564
98.1046
98.1543
98.2055
98.258
98.3119
98.3672
98.4237
98.4814
98.5403
98.6001
98.6614
98.7219
98.7864
98.8473
98.912
98.9774
99.0413
99.1064
99.1741
99.2402
99.3058
99.373
99.4418
99.5088
99.5752
99.6425
99.7114
99.7787
99.8451
99.9114
99.9791
100.045
100.11
100.176
100.241
100.304
100.368
100.43
100.491
100.552
100.612
100.67
100.729
100.784
100.84
100.893
100.945
100.996
101.046
101.093
101.14
101.185
101.228
101.27
101.31
101.348
101.385
101.42
101.452
101.483
101.511
101.538
101.562
101.586
101.605
101.625
101.64
101.657
101.668
101.68
101.687
101.696
101.699
101.704
101.703
100.576
100.574
100.572
100.566
100.559
100.549
100.539
100.525
100.51
100.492
100.472
100.451
100.427
100.401
100.373
100.343
100.31
100.276
100.239
100.201
100.16
100.117
100.072
100.026
99.9773
99.9276
99.8753
99.8227
99.7674
99.7116
99.6539
99.5948
99.5344
99.4728
99.4094
99.3461
99.2802
99.2146
99.1478
99.0797
99.0113
98.9428
98.8718
98.8016
98.7314
98.6603
98.5875
98.5158
98.4444
98.3728
98.2993
98.2266
98.1551
98.0843
98.0113
97.9391
97.8687
97.7991
97.7275
97.6576
97.5898
97.5212
97.4523
97.3877
97.3201
97.2559
97.1915
97.1285
97.0667
97.0062
96.947
96.8893
96.833
96.7782
96.7249
96.6732
96.6232
96.5749
96.5283
96.4834
96.4404
96.3992
96.3599
96.3225
96.287
96.2535
96.2221
96.1927
96.1654
96.1401
96.117
96.096
96.0772
96.0605
96.046
96.0338
96.0237
96.0159
96.0103
96.0069
96.0058
96.0069
96.0103
96.0159
96.0237
96.0338
96.046
96.0605
96.0772
96.096
96.117
96.1401
96.1654
96.1927
96.2221
96.2535
96.287
96.3225
96.3599
96.3992
96.4404
96.4834
96.5283
96.5749
96.6232
96.6732
96.7249
96.7782
96.833
96.8893
96.947
97.0062
97.0667
97.1285
97.1915
97.2559
97.3201
97.3877
97.4523
97.5212
97.5898
97.6576
97.7275
97.7991
97.8687
97.9391
98.0113
98.0843
98.1551
98.2266
98.2993
98.3728
98.4444
98.5158
98.5875
98.6603
98.7314
98.8016
98.8718
98.9428
99.0113
99.0797
99.1478
99.2146
99.2802
99.3461
99.4094
99.4728
99.5344
99.5948
99.6539
99.7116
99.7674
99.8227
99.8753
99.9276
99.9773
100.026
100.072
100.117
100.16
100.201
100.239
100.276
100.31
100.343
100.373
100.401
100.427
100.451
100.472
100.492
100.51
100.525
100.539
100.549
100.559
100.566
100.572
100.574
100.576
99.46
99.46
99.4555
99.4509
99.442
99.4328
99.4196
99.4057
99.3882
99.3697
99.348
99.3248
99.2991
99.2711
99.2414
99.2085
99.1748
99.1372
99.0992
99.0571
99.0145
98.9682
98.921
98.8709
98.8192
98.7655
98.71
98.6527
98.5942
98.5334
98.4723
98.4085
98.3444
98.2783
98.2109
98.1424
98.073
98.0017
97.9309
97.858
97.7846
97.711
97.6369
97.5603
97.4846
97.409
97.333
97.2551
97.1776
97.1007
97.0245
96.9466
96.8685
96.7914
96.716
96.6392
96.562
96.4863
96.4127
96.3373
96.2625
96.1904
96.1185
96.0452
95.9767
95.9057
95.8377
95.7699
95.7037
95.6388
95.5754
95.5134
95.453
95.3941
95.337
95.2815
95.2278
95.1758
95.1258
95.0776
95.0313
94.9871
94.9448
94.9046
94.8665
94.8305
94.7967
94.7651
94.7357
94.7086
94.6837
94.6611
94.6408
94.6229
94.6074
94.5942
94.5834
94.5749
94.5689
94.5653
94.5641
94.5653
94.5689
94.5749
94.5834
94.5942
94.6074
94.6229
94.6408
94.6611
94.6837
94.7086
94.7357
94.7651
94.7967
94.8305
94.8665
94.9046
94.9448
94.9871
95.0313
95.0776
95.1258
95.1758
95.2278
95.2815
95.337
95.3941
95.453
95.5134
95.5754
95.6388
95.7037
95.7699
95.8377
95.9057
95.9767
96.0452
96.1185
96.1904
96.2625
96.3373
96.4127
96.4863
96.562
96.6392
96.716
96.7914
96.8685
96.9466
97.0245
97.1007
97.1776
97.2551
97.333
97.409
97.4846
97.5603
97.6369
97.711
97.7846
97.858
97.9309
98.0017
98.073
98.1424
98.2109
98.2783
98.3444
98.4085
98.4723
98.5334
98.5942
98.6527
98.71
98.7655
98.8192
98.8709
98.921
98.9682
99.0145
99.0571
99.0992
99.1372
99.1748
99.2085
99.2414
99.2711
99.2991
99.3248
99.348
99.3697
99.3882
99.4057
99.4196
99.4328
99.442
99.4509
99.4555
99.46
99.46
98.3573
98.3558
98.3523
98.3458
98.3373
98.3258
98.3124
98.296
98.2778
98.2566
98.2335
98.2075
98.1798
98.1492
98.1168
98.0817
98.0445
98.0052
97.9631
97.9196
97.8725
97.825
97.7731
97.7212
97.6651
97.6086
97.5489
97.4879
97.4252
97.3605
97.2946
97.2273
97.1578
97.0883
97.0158
96.9432
96.8689
96.7933
96.7167
96.6401
96.5612
96.4822
96.403
96.3233
96.2412
96.1595
96.0781
95.997
95.9142
95.8309
95.7479
95.6665
95.5842
95.5011
95.4181
95.3375
95.2565
95.1747
95.0935
95.0152
94.9361
94.8566
94.7796
94.7042
94.6267
94.5539
94.4794
94.4076
94.3364
94.2668
94.1987
94.1322
94.0674
94.0042
93.9428
93.8833
93.8256
93.7698
93.716
93.6642
93.6145
93.5669
93.5214
93.4782
93.4372
93.3985
93.3621
93.3281
93.2965
93.2673
93.2405
93.2162
93.1944
93.1751
93.1583
93.1441
93.1325
93.1234
93.1169
93.113
93.1117
93.113
93.1169
93.1234
93.1325
93.1441
93.1583
93.1751
93.1944
93.2162
93.2405
93.2673
93.2965
93.3281
93.3621
93.3985
93.4372
93.4782
93.5214
93.5669
93.6145
93.6642
93.716
93.7698
93.8256
93.8833
93.9428
94.0042
94.0674
94.1322
94.1987
94.2668
94.3364
94.4076
94.4794
94.5539
94.6267
94.7042
94.7796
94.8566
94.9361
95.0152
95.0935
95.1747
95.2565
95.3375
95.4181
95.5011
95.5842
95.6665
95.7479
95.8309
95.9142
95.997
96.0781
96.1595
96.2412
96.3233
96.403
96.4822
96.5612
96.6401
96.7167
96.7933
96.8689
96.9432
97.0158
97.0883
97.1578
97.2273
97.2946
97.3605
97.4252
97.4879
97.5489
97.6086
97.6651
97.7212
97.7731
97.825
97.8725
97.9196
97.9631
98.0052
98.0445
98.0817
98.1168
98.1492
98.1798
98.2075
98.2335
98.2566
98.2778
98.296
98.3124
98.3258
98.3373
98.3458
98.3523
98.3558
98.3573
97.2584
97.257
97.253
97.246
97.2365
97.2241
97.2093
97.1914
97.1713
97.1481
97.1229
97.0945
97.0643
97.0309
96.9958
96.9576
96.9177
96.8749
96.8302
96.7829
96.7336
96.6816
96.628
96.5712
96.5134
96.4518
96.3899
96.3241
96.258
96.189
96.1186
96.047
95.9733
95.8985
95.8227
95.7443
95.6662
95.5857
95.5041
95.422
95.3394
95.2545
95.1695
95.0844
94.9993
94.9118
94.824
94.7364
94.6498
94.5621
94.4736
94.3844
94.2971
94.2101
94.1225
94.0339
93.9474
93.8619
93.776
93.6896
93.606
93.523
93.4392
93.3573
93.2781
93.1967
93.1197
93.0416
92.966
92.8915
92.8186
92.7474
92.678
92.6103
92.5446
92.4807
92.4189
92.3591
92.3014
92.2459
92.1925
92.1415
92.0927
92.0463
92.0024
91.9608
91.9218
91.8852
91.8513
91.8199
91.7911
91.765
91.7416
91.7209
91.7029
91.6876
91.6751
91.6654
91.6584
91.6542
91.6528
91.6542
91.6584
91.6654
91.6751
91.6876
91.7029
91.7209
91.7416
91.765
91.7911
91.8199
91.8513
91.8852
91.9218
91.9608
92.0024
92.0463
92.0927
92.1415
92.1925
92.2459
92.3014
92.3591
92.4189
92.4807
92.5446
92.6103
92.678
92.7474
92.8186
92.8915
92.966
93.0416
93.1197
93.1967
93.2781
93.3573
93.4392
93.523
93.606
93.6896
93.776
93.8619
93.9474
94.0339
94.1225
94.2101
94.2971
94.3844
94.4736
94.5621
94.6498
94.7364
94.824
94.9118
94.9993
95.0844
95.1695
95.2545
95.3394
95.422
95.5041
95.5857
95.6662
95.7443
95.8227
95.8985
95.9733
96.047
96.1186
96.189
96.258
96.3241
96.3899
96.4518
96.5134
96.5712
96.628
96.6816
96.7336
96.7829
96.8302
96.8749
96.9177
96.9576
96.9958
97.0309
97.0643
97.0945
97.1229
97.1481
97.1713
97.1914
97.2093
97.2241
97.2365
97.246
97.253
97.257
97.2584
96.1645
96.1625
96.1585
96.1506
96.1406
96.1269
96.111
96.0914
96.0697
96.0446
96.0172
95.9866
95.9536
95.9179
95.8794
95.8389
95.7951
95.7498
95.701
95.6511
95.5975
95.543
95.485
95.4257
95.3633
95.2993
95.2325
95.1643
95.0929
95.0209
94.9455
94.8697
94.7915
94.712
94.6313
94.549
94.4648
94.3809
94.2939
94.2063
94.1183
94.0298
93.9391
93.8479
93.7563
93.6655
93.5729
93.4794
93.3853
93.2925
93.1997
93.1063
93.0115
92.9179
92.8255
92.7335
92.6399
92.5475
92.4569
92.3669
92.2757
92.1867
92.0996
92.0119
91.9251
91.842
91.7568
91.6756
91.5941
91.5149
91.437
91.3611
91.2869
91.2146
91.1444
91.0762
91.0101
90.9461
90.8845
90.8251
90.7681
90.7134
90.6613
90.6117
90.5646
90.5201
90.4783
90.4392
90.4029
90.3693
90.3385
90.3105
90.2854
90.2632
90.2439
90.2276
90.2142
90.2038
90.1963
90.1918
90.1903
90.1918
90.1963
90.2038
90.2142
90.2276
90.2439
90.2632
90.2854
90.3105
90.3385
90.3693
90.4029
90.4392
90.4783
90.5201
90.5646
90.6117
90.6613
90.7134
90.7681
90.8251
90.8845
90.9461
91.0101
91.0762
91.1444
91.2146
91.2869
91.3611
91.437
91.5149
91.5941
91.6756
91.7568
91.842
91.9251
92.0119
92.0996
92.1867
92.2757
92.3669
92.4569
92.5475
92.6399
92.7335
92.8255
92.9179
93.0115
93.1063
93.1997
93.2925
93.3853
93.4794
93.5729
93.6655
93.7563
93.8479
93.9391
94.0298
94.1183
94.2063
94.2939
94.3809
94.4648
94.549
94.6313
94.712
94.7915
94.8697
94.9455
95.0209
95.0929
95.1643
95.2325
95.2993
95.3633
95.4257
95.485
95.543
95.5975
95.6511
95.701
95.7498
95.7951
95.8389
95.8794
95.9179
95.9536
95.9866
96.0172
96.0446
96.0697
96.0914
96.111
96.1269
96.1406
96.1506
96.1585
96.1625
96.1645
95.0711
95.0693
95.0647
95.0566
95.0456
95.0311
95.0138
94.9931
94.9695
94.9429
94.9131
94.8806
94.845
94.8069
94.7655
94.722
94.6753
94.6264
94.5747
94.5206
94.4645
94.4051
94.3447
94.2804
94.2156
94.1467
94.0771
94.0041
93.9297
93.8527
93.7741
93.693
93.6111
93.5263
93.441
93.3539
93.2651
93.1752
93.085
92.9918
92.898
92.8036
92.7092
92.613
92.5157
92.4175
92.3202
92.2223
92.1238
92.0237
91.9244
91.8256
91.7274
91.6277
91.5281
91.4297
91.3329
91.2349
91.1371
91.0409
90.9467
90.8513
90.7571
90.6655
90.5742
90.4829
90.3958
90.307
90.2218
90.1371
90.0545
89.9736
89.8947
89.8178
89.743
89.6703
89.6
89.5319
89.4662
89.4029
89.3421
89.2839
89.2283
89.1754
89.1252
89.0778
89.0332
88.9915
88.9527
88.9169
88.884
88.8542
88.8275
88.8038
88.7832
88.7657
88.7514
88.7403
88.7323
88.7276
88.726
88.7276
88.7323
88.7403
88.7514
88.7657
88.7832
88.8038
88.8275
88.8542
88.884
88.9169
88.9527
88.9915
89.0332
89.0778
89.1252
89.1754
89.2283
89.2839
89.3421
89.4029
89.4662
89.5319
89.6
89.6703
89.743
89.8178
89.8947
89.9736
90.0545
90.1371
90.2218
90.307
90.3958
90.4829
90.5742
90.6655
90.7571
90.8513
90.9467
91.0409
91.1371
91.2349
91.3329
91.4297
91.5281
91.6277
91.7274
91.8256
91.9244
92.0237
92.1238
92.2223
92.3202
92.4175
92.5157
92.613
92.7092
92.8036
92.898
92.9918
93.085
93.1752
93.2651
93.3539
93.441
93.5263
93.6111
93.693
93.7741
93.8527
93.9297
94.0041
94.0771
94.1467
94.2156
94.2804
94.3447
94.4051
94.4645
94.5206
94.5747
94.6264
94.6753
94.722
94.7655
94.8069
94.845
94.8806
94.9131
94.9429
94.9695
94.9931
95.0138
95.0311
95.0456
95.0566
95.0647
95.0693
95.0711
93.9788
93.9772
93.972
93.9636
93.9516
93.9365
93.9178
93.8961
93.8708
93.8427
93.8108
93.7764
93.7383
93.6978
93.6537
93.6074
93.5576
93.5055
93.4506
93.393
93.333
93.2704
93.2055
93.1383
93.0683
92.997
92.9219
92.8465
92.7668
92.6867
92.6032
92.5182
92.4312
92.3425
92.2516
92.1602
92.0665
91.9713
91.8752
91.7789
91.6797
91.5795
91.4783
91.3776
91.2759
91.1731
91.0685
90.9645
90.8605
90.7568
90.6516
90.5461
90.4408
90.3372
90.2329
90.1282
90.0237
89.9214
89.8192
89.7167
89.615
89.5161
89.4169
89.318
89.2218
89.1271
89.0315
88.9405
88.8484
88.7595
88.6717
88.586
88.5023
88.4207
88.3414
88.2643
88.1896
88.1173
88.0475
87.9804
87.9158
87.854
87.795
87.7388
87.6854
87.6351
87.5877
87.5434
87.5022
87.4641
87.4291
87.3974
87.369
87.3438
87.3219
87.3034
87.2882
87.2763
87.2679
87.2628
87.2611
87.2628
87.2679
87.2763
87.2882
87.3034
87.3219
87.3438
87.369
87.3974
87.4291
87.4641
87.5022
87.5434
87.5877
87.6351
87.6854
87.7388
87.795
87.854
87.9158
87.9804
88.0475
88.1173
88.1896
88.2643
88.3414
88.4207
88.5023
88.586
88.6717
88.7595
88.8484
88.9405
89.0315
89.1271
89.2218
89.318
89.4169
89.5161
89.615
89.7167
89.8192
89.9214
90.0237
90.1282
90.2329
90.3372
90.4408
90.5461
90.6516
90.7568
90.8605
90.9645
91.0685
91.1731
91.2759
91.3776
91.4783
91.5795
91.6797
91.7789
91.8752
91.9713
92.0665
92.1602
92.2516
92.3425
92.4312
92.5182
92.6032
92.6867
92.7668
92.8465
92.9219
92.997
93.0683
93.1383
93.2055
93.2704
93.333
93.393
93.4506
93.5055
93.5576
93.6074
93.6537
93.6978
93.7383
93.7764
93.8108
93.8427
93.8708
93.8961
93.9178
93.9365
93.9516
93.9636
93.972
93.9772
93.9788
92.8885
92.8869
92.8813
92.8726
92.8597
92.8439
92.824
92.8012
92.7743
92.7446
92.7109
92.6745
92.6343
92.5912
92.5448
92.4953
92.443
92.3874
92.3295
92.2681
92.2049
92.1382
92.0697
91.9982
91.9247
91.8486
91.7704
91.6895
91.6072
91.5212
91.4349
91.3445
91.2535
91.16
91.0645
90.9674
90.8697
90.7694
90.6677
90.5649
90.4621
90.3572
90.2509
90.143
90.0354
89.9276
89.8194
89.7092
89.5986
89.4879
89.3783
89.2682
89.1574
89.0459
88.936
88.8269
88.7176
88.6075
88.4994
88.3927
88.2861
88.1792
88.0753
87.9724
87.8693
87.7684
87.6703
87.571
87.4761
87.3808
87.2886
87.1978
87.1093
87.023
86.9391
86.8575
86.7785
86.702
86.6281
86.557
86.4887
86.4232
86.3607
86.3012
86.2447
86.1913
86.1412
86.0942
86.0505
86.0102
85.9732
85.9396
85.9094
85.8827
85.8595
85.8399
85.8237
85.8112
85.8022
85.7968
85.795
85.7968
85.8022
85.8112
85.8237
85.8399
85.8595
85.8827
85.9094
85.9396
85.9732
86.0102
86.0505
86.0942
86.1412
86.1913
86.2447
86.3012
86.3607
86.4232
86.4887
86.557
86.6281
86.702
86.7785
86.8575
86.9391
87.023
87.1093
87.1978
87.2886
87.3808
87.4761
87.571
87.6703
87.7684
87.8693
87.9724
88.0753
88.1792
88.2861
88.3927
88.4994
88.6075
88.7176
88.8269
88.936
89.0459
89.1574
89.2682
89.3783
89.4879
89.5986
89.7092
89.8194
89.9276
90.0354
90.143
90.2509
90.3572
90.4621
90.5649
90.6677
90.7694
90.8697
90.9674
91.0645
91.16
91.2535
91.3445
91.4349
91.5212
91.6072
91.6895
91.7704
91.8486
91.9247
91.9982
92.0697
92.1382
92.2049
92.2681
92.3295
92.3874
92.443
92.4953
92.5448
92.5912
92.6343
92.6745
92.7109
92.7446
92.7743
92.8012
92.824
92.8439
92.8597
92.8726
92.8813
92.8869
92.8885
91.7988
91.7972
91.7913
91.7821
91.7686
91.7519
91.731
91.7069
91.6787
91.6473
91.612
91.5734
91.5313
91.4857
91.437
91.3846
91.3296
91.2709
91.2097
91.1451
91.0779
91.008
90.935
90.8602
90.7819
90.7023
90.6192
90.5347
90.4473
90.358
90.2659
90.1727
90.0757
89.9785
89.8781
89.7759
89.6723
89.5682
89.4617
89.3535
89.2436
89.134
89.0229
88.911
88.7971
88.6826
88.5678
88.4536
88.3382
88.222
88.1048
87.9887
87.873
87.7574
87.6405
87.5244
87.4096
87.2959
87.1811
87.0674
86.9556
86.845
86.7338
86.6248
86.518
86.4113
86.306
86.2044
86.1017
86.0032
85.9051
85.8097
85.7163
85.6254
85.5368
85.4508
85.3673
85.2866
85.2087
85.1336
85.0615
84.9924
84.9264
84.8635
84.8039
84.7475
84.6945
84.6449
84.5988
84.5562
84.5171
84.4816
84.4497
84.4215
84.397
84.3762
84.3592
84.346
84.3365
84.3308
84.3289
84.3308
84.3365
84.346
84.3592
84.3762
84.397
84.4215
84.4497
84.4816
84.5171
84.5562
84.5988
84.6449
84.6945
84.7475
84.8039
84.8635
84.9264
84.9924
85.0615
85.1336
85.2087
85.2866
85.3673
85.4508
85.5368
85.6254
85.7163
85.8097
85.9051
86.0032
86.1017
86.2044
86.306
86.4113
86.518
86.6248
86.7338
86.845
86.9556
87.0674
87.1811
87.2959
87.4096
87.5244
87.6405
87.7574
87.873
87.9887
88.1048
88.222
88.3382
88.4536
88.5678
88.6826
88.7971
88.911
89.0229
89.134
89.2436
89.3535
89.4617
89.5682
89.6723
89.7759
89.8781
89.9785
90.0757
90.1727
90.2659
90.358
90.4473
90.5347
90.6192
90.7023
90.7819
90.8602
90.935
91.008
91.0779
91.1451
91.2097
91.2709
91.3296
91.3846
91.437
91.4857
91.5313
91.5734
91.612
91.6473
91.6787
91.7069
91.731
91.7519
91.7686
91.7821
91.7913
91.7972
91.7988
90.712
90.7102
90.7041
90.6943
90.6803
90.6626
90.6409
90.6153
90.5859
90.5527
90.5159
90.4751
90.431
90.3829
90.3318
90.2768
90.2189
90.1572
90.0927
90.0249
89.954
89.8805
89.8037
89.7247
89.6427
89.5581
89.4715
89.3816
89.2907
89.1961
89.1003
89.0016
88.9012
88.7977
88.6939
88.5867
88.4777
88.3671
88.2561
88.1434
88.0291
87.9125
87.7955
87.6776
87.5597
87.4401
87.3195
87.1977
87.0767
86.9554
86.834
86.7112
86.5886
86.4665
86.3458
86.2241
86.1025
85.9817
85.8629
85.744
85.6252
85.508
85.3933
85.2783
85.1645
85.0535
84.9436
84.8343
84.7292
84.6234
84.5214
84.4206
84.3226
84.2267
84.1335
84.043
83.9551
83.8702
83.7881
83.709
83.6331
83.5603
83.4907
83.4245
83.3617
83.3023
83.2465
83.1942
83.1456
83.1006
83.0594
83.022
82.9884
82.9587
82.9329
82.911
82.893
82.879
82.869
82.863
82.861
82.863
82.869
82.879
82.893
82.911
82.9329
82.9587
82.9884
83.022
83.0594
83.1006
83.1456
83.1942
83.2465
83.3023
83.3617
83.4245
83.4907
83.5603
83.6331
83.709
83.7881
83.8702
83.9551
84.043
84.1335
84.2267
84.3226
84.4206
84.5214
84.6234
84.7292
84.8343
84.9436
85.0535
85.1645
85.2783
85.3933
85.508
85.6252
85.744
85.8629
85.9817
86.1025
86.2241
86.3458
86.4665
86.5886
86.7112
86.834
86.9554
87.0767
87.1977
87.3195
87.4401
87.5597
87.6776
87.7955
87.9125
88.0291
88.1434
88.2561
88.3671
88.4777
88.5867
88.6939
88.7977
88.9012
89.0016
89.1003
89.1961
89.2907
89.3816
89.4715
89.5581
89.6427
89.7247
89.8037
89.8805
89.954
90.0249
90.0927
90.1572
90.2189
90.2768
90.3318
90.3829
90.431
90.4751
90.5159
90.5527
90.5859
90.6153
90.6409
90.6626
90.6803
90.6943
90.7041
90.7102
90.712
89.6273
89.6252
89.619
89.6085
89.5941
89.5753
89.5527
89.5258
89.4952
89.4601
89.4217
89.3788
89.3327
89.2823
89.2287
89.1711
89.1102
89.0457
88.9778
88.9069
88.8323
88.7553
88.6746
88.5915
88.5054
88.4166
88.3254
88.2315
88.1351
88.0371
87.9354
87.833
87.7273
87.6197
87.5094
87.3988
87.285
87.1694
87.0516
86.9332
86.8137
86.6935
86.5707
86.4469
86.3217
86.1968
86.0713
85.9452
85.8173
85.6893
85.5613
85.4343
85.3065
85.1782
85.0497
84.923
84.7966
84.6702
84.5437
84.4194
84.2962
84.1732
84.0509
83.9316
83.813
83.695
83.5799
83.4669
83.3539
83.2454
83.1368
83.0318
82.9285
82.828
82.7301
82.635
82.5427
82.4534
82.3672
82.2841
82.2043
82.1278
82.0547
81.9851
81.919
81.8566
81.7979
81.7429
81.6918
81.6446
81.6012
81.5619
81.5266
81.4953
81.4682
81.4451
81.4262
81.4115
81.401
81.3947
81.3926
81.3947
81.401
81.4115
81.4262
81.4451
81.4682
81.4953
81.5266
81.5619
81.6012
81.6446
81.6918
81.7429
81.7979
81.8566
81.919
81.9851
82.0547
82.1278
82.2043
82.2841
82.3672
82.4534
82.5427
82.635
82.7301
82.828
82.9285
83.0318
83.1368
83.2454
83.3539
83.4669
83.5799
83.695
83.813
83.9316
84.0509
84.1732
84.2962
84.4194
84.5437
84.6702
84.7966
84.923
85.0497
85.1782
85.3065
85.4343
85.5613
85.6893
85.8173
85.9452
86.0713
86.1968
86.3217
86.4469
86.5707
86.6935
86.8137
86.9332
87.0516
87.1694
87.285
87.3988
87.5094
87.6197
87.7273
87.833
87.9354
88.0371
88.1351
88.2315
88.3254
88.4166
88.5054
88.5915
88.6746
88.7553
88.8323
88.9069
88.9778
89.0457
89.1102
89.1711
89.2287
89.2823
89.3327
89.3788
89.4217
89.4601
89.4952
89.5258
89.5527
89.5753
89.5941
89.6085
89.619
89.6252
89.6273
88.545
88.5426
88.5363
88.5251
88.5102
88.4904
88.4669
88.4386
88.4066
88.3699
88.3296
88.2849
88.2365
88.1839
88.1276
88.0675
88.0035
87.9363
87.865
87.7909
87.7128
87.6319
87.5477
87.4603
87.3704
87.277
87.1816
87.0831
86.9821
86.8789
86.7734
86.6647
86.5556
86.4427
86.328
86.2103
86.0923
85.972
85.85
85.7255
85.5997
85.4727
85.3456
85.2168
85.0869
84.955
84.8228
84.6904
84.5583
84.4249
84.2909
84.1562
84.0226
83.8893
83.7561
83.6219
83.4889
83.3572
83.2264
83.0949
82.965
82.8371
82.7103
82.5834
82.4594
82.3372
82.2156
82.0963
81.9803
81.864
81.7523
81.6411
81.5334
81.4279
81.3253
81.2255
81.1288
81.0352
80.9447
80.8576
80.7739
80.6936
80.6169
80.5439
80.4746
80.4091
80.3475
80.2898
80.2361
80.1865
80.1411
80.0998
80.0627
80.0299
80.0014
79.9772
79.9574
79.9419
79.9309
79.9243
79.9221
79.9243
79.9309
79.9419
79.9574
79.9772
80.0014
80.0299
80.0627
80.0998
80.1411
80.1865
80.2361
80.2898
80.3475
80.4091
80.4746
80.5439
80.6169
80.6936
80.7739
80.8576
80.9447
81.0352
81.1288
81.2255
81.3253
81.4279
81.5334
81.6411
81.7523
81.864
81.9803
82.0963
82.2156
82.3372
82.4594
82.5834
82.7103
82.8371
82.965
83.0949
83.2264
83.3572
83.4889
83.6219
83.7561
83.8893
84.0226
84.1562
84.2909
84.4249
84.5583
84.6904
84.8228
84.955
85.0869
85.2168
85.3456
85.4727
85.5997
85.7255
85.85
85.972
86.0923
86.2103
86.328
86.4427
86.5556
86.6647
86.7734
86.8789
86.9821
87.0831
87.1816
87.277
87.3704
87.4603
87.5477
87.6319
87.7128
87.7909
87.865
87.9363
88.0035
88.0675
88.1276
88.1839
88.2365
88.2849
88.3296
88.3699
88.4066
88.4386
88.4669
88.4904
88.5102
88.5251
88.5363
88.5426
88.545
87.4666
87.4641
87.4575
87.4459
87.4302
87.4096
87.3849
87.3554
87.3218
87.2836
87.2414
87.1948
87.144
87.0892
87.0302
86.9676
86.9006
86.8304
86.7559
86.6783
86.5969
86.5121
86.4242
86.3327
86.2386
86.1412
86.0408
85.9383
85.8322
85.7244
85.6139
85.5008
85.3849
85.2685
85.1487
85.0272
84.9021
84.7762
84.6485
84.5198
84.3891
84.2566
84.1221
83.9874
83.8515
83.7156
83.5778
83.439
83.2993
83.1603
83.021
82.8816
82.741
82.6007
82.4612
82.3228
82.1837
82.0449
81.9073
81.7717
81.636
81.501
81.3679
81.2372
81.1065
80.9778
80.8519
80.7272
80.604
80.4849
80.3658
80.251
80.1375
80.0274
79.9199
79.8155
79.7142
79.6162
79.5215
79.4302
79.3425
79.2585
79.1781
79.1016
79.029
78.9604
78.8958
78.8354
78.7792
78.7272
78.6796
78.6363
78.5974
78.5631
78.5332
78.5078
78.4871
78.4709
78.4593
78.4524
78.45
78.4524
78.4593
78.4709
78.4871
78.5078
78.5332
78.5631
78.5974
78.6363
78.6796
78.7272
78.7792
78.8354
78.8958
78.9604
79.029
79.1016
79.1781
79.2585
79.3425
79.4302
79.5215
79.6162
79.7142
79.8155
79.9199
80.0274
80.1375
80.251
80.3658
80.4849
80.604
80.7272
80.8519
80.9778
81.1065
81.2372
81.3679
81.501
81.636
81.7717
81.9073
82.0449
82.1837
82.3228
82.4612
82.6007
82.741
82.8816
83.021
83.1603
83.2993
83.439
83.5778
83.7156
83.8515
83.9874
84.1221
84.2566
84.3891
84.5198
84.6485
84.7762
84.9021
85.0272
85.1487
85.2685
85.3849
85.5008
85.6139
85.7244
85.8322
85.9383
86.0408
86.1412
86.2386
86.3327
86.4242
86.5121
86.5969
86.6783
86.7559
86.8304
86.9006
86.9676
87.0302
87.0892
87.144
87.1948
87.2414
87.2836
87.3218
87.3554
87.3849
87.4096
87.4302
87.4459
87.4575
87.4641
87.4666
86.3902
86.3877
86.3807
86.3687
86.3522
86.3308
86.3048
86.2742
86.239
86.1993
86.155
86.1065
86.0533
85.9963
85.9345
85.8692
85.7994
85.7259
85.6484
85.5672
85.4825
85.3938
85.3021
85.2067
85.1082
85.0067
84.9018
84.7945
84.6841
84.5707
84.4559
84.3379
84.2174
84.0939
83.9696
83.8426
83.7144
83.5825
83.4491
83.3134
83.1771
83.0395
82.9008
82.7598
82.6178
82.4743
82.3312
82.1873
82.0427
81.8967
81.7506
81.6045
81.4593
81.3134
81.1673
81.0212
80.877
80.7331
80.5895
80.4461
80.3052
80.1653
80.026
79.8879
79.7529
79.6188
79.4859
79.3562
79.2286
79.102
78.9799
78.8583
78.7407
78.6252
78.513
78.4038
78.2979
78.1954
78.0964
78.001
77.9093
77.8214
77.7374
77.6574
77.5814
77.5096
77.4421
77.3789
77.3201
77.2657
77.2158
77.1706
77.1299
77.0939
77.0627
77.0361
77.0144
76.9975
76.9854
76.9781
76.9757
76.9781
76.9854
76.9975
77.0144
77.0361
77.0627
77.0939
77.1299
77.1706
77.2158
77.2657
77.3201
77.3789
77.4421
77.5096
77.5814
77.6574
77.7374
77.8214
77.9093
78.001
78.0964
78.1954
78.2979
78.4038
78.513
78.6252
78.7407
78.8583
78.9799
79.102
79.2286
79.3562
79.4859
79.6188
79.7529
79.8879
80.026
80.1653
80.3052
80.4461
80.5895
80.7331
80.877
81.0212
81.1673
81.3134
81.4593
81.6045
81.7506
81.8967
82.0427
82.1873
82.3312
82.4743
82.6178
82.7598
82.9008
83.0395
83.1771
83.3134
83.4491
83.5825
83.7144
83.8426
83.9696
84.0939
84.2174
84.3379
84.4559
84.5707
84.6841
84.7945
84.9018
85.0067
85.1082
85.2067
85.3021
85.3938
85.4825
85.5672
85.6484
85.7259
85.7994
85.8692
85.9345
85.9963
86.0533
86.1065
86.155
86.1993
86.239
86.2742
86.3048
86.3308
86.3522
86.3687
86.3807
86.3877
86.3902
85.319
85.3165
85.309
85.2967
85.2793
85.2571
85.2299
85.198
85.1611
85.1198
85.0735
85.0229
84.9674
84.9079
84.8436
84.7754
84.7027
84.6259
84.5453
84.4604
84.3722
84.2798
84.1841
84.0848
83.9819
83.8762
83.7667
83.6546
83.5398
83.4215
83.3005
83.178
83.0528
82.9252
82.7942
82.6617
82.5266
82.3909
82.2523
82.1121
81.9691
81.8248
81.6794
81.5336
81.3862
81.2378
81.0873
80.9365
80.7855
80.6347
80.4829
80.3305
80.1775
80.0256
79.8742
79.723
79.571
79.4205
79.2713
79.1232
78.9748
78.8283
78.6838
78.5407
78.3981
78.2586
78.1211
77.9847
77.8511
77.7208
77.5911
77.466
77.3422
77.2222
77.1048
76.9909
76.8803
76.7733
76.6699
76.5702
76.4744
76.3826
76.2948
76.2112
76.1319
76.0569
75.9863
75.9202
75.8588
75.802
75.7499
75.7025
75.66
75.6224
75.5898
75.562
75.5393
75.5216
75.509
75.5014
75.4988
75.5014
75.509
75.5216
75.5393
75.562
75.5898
75.6224
75.66
75.7025
75.7499
75.802
75.8588
75.9202
75.9863
76.0569
76.1319
76.2112
76.2948
76.3826
76.4744
76.5702
76.6699
76.7733
76.8803
76.9909
77.1048
77.2222
77.3422
77.466
77.5911
77.7208
77.8511
77.9847
78.1211
78.2586
78.3981
78.5407
78.6838
78.8283
78.9748
79.1232
79.2713
79.4205
79.571
79.723
79.8742
80.0256
80.1775
80.3305
80.4829
80.6347
80.7855
80.9365
81.0873
81.2378
81.3862
81.5336
81.6794
81.8248
81.9691
82.1121
82.2523
82.3909
82.5266
82.6617
82.7942
82.9252
83.0528
83.178
83.3005
83.4215
83.5398
83.6546
83.7667
83.8762
83.9819
84.0848
84.1841
84.2798
84.3722
84.4604
84.5453
84.6259
84.7027
84.7754
84.8436
84.9079
84.9674
85.0229
85.0735
85.1198
85.1611
85.198
85.2299
85.2571
85.2793
85.2967
85.309
85.3165
85.319
84.2507
84.2482
84.2403
84.2275
84.2092
84.1862
84.1577
84.1246
84.086
84.043
83.9947
83.942
83.8842
83.822
83.7552
83.6839
83.6083
83.5283
83.4444
83.356
83.264
83.1679
83.0681
82.9648
82.8576
82.7474
82.6337
82.5165
82.397
82.2745
82.1486
82.0196
81.8889
81.7559
81.6211
81.483
81.343
81.1998
81.0557
80.9093
80.7621
80.6125
80.4612
80.308
80.1542
79.9995
79.8446
79.6879
79.5303
79.3719
79.2139
79.0559
78.898
78.7389
78.5803
78.4225
78.266
78.109
77.9527
77.7976
77.6447
77.4921
77.3405
77.1911
77.0442
76.8977
76.7538
76.6128
76.4734
76.3362
76.2031
76.0708
75.9431
75.8172
75.6952
75.5763
75.461
75.3493
75.2415
75.1375
75.0376
74.9418
74.8502
74.7629
74.6801
74.6019
74.5282
74.4593
74.3951
74.3358
74.2814
74.2321
74.1877
74.1485
74.1143
74.0854
74.0617
74.0432
74.03
74.0221
74.0194
74.0221
74.03
74.0432
74.0617
74.0854
74.1143
74.1485
74.1877
74.2321
74.2814
74.3358
74.3951
74.4593
74.5282
74.6019
74.6801
74.7629
74.8502
74.9418
75.0376
75.1375
75.2415
75.3493
75.461
75.5763
75.6952
75.8172
75.9431
76.0708
76.2031
76.3362
76.4734
76.6128
76.7538
76.8977
77.0442
77.1911
77.3405
77.4921
77.6447
77.7976
77.9527
78.109
78.266
78.4225
78.5803
78.7389
78.898
79.0559
79.2139
79.3719
79.5303
79.6879
79.8446
79.9995
80.1542
80.308
80.4612
80.6125
80.7621
80.9093
81.0557
81.1998
81.343
81.483
81.6211
81.7559
81.8889
82.0196
82.1486
82.2745
82.397
82.5165
82.6337
82.7474
82.8576
82.9648
83.0681
83.1679
83.264
83.356
83.4444
83.5283
83.6083
83.6839
83.7552
83.822
83.8842
83.942
83.9947
84.043
84.086
84.1246
84.1577
84.1862
84.2092
84.2275
84.2403
84.2482
84.2507
83.1873
83.1848
83.1765
83.1632
83.1441
83.1201
83.0904
83.0558
83.0156
82.9707
82.9204
82.8654
82.8053
82.7405
82.671
82.5966
82.5181
82.4346
82.3473
82.2554
82.1596
82.0597
81.9557
81.8484
81.7369
81.622
81.5041
81.3821
81.2569
81.1294
80.9992
80.8659
80.7293
80.5902
80.4486
80.3057
80.1602
80.0131
79.8625
79.7104
79.5557
79.4003
79.2434
79.0854
78.9254
78.7641
78.6014
78.4389
78.2757
78.112
77.947
77.7819
77.6168
77.4527
77.2882
77.1236
76.9592
76.7967
76.6349
76.4735
76.3128
76.1545
75.9976
75.8418
75.6874
75.5364
75.3866
75.2386
75.0941
74.952
74.8115
74.6757
74.5411
74.411
74.2834
74.1597
74.0395
73.9231
73.8107
73.7024
73.5982
73.4983
73.4028
73.3119
73.2256
73.144
73.0672
72.9953
72.9284
72.8665
72.8098
72.7583
72.7121
72.6711
72.6355
72.6054
72.5806
72.5614
72.5476
72.5393
72.5365
72.5393
72.5476
72.5614
72.5806
72.6054
72.6355
72.6711
72.7121
72.7583
72.8098
72.8665
72.9284
72.9953
73.0672
73.144
73.2256
73.3119
73.4028
73.4983
73.5982
73.7024
73.8107
73.9231
74.0395
74.1597
74.2834
74.411
74.5411
74.6757
74.8115
74.952
75.0941
75.2386
75.3866
75.5364
75.6874
75.8418
75.9976
76.1545
76.3128
76.4735
76.6349
76.7967
76.9592
77.1236
77.2882
77.4527
77.6168
77.7819
77.947
78.112
78.2757
78.4389
78.6014
78.7641
78.9254
79.0854
79.2434
79.4003
79.5557
79.7104
79.8625
80.0131
80.1602
80.3057
80.4486
80.5902
80.7293
80.8659
80.9992
81.1294
81.2569
81.3821
81.5041
81.622
81.7369
81.8484
81.9557
82.0597
82.1596
82.2554
82.3473
82.4346
82.5181
82.5966
82.671
82.7405
82.8053
82.8654
82.9204
82.9707
83.0156
83.0558
83.0904
83.1201
83.1441
83.1632
83.1765
83.1848
83.1873
82.129
82.1263
82.1177
82.1038
82.0839
82.0588
82.0279
81.9918
81.9501
81.9031
81.8509
81.7934
81.731
81.6633
81.5911
81.5137
81.4319
81.3452
81.2543
81.1588
81.059
80.9554
80.8472
80.7355
80.6199
80.5001
80.3775
80.2516
80.1216
79.9881
79.852
79.7133
79.5723
79.4284
79.2817
79.1318
78.9802
78.8261
78.6711
78.5133
78.354
78.1916
78.0279
77.8628
77.6971
77.5302
77.3624
77.1924
77.0221
76.8514
76.681
76.51
76.3385
76.1664
75.9954
75.8251
75.6552
75.485
75.3161
75.1488
74.9828
74.8171
74.6534
74.4919
74.3322
74.1735
74.0181
73.8651
73.7137
73.5655
73.4209
73.2776
73.1392
73.0027
72.8705
72.7414
72.6164
72.4952
72.3782
72.2653
72.1568
72.0528
71.9534
71.8586
71.7687
71.6837
71.6037
71.5288
71.4591
71.3947
71.3356
71.2819
71.2337
71.1911
71.154
71.1225
71.0968
71.0767
71.0623
71.0537
71.0508
71.0537
71.0623
71.0767
71.0968
71.1225
71.154
71.1911
71.2337
71.2819
71.3356
71.3947
71.4591
71.5288
71.6037
71.6837
71.7687
71.8586
71.9534
72.0528
72.1568
72.2653
72.3782
72.4952
72.6164
72.7414
72.8705
73.0027
73.1392
73.2776
73.4209
73.5655
73.7137
73.8651
74.0181
74.1735
74.3322
74.4919
74.6534
74.8171
74.9828
75.1488
75.3161
75.485
75.6552
75.8251
75.9954
76.1664
76.3385
76.51
76.681
76.8514
77.0221
77.1924
77.3624
77.5302
77.6971
77.8628
78.0279
78.1916
78.354
78.5133
78.6711
78.8261
78.9802
79.1318
79.2817
79.4284
79.5723
79.7133
79.852
79.9881
80.1216
80.2516
80.3775
80.5001
80.6199
80.7355
80.8472
80.9554
81.059
81.1588
81.2543
81.3452
81.4319
81.5137
81.5911
81.6633
81.731
81.7934
81.8509
81.9031
81.9501
81.9918
82.0279
82.0588
82.0839
82.1038
82.1177
82.1263
82.129
81.0746
81.0717
81.0628
81.0482
81.0276
81.0013
80.9693
80.9315
80.8881
80.8391
80.7848
80.7249
80.66
80.5895
80.5144
80.4339
80.3488
80.2588
80.164
80.065
79.9612
79.8535
79.7413
79.625
79.5053
79.381
79.2528
79.1218
78.9876
78.85
78.7086
78.5639
78.4163
78.2665
78.1144
77.9601
77.8028
77.6433
77.4806
77.3168
77.1506
76.9836
76.8142
76.6431
76.4701
76.2961
76.1213
75.9463
75.7699
75.5927
75.4144
75.2366
75.0588
74.8815
74.7032
74.5254
74.3485
74.173
73.9977
73.823
73.6498
73.4789
73.3089
73.1402
72.9738
72.8103
72.6479
72.4882
72.3319
72.1776
72.026
71.8789
71.7333
71.5925
71.4543
71.3204
71.1902
71.0642
70.9424
70.825
70.7121
70.6038
70.5003
70.4017
70.3081
70.2196
70.1364
70.0584
69.9858
69.9188
69.8572
69.8014
69.7512
69.7068
69.6681
69.6354
69.6086
69.5877
69.5727
69.5637
69.5607
69.5637
69.5727
69.5877
69.6086
69.6354
69.6681
69.7068
69.7512
69.8014
69.8572
69.9188
69.9858
70.0584
70.1364
70.2196
70.3081
70.4017
70.5003
70.6038
70.7121
70.825
70.9424
71.0642
71.1902
71.3204
71.4543
71.5925
71.7333
71.8789
72.026
72.1776
72.3319
72.4882
72.6479
72.8103
72.9738
73.1402
73.3089
73.4789
73.6498
73.823
73.9977
74.173
74.3485
74.5254
74.7032
74.8815
75.0588
75.2366
75.4144
75.5927
75.7699
75.9463
76.1213
76.2961
76.4701
76.6431
76.8142
76.9836
77.1506
77.3168
77.4806
77.6433
77.8028
77.9601
78.1144
78.2665
78.4163
78.5639
78.7086
78.85
78.9876
79.1218
79.2528
79.381
79.5053
79.625
79.7413
79.8535
79.9612
80.065
80.164
80.2588
80.3488
80.4339
80.5144
80.5895
80.66
80.7249
80.7848
80.8391
80.8881
80.9315
80.9693
81.0013
81.0276
81.0482
81.0628
81.0717
81.0746
80.0273
80.0242
80.015
79.9997
79.9783
79.9508
79.9175
79.878
79.8329
79.7818
79.7253
79.6629
79.5953
79.5221
79.4438
79.3602
79.2716
79.1782
79.0797
78.9769
78.8691
78.757
78.6408
78.5198
78.3953
78.2672
78.1346
77.9979
77.8577
77.7145
77.5685
77.4192
77.2667
77.1109
76.9522
76.7909
76.6279
76.4624
76.2953
76.125
75.9529
75.778
75.6022
75.4247
75.2464
75.0663
74.8848
74.7017
74.5187
74.3351
74.1513
73.9664
73.7813
73.5961
73.4122
73.2282
73.0444
72.8609
72.6792
72.4986
72.319
72.1401
71.9638
71.7894
71.6165
71.4453
71.2777
71.112
70.9485
70.7886
70.6318
70.4773
70.3277
70.18
70.0372
69.8976
69.7624
69.6313
69.5047
69.3825
69.2651
69.1525
69.0449
68.9423
68.845
68.7529
68.6663
68.5852
68.5097
68.4399
68.3759
68.3177
68.2655
68.2193
68.1791
68.145
68.1171
68.0953
68.0798
68.0704
68.0673
68.0704
68.0798
68.0953
68.1171
68.145
68.1791
68.2193
68.2655
68.3177
68.3759
68.4399
68.5097
68.5852
68.6663
68.7529
68.845
68.9423
69.0449
69.1525
69.2651
69.3825
69.5047
69.6313
69.7624
69.8976
70.0372
70.18
70.3277
70.4773
70.6318
70.7886
70.9485
71.112
71.2777
71.4453
71.6165
71.7894
71.9638
72.1401
72.319
72.4986
72.6792
72.8609
73.0444
73.2282
73.4122
73.5961
73.7813
73.9664
74.1513
74.3351
74.5187
74.7017
74.8848
75.0663
75.2464
75.4247
75.6022
75.778
75.9529
76.125
76.2953
76.4624
76.6279
76.7909
76.9522
77.1109
77.2667
77.4192
77.5685
77.7145
77.8577
77.9979
78.1346
78.2672
78.3953
78.5198
78.6408
78.757
78.8691
78.9769
79.0797
79.1782
79.2716
79.3602
79.4438
79.5221
79.5953
79.6629
79.7253
79.7818
79.8329
79.878
79.9175
79.9508
79.9783
79.9997
80.015
80.0242
80.0273
78.9838
78.9804
78.971
78.9548
78.9327
78.9039
78.8692
78.828
78.7811
78.7279
78.669
78.6041
78.5338
78.4577
78.3762
78.2894
78.1972
78.1003
77.9979
77.8911
77.7794
77.6629
77.5426
77.4173
77.2874
77.154
77.0171
76.8763
76.7314
76.5825
76.4301
76.2747
76.1164
75.9556
75.7918
75.6252
75.4554
75.2833
75.1087
74.9329
74.7545
74.5749
74.3921
74.2079
74.0218
73.835
73.6473
73.4588
73.2685
73.0776
72.886
72.6949
72.5036
72.3121
72.1199
71.9287
71.7385
71.5492
71.3598
71.1717
70.9854
70.801
70.6173
70.4356
70.2565
70.0797
69.9044
69.7325
69.5635
69.3968
69.2336
69.0744
68.9174
68.7655
68.6161
68.4716
68.3309
68.1948
68.0632
67.9363
67.8142
67.6972
67.5853
67.4787
67.3775
67.2818
67.1917
67.1074
67.0289
66.9563
66.8898
66.8293
66.775
66.7269
66.6851
66.6497
66.6207
66.598
66.5818
66.5721
66.5689
66.5721
66.5818
66.598
66.6207
66.6497
66.6851
66.7269
66.775
66.8293
66.8898
66.9563
67.0289
67.1074
67.1917
67.2818
67.3775
67.4787
67.5853
67.6972
67.8142
67.9363
68.0632
68.1948
68.3309
68.4716
68.6161
68.7655
68.9174
69.0744
69.2336
69.3968
69.5635
69.7325
69.9044
70.0797
70.2565
70.4356
70.6173
70.801
70.9854
71.1717
71.3598
71.5492
71.7385
71.9287
72.1199
72.3121
72.5036
72.6949
72.886
73.0776
73.2685
73.4588
73.6473
73.835
74.0218
74.2079
74.3921
74.5749
74.7545
74.9329
75.1087
75.2833
75.4554
75.6252
75.7918
75.9556
76.1164
76.2747
76.4301
76.5825
76.7314
76.8763
77.0171
77.154
77.2874
77.4173
77.5426
77.6629
77.7794
77.8911
77.9979
78.1003
78.1972
78.2894
78.3762
78.4577
78.5338
78.6041
78.669
78.7279
78.7811
78.828
78.8692
78.9039
78.9327
78.9548
78.971
78.9804
78.9838
77.9477
77.9442
77.9343
77.9175
77.8944
77.8644
77.8282
77.7853
77.7364
77.6809
77.6196
77.5521
77.4788
77.3998
77.315
77.2249
77.1291
77.0284
76.9222
76.8112
76.6955
76.5744
76.4493
76.3201
76.1861
76.0473
75.9044
75.7579
75.608
75.4546
75.2975
75.1367
74.9722
74.8046
74.6342
74.4614
74.2864
74.1085
73.9284
73.745
73.5601
73.3726
73.1843
72.9937
72.8019
72.6078
72.4125
72.2163
72.0199
71.8225
71.6246
71.4255
71.2265
71.0279
70.83
70.6316
70.4336
70.2365
70.0412
69.8465
69.6528
69.4605
69.2708
69.0826
68.8961
68.7121
68.5314
68.3525
68.1765
68.0043
67.8348
67.6685
67.507
67.3478
67.1938
67.0431
66.8973
66.7558
66.6191
66.4873
66.3605
66.2389
66.1227
66.0119
65.9067
65.8073
65.7137
65.626
65.5445
65.469
65.3998
65.337
65.2806
65.2306
65.1872
65.1503
65.1201
65.0966
65.0798
65.0697
65.0663
65.0697
65.0798
65.0966
65.1201
65.1503
65.1872
65.2306
65.2806
65.337
65.3998
65.469
65.5445
65.626
65.7137
65.8073
65.9067
66.0119
66.1227
66.2389
66.3605
66.4873
66.6191
66.7558
66.8973
67.0431
67.1938
67.3478
67.507
67.6685
67.8348
68.0043
68.1765
68.3525
68.5314
68.7121
68.8961
69.0826
69.2708
69.4605
69.6528
69.8465
70.0412
70.2365
70.4336
70.6316
70.83
71.0279
71.2265
71.4255
71.6246
71.8225
72.0199
72.2163
72.4125
72.6078
72.8019
72.9937
73.1843
73.3726
73.5601
73.745
73.9284
74.1085
74.2864
74.4614
74.6342
74.8046
74.9722
75.1367
75.2975
75.4546
75.608
75.7579
75.9044
76.0473
76.1861
76.3201
76.4493
76.5744
76.6955
76.8112
76.9222
77.0284
77.1291
77.2249
77.315
77.3998
77.4788
77.5521
77.6196
77.6809
77.7364
77.7853
77.8282
77.8644
77.8944
77.9175
77.9343
77.9442
77.9477
76.917
76.9133
76.903
76.8855
76.8613
76.8301
76.7923
76.7477
76.6966
76.639
76.575
76.5049
76.4285
76.3464
76.2582
76.1646
76.0651
75.9605
75.8505
75.7351
75.6153
75.4901
75.3597
75.2251
75.0865
74.9437
74.7964
74.6446
74.4886
74.3288
74.1657
73.9994
73.8299
73.6571
73.4809
73.3015
73.1191
72.9346
72.7476
72.5591
72.3676
72.1744
71.978
71.7805
71.5811
71.3809
71.1794
70.9765
70.772
70.5671
70.3618
70.1566
69.9507
69.7446
69.5383
69.3332
69.1287
68.9247
68.721
68.5191
68.3189
68.1201
67.9223
67.7271
67.5344
67.3437
67.155
66.9702
66.7879
66.6084
66.4328
66.261
66.0919
65.9282
65.7673
65.6116
65.4599
65.3131
65.1711
65.0343
64.9026
64.7764
64.6557
64.5406
64.4314
64.3281
64.2309
64.1398
64.0551
63.9767
63.9049
63.8396
63.7809
63.729
63.6839
63.6456
63.6143
63.5898
63.5723
63.5618
63.5583
63.5618
63.5723
63.5898
63.6143
63.6456
63.6839
63.729
63.7809
63.8396
63.9049
63.9767
64.0551
64.1398
64.2309
64.3281
64.4314
64.5406
64.6557
64.7764
64.9026
65.0343
65.1711
65.3131
65.4599
65.6116
65.7673
65.9282
66.0919
66.261
66.4328
66.6084
66.7879
66.9702
67.155
67.3437
67.5344
67.7271
67.9223
68.1201
68.3189
68.5191
68.721
68.9247
69.1287
69.3332
69.5383
69.7446
69.9507
70.1566
70.3618
70.5671
70.772
70.9765
71.1794
71.3809
71.5811
71.7805
71.978
72.1744
72.3676
72.5591
72.7476
72.9346
73.1191
73.3015
73.4809
73.6571
73.8299
73.9994
74.1657
74.3288
74.4886
74.6446
74.7964
74.9437
75.0865
75.2251
75.3597
75.4901
75.6153
75.7351
75.8505
75.9605
76.0651
76.1646
76.2582
76.3464
76.4285
76.5049
76.575
76.639
76.6966
76.7477
76.7923
76.8301
76.8613
76.8855
76.903
76.9133
76.917
75.892
75.8883
75.8775
75.8592
75.8339
75.8014
75.7619
75.7154
75.6621
75.6022
75.5355
75.4626
75.3831
75.2977
75.206
75.1088
75.0056
74.8968
74.7828
74.663
74.5384
74.4093
74.275
74.1353
73.9909
73.8422
73.6896
73.533
73.3724
73.2077
73.0389
72.8661
72.6899
72.5105
72.3283
72.1433
71.9554
71.7644
71.5708
71.3742
71.1762
70.9756
70.774
70.5696
70.3635
70.1553
69.9461
69.736
69.5255
69.3135
69.1008
68.8872
68.674
68.461
68.2483
68.035
67.8225
67.6112
67.4013
67.1918
66.9836
66.7772
66.5734
66.3707
66.1702
65.9727
65.7781
65.5854
65.3964
65.2109
65.0283
64.8496
64.6755
64.5042
64.3385
64.1762
64.0192
63.8667
63.7195
63.5774
63.4408
63.3098
63.1845
63.0651
62.9517
62.8444
62.7435
62.649
62.561
62.4796
62.405
62.3372
62.2763
62.2224
62.1755
62.1358
62.1032
62.0778
62.0596
62.0487
62.0451
62.0487
62.0596
62.0778
62.1032
62.1358
62.1755
62.2224
62.2763
62.3372
62.405
62.4796
62.561
62.649
62.7435
62.8444
62.9517
63.0651
63.1845
63.3098
63.4408
63.5774
63.7195
63.8667
64.0192
64.1762
64.3385
64.5042
64.6755
64.8496
65.0283
65.2109
65.3964
65.5854
65.7781
65.9727
66.1702
66.3707
66.5734
66.7772
66.9836
67.1918
67.4013
67.6112
67.8225
68.035
68.2483
68.461
68.674
68.8872
69.1008
69.3135
69.5255
69.736
69.9461
70.1553
70.3635
70.5696
70.774
70.9756
71.1762
71.3742
71.5708
71.7644
71.9554
72.1433
72.3283
72.5105
72.6899
72.8661
73.0389
73.2077
73.3724
73.533
73.6896
73.8422
73.9909
74.1353
74.275
74.4093
74.5384
74.663
74.7828
74.8968
75.0056
75.1088
75.206
75.2977
75.3831
75.4626
75.5355
75.6022
75.6621
75.7154
75.7619
75.8014
75.8339
75.8592
75.8775
75.8883
75.892
74.8742
74.8704
74.859
74.84
74.8135
74.7796
74.7383
74.6899
74.6342
74.5718
74.5023
74.4264
74.3437
74.2549
74.1597
74.0585
73.9516
73.8385
73.7204
73.5966
73.4668
73.3322
73.1931
73.0494
72.9007
72.7472
72.5888
72.426
72.2591
72.0884
71.9142
71.7363
71.5547
71.3693
71.1803
70.9881
70.7931
70.5958
70.3958
70.1936
69.9883
69.781
69.5709
69.3597
69.1465
68.9321
68.7158
68.4981
68.2791
68.0599
67.84
67.6199
67.3989
67.1777
66.9568
66.737
66.5173
66.2981
66.0797
65.8633
65.6481
65.4343
65.222
65.0126
64.8054
64.6003
64.3978
64.1992
64.003
63.81
63.6214
63.4362
63.2547
63.0784
62.9053
62.7378
62.5745
62.4166
62.2638
62.1164
61.9746
61.8387
61.7086
61.5847
61.467
61.3557
61.251
61.1529
61.0615
60.9771
60.8996
60.8292
60.766
60.71
60.6614
60.6201
60.5863
60.5599
60.5411
60.5298
60.526
60.5298
60.5411
60.5599
60.5863
60.6201
60.6614
60.71
60.766
60.8292
60.8996
60.9771
61.0615
61.1529
61.251
61.3557
61.467
61.5847
61.7086
61.8387
61.9746
62.1164
62.2638
62.4166
62.5745
62.7378
62.9053
63.0784
63.2547
63.4362
63.6214
63.81
64.003
64.1992
64.3978
64.6003
64.8054
65.0126
65.222
65.4343
65.6481
65.8633
66.0797
66.2981
66.5173
66.737
66.9568
67.1777
67.3989
67.6199
67.84
68.0599
68.2791
68.4981
68.7158
68.9321
69.1465
69.3597
69.5709
69.781
69.9883
70.1936
70.3958
70.5958
70.7931
70.9881
71.1803
71.3693
71.5547
71.7363
71.9142
72.0884
72.2591
72.426
72.5888
72.7472
72.9007
73.0494
73.1931
73.3322
73.4668
73.5966
73.7204
73.8385
73.9516
74.0585
74.1597
74.2549
74.3437
74.4264
74.5023
74.5718
74.6342
74.6899
74.7383
74.7796
74.8135
74.84
74.859
74.8704
74.8742
73.8597
73.8558
73.8438
73.824
73.7963
73.7609
73.7177
73.6672
73.6091
73.5441
73.4717
73.3926
73.3067
73.2142
73.1154
73.0102
72.8993
72.782
72.6591
72.5313
72.3978
72.2585
72.1137
71.964
71.8098
71.6511
71.488
71.3205
71.1484
70.9718
70.791
70.6064
70.4182
70.2268
70.0321
69.8342
69.6329
69.4283
69.221
69.0111
68.7994
68.5852
68.3692
68.1503
67.9298
67.7071
67.4835
67.2589
67.0332
66.8061
66.5782
66.3497
66.1216
65.8934
65.6651
65.4365
65.209
64.9826
64.7573
64.5324
64.3093
64.0881
63.8691
63.6515
63.4365
63.2245
63.0153
62.8084
62.6056
62.4062
62.21
62.0181
61.8308
61.6468
61.4686
61.2941
61.1254
60.9614
60.803
60.6502
60.5032
60.3622
60.2273
60.0988
59.9767
59.8613
59.7526
59.6508
59.556
59.4684
59.388
59.315
59.2494
59.1913
59.1409
59.0981
59.0629
59.0356
59.016
59.0043
59.0004
59.0043
59.016
59.0356
59.0629
59.0981
59.1409
59.1913
59.2494
59.315
59.388
59.4684
59.556
59.6508
59.7526
59.8613
59.9767
60.0988
60.2273
60.3622
60.5032
60.6502
60.803
60.9614
61.1254
61.2941
61.4686
61.6468
61.8308
62.0181
62.21
62.4062
62.6056
62.8084
63.0153
63.2245
63.4365
63.6515
63.8691
64.0881
64.3093
64.5324
64.7573
64.9826
65.209
65.4365
65.6651
65.8934
66.1216
66.3497
66.5782
66.8061
67.0332
67.2589
67.4835
67.7071
67.9298
68.1503
68.3692
68.5852
68.7994
69.0111
69.221
69.4283
69.6329
69.8342
70.0321
70.2268
70.4182
70.6064
70.791
70.9718
71.1484
71.3205
71.488
71.6511
71.8098
71.964
72.1137
72.2585
72.3978
72.5313
72.6591
72.782
72.8993
73.0102
73.1154
73.2142
73.3067
73.3926
73.4717
73.5441
73.6091
73.6672
73.7177
73.7609
73.7963
73.824
73.8438
73.8558
73.8597
72.8509
72.8468
72.8342
72.8136
72.7845
72.7475
72.7024
72.6497
72.589
72.5211
72.4457
72.3634
72.274
72.1778
72.0753
71.966
71.8509
71.7297
71.6018
71.4685
71.33
71.1864
71.0375
70.8833
70.7237
70.5591
70.3897
70.216
70.038
69.8561
69.67
69.4799
69.2856
69.0874
68.8856
68.6805
68.4726
68.2619
68.0482
67.8318
67.6123
67.3906
67.1664
66.941
66.7132
66.484
66.2525
66.0197
65.7858
65.5516
65.3164
65.0806
64.8439
64.6074
64.3713
64.1359
63.9004
63.6656
63.4319
63.2
62.9693
62.74
62.5127
62.2882
62.0658
61.8457
61.6287
61.4155
61.2048
60.9979
60.7954
60.5964
60.4017
60.2122
60.0264
59.8465
59.671
59.5014
59.3371
59.1788
59.0264
58.8802
58.7404
58.6071
58.4805
58.3608
58.2481
58.1425
58.0443
57.9534
57.87
57.7943
57.7262
57.666
57.6136
57.5692
57.5328
57.5044
57.4841
57.4719
57.4679
57.4719
57.4841
57.5044
57.5328
57.5692
57.6136
57.666
57.7262
57.7943
57.87
57.9534
58.0443
58.1425
58.2481
58.3608
58.4805
58.6071
58.7404
58.8802
59.0264
59.1788
59.3371
59.5014
59.671
59.8465
60.0264
60.2122
60.4017
60.5964
60.7954
60.9979
61.2048
61.4155
61.6287
61.8457
62.0658
62.2882
62.5127
62.74
62.9693
63.2
63.4319
63.6656
63.9004
64.1359
64.3713
64.6074
64.8439
65.0806
65.3164
65.5516
65.7858
66.0197
66.2525
66.484
66.7132
66.941
67.1664
67.3906
67.6123
67.8318
68.0482
68.2619
68.4726
68.6805
68.8856
69.0874
69.2856
69.4799
69.67
69.8561
70.038
70.216
70.3897
70.5591
70.7237
70.8833
71.0375
71.1864
71.33
71.4685
71.6018
71.7297
71.8509
71.966
72.0753
72.1778
72.274
72.3634
72.4457
72.5211
72.589
72.6497
72.7024
72.7475
72.7845
72.8136
72.8342
72.8468
72.8509
71.8453
71.841
71.8278
71.8062
71.7757
71.737
71.6898
71.6347
71.5714
71.5005
71.422
71.3361
71.2432
71.1431
71.0366
70.923
70.8032
70.6779
70.5465
70.4086
70.2648
70.1154
69.9607
69.801
69.6365
69.4672
69.2929
69.1137
68.9297
68.7411
68.5484
68.3517
68.1513
67.9473
67.7396
67.5282
67.3132
67.0949
66.8738
66.6501
66.4242
66.1956
65.9648
65.731
65.4956
65.2581
65.0197
64.7796
64.5383
64.2955
64.0522
63.8082
63.5645
63.3203
63.0759
62.8316
62.5885
62.3461
62.1047
61.8641
61.6254
61.3886
61.1538
60.9207
60.6905
60.4633
60.2388
60.0172
59.7998
59.5858
59.3754
59.1697
58.9685
58.7713
58.5799
58.3927
58.2116
58.0355
57.8655
57.7013
57.5434
57.392
57.2471
57.1089
56.9778
56.8537
56.7369
56.6274
56.5255
56.4313
56.3449
56.2664
56.1958
56.1334
56.0791
56.033
55.9953
55.9658
55.9448
55.9322
55.928
55.9322
55.9448
55.9658
55.9953
56.033
56.0791
56.1334
56.1958
56.2664
56.3449
56.4313
56.5255
56.6274
56.7369
56.8537
56.9778
57.1089
57.2471
57.392
57.5434
57.7013
57.8655
58.0355
58.2116
58.3927
58.5799
58.7713
58.9685
59.1697
59.3754
59.5858
59.7998
60.0172
60.2388
60.4633
60.6905
60.9207
61.1538
61.3886
61.6254
61.8641
62.1047
62.3461
62.5885
62.8316
63.0759
63.3203
63.5645
63.8082
64.0522
64.2955
64.5383
64.7796
65.0197
65.2581
65.4956
65.731
65.9648
66.1956
66.4242
66.6501
66.8738
67.0949
67.3132
67.5282
67.7396
67.9473
68.1513
68.3517
68.5484
68.7411
68.9297
69.1137
69.2929
69.4672
69.6365
69.801
69.9607
70.1154
70.2648
70.4086
70.5465
70.6779
70.8032
70.923
71.0366
71.1431
71.2432
71.3361
71.422
71.5005
71.5714
71.6347
71.6898
71.737
71.7757
71.8062
71.8278
71.841
71.8453
70.8432
70.8387
70.8249
70.8021
70.7702
70.7296
70.6802
70.6225
70.5565
70.4824
70.4006
70.311
70.2144
70.1103
69.9997
69.8824
69.7577
69.6268
69.4902
69.3479
69.1999
69.0461
68.8866
68.7214
68.5508
68.3752
68.1947
68.0098
67.8203
67.6264
67.4281
67.2252
67.0181
66.8069
66.5921
66.374
66.1526
65.9281
65.7002
65.4693
65.2353
64.999
64.7603
64.5201
64.2771
64.0325
63.7855
63.5373
63.2879
63.0379
62.7868
62.5349
62.2822
62.0298
61.7776
61.5259
61.2741
61.0232
60.7735
60.5256
60.2786
60.0333
59.7903
59.55
59.3117
59.0761
58.844
58.6154
58.3897
58.1682
57.951
57.7377
57.5291
57.3258
57.1267
56.9338
56.7456
56.5636
56.3874
56.2175
56.0539
55.897
55.7469
55.6038
55.4679
55.3394
55.2183
55.1049
54.9994
54.9017
54.8122
54.7308
54.6577
54.5929
54.5367
54.4889
54.4498
54.4193
54.3975
54.3844
54.38
54.3844
54.3975
54.4193
54.4498
54.4889
54.5367
54.5929
54.6577
54.7308
54.8122
54.9017
54.9994
55.1049
55.2183
55.3394
55.4679
55.6038
55.7469
55.897
56.0539
56.2175
56.3874
56.5636
56.7456
56.9338
57.1267
57.3258
57.5291
57.7377
57.951
58.1682
58.3897
58.6154
58.844
59.0761
59.3117
59.55
59.7903
60.0333
60.2786
60.5256
60.7735
61.0232
61.2741
61.5259
61.7776
62.0298
62.2822
62.5349
62.7868
63.0379
63.2879
63.5373
63.7855
64.0325
64.2771
64.5201
64.7603
64.999
65.2353
65.4693
65.7002
65.9281
66.1526
66.374
66.5921
66.8069
67.0181
67.2252
67.4281
67.6264
67.8203
68.0098
68.1947
68.3752
68.5508
68.7214
68.8866
69.0461
69.1999
69.3479
69.4902
69.6268
69.7577
69.8824
69.9997
70.1103
70.2144
70.311
70.4006
70.4824
70.5565
70.6225
70.6802
70.7296
70.7702
70.8021
70.8249
70.8387
70.8432
69.8497
69.8449
69.8304
69.8064
69.7729
69.7302
69.6784
69.6178
69.5488
69.4712
69.3859
69.2924
69.1918
69.0835
68.968
68.8464
68.7182
68.5831
68.4414
68.2934
68.1395
67.98
67.8151
67.6449
67.4695
67.2888
67.1027
66.9116
66.7156
66.5149
66.31
66.1009
65.8878
65.6706
65.4494
65.2243
64.9954
64.7632
64.528
64.29
64.0493
63.8057
63.5596
63.3106
63.0599
62.8071
62.553
62.297
62.0396
61.7807
61.5213
61.2612
61.0011
60.7402
60.4793
60.2187
59.9591
59.7002
59.4421
59.185
58.93
58.6768
58.4256
58.1763
57.9302
57.687
57.4466
57.2096
56.9768
56.7475
56.5223
56.302
56.0862
55.8751
55.6699
55.4693
55.2751
55.0863
54.904
54.728
54.5586
54.3961
54.2407
54.0924
53.9517
53.8185
53.6931
53.5756
53.4662
53.365
53.2722
53.1879
53.1121
53.045
52.9867
52.9373
52.8967
52.8651
52.8425
52.8289
52.8244
52.8289
52.8425
52.8651
52.8967
52.9373
52.9867
53.045
53.1121
53.1879
53.2722
53.365
53.4662
53.5756
53.6931
53.8185
53.9517
54.0924
54.2407
54.3961
54.5586
54.728
54.904
55.0863
55.2751
55.4693
55.6699
55.8751
56.0862
56.302
56.5223
56.7475
56.9768
57.2096
57.4466
57.687
57.9302
58.1763
58.4256
58.6768
58.93
59.185
59.4421
59.7002
59.9591
60.2187
60.4793
60.7402
61.0011
61.2612
61.5213
61.7807
62.0396
62.297
62.553
62.8071
63.0599
63.3106
63.5596
63.8057
64.0493
64.29
64.528
64.7632
64.9954
65.2243
65.4494
65.6706
65.8878
66.1009
66.31
66.5149
66.7156
66.9116
67.1027
67.2888
67.4695
67.6449
67.8151
67.98
68.1395
68.2934
68.4414
68.5831
68.7182
68.8464
68.968
69.0835
69.1918
69.2924
69.3859
69.4712
69.5488
69.6178
69.6784
69.7302
69.7729
69.8064
69.8304
69.8449
69.8497
68.8645
68.8595
68.8442
68.8188
68.7835
68.7385
68.6842
68.6205
68.5482
68.4671
68.378
68.2805
68.1757
68.0635
67.9433
67.816
67.6823
67.5424
67.3962
67.2438
67.0853
66.9206
66.7499
66.5736
66.3918
66.2048
66.013
65.8162
65.6146
65.4082
65.197
64.9812
64.7609
64.5365
64.3083
64.0765
63.8411
63.6021
63.3595
63.1137
62.8648
62.6135
62.3596
62.1037
61.8449
61.5843
61.3212
61.0569
60.7914
60.5248
60.257
59.9884
59.719
59.4498
59.1808
58.912
58.6431
58.3754
58.1088
57.8438
57.5798
57.3178
57.0581
56.8011
56.5462
56.2943
56.046
55.8012
55.5597
55.3227
55.0901
54.8616
54.6383
54.4204
54.2071
54.0003
53.7987
53.6036
53.4147
53.2325
53.0571
52.8888
52.7278
52.5743
52.4285
52.2905
52.1606
52.0389
51.9256
51.8208
51.7246
51.6372
51.5587
51.4892
51.4288
51.3775
51.3355
51.3027
51.2793
51.2652
51.2605
51.2652
51.2793
51.3027
51.3355
51.3775
51.4288
51.4892
51.5587
51.6372
51.7246
51.8208
51.9256
52.0389
52.1606
52.2905
52.4285
52.5743
52.7278
52.8888
53.0571
53.2325
53.4147
53.6036
53.7987
54.0003
54.2071
54.4204
54.6383
54.8616
55.0901
55.3227
55.5597
55.8012
56.046
56.2943
56.5462
56.8011
57.0581
57.3178
57.5798
57.8438
58.1088
58.3754
58.6431
58.912
59.1808
59.4498
59.719
59.9884
60.257
60.5248
60.7914
61.0569
61.3212
61.5843
61.8449
62.1037
62.3596
62.6135
62.8648
63.1137
63.3595
63.6021
63.8411
64.0765
64.3083
64.5365
64.7609
64.9812
65.197
65.4082
65.6146
65.8162
66.013
66.2048
66.3918
66.5736
66.7499
66.9206
67.0853
67.2438
67.3962
67.5424
67.6823
67.816
67.9433
68.0635
68.1757
68.2805
68.378
68.4671
68.5482
68.6205
68.6842
68.7385
68.7835
68.8188
68.8442
68.8595
68.8645
67.8929
67.8875
67.8713
67.8444
67.8071
67.7595
67.7022
67.6352
67.5592
67.4741
67.3808
67.279
67.169
67.0523
66.9283
66.7969
66.6582
66.5127
66.3605
66.2022
66.0379
65.8677
65.6919
65.5105
65.3233
65.1306
64.9325
64.729
64.5206
64.3075
64.0898
63.8676
63.6411
63.4102
63.175
62.9356
62.6924
62.4457
62.1958
61.9427
61.6866
61.4273
61.1653
60.9005
60.6338
60.3648
60.0942
59.8215
59.5471
59.2714
58.995
58.7179
58.4404
58.1621
57.8838
57.6059
57.3288
57.0523
56.7766
56.5021
56.2298
55.9592
55.6905
55.4242
55.1611
54.9009
54.6437
54.3902
54.141
53.8954
53.6544
53.4185
53.1873
52.9612
52.7413
52.5264
52.3183
52.1159
51.9205
51.7318
51.5502
51.3758
51.2091
51.0501
50.899
50.7561
50.6215
50.4954
50.3779
50.2693
50.1697
50.0791
49.9978
49.9257
49.8631
49.81
49.7664
49.7324
49.7082
49.6936
49.6887
49.6936
49.7082
49.7324
49.7664
49.81
49.8631
49.9257
49.9978
50.0791
50.1697
50.2693
50.3779
50.4954
50.6215
50.7561
50.899
51.0501
51.2091
51.3758
51.5502
51.7318
51.9205
52.1159
52.3183
52.5264
52.7413
52.9612
53.1873
53.4185
53.6544
53.8954
54.141
54.3902
54.6437
54.9009
55.1611
55.4242
55.6905
55.9592
56.2298
56.5021
56.7766
57.0523
57.3288
57.6059
57.8838
58.1621
58.4404
58.7179
58.995
59.2714
59.5471
59.8215
60.0942
60.3648
60.6338
60.9005
61.1653
61.4273
61.6866
61.9427
62.1958
62.4457
62.6924
62.9356
63.175
63.4102
63.6411
63.8676
64.0898
64.3075
64.5206
64.729
64.9325
65.1306
65.3233
65.5105
65.6919
65.8677
66.0379
66.2022
66.3605
66.5127
66.6582
66.7969
66.9283
67.0523
67.169
67.279
67.3808
67.4741
67.5592
67.6352
67.7022
67.7595
67.8071
67.8444
67.8713
67.8875
67.8929
66.9342
66.9283
66.9111
66.8824
66.8429
66.7925
66.732
66.6612
66.5813
66.4921
66.3943
66.2884
66.1737
66.051
65.9212
65.7844
65.6408
65.4906
65.3337
65.1703
65.0005
64.8243
64.6422
64.4542
64.2608
64.062
63.8579
63.6487
63.4343
63.2148
62.9902
62.7608
62.5269
62.2887
62.0464
61.8002
61.55
61.2959
61.038
60.7767
60.5122
60.245
59.9749
59.7025
59.4271
59.1497
58.8697
58.5885
58.3056
58.0216
57.7361
57.4497
57.1627
56.8757
56.5887
56.3017
56.0148
55.7291
55.4445
55.1613
54.8793
54.5994
54.3218
54.0469
53.7743
53.505
53.2393
52.9773
52.7188
52.4652
52.2159
51.9713
51.7322
51.4985
51.2702
51.0484
50.8323
50.6232
50.4206
50.2253
50.0371
49.8566
49.6838
49.5191
49.3626
49.2145
49.0751
48.9444
48.8227
48.7101
48.6069
48.513
48.4287
48.354
48.2891
48.234
48.1889
48.1537
48.1285
48.1134
48.1084
48.1134
48.1285
48.1537
48.1889
48.234
48.2891
48.354
48.4287
48.513
48.6069
48.7101
48.8227
48.9444
49.0751
49.2145
49.3626
49.5191
49.6838
49.8566
50.0371
50.2253
50.4206
50.6232
50.8323
51.0484
51.2702
51.4985
51.7322
51.9713
52.2159
52.4652
52.7188
52.9773
53.2393
53.505
53.7743
54.0469
54.3218
54.5994
54.8793
55.1613
55.4445
55.7291
56.0148
56.3017
56.5887
56.8757
57.1627
57.4497
57.7361
58.0216
58.3056
58.5885
58.8697
59.1497
59.4271
59.7025
59.9749
60.245
60.5122
60.7767
61.038
61.2959
61.55
61.8002
62.0464
62.2887
62.5269
62.7608
62.9902
63.2148
63.4343
63.6487
63.8579
64.062
64.2608
64.4542
64.6422
64.8243
65.0005
65.1703
65.3337
65.4906
65.6408
65.7844
65.9212
66.051
66.1737
66.2884
66.3943
66.4921
66.5813
66.6612
66.732
66.7925
66.8429
66.8824
66.9111
66.9283
66.9342
65.9839
65.9776
65.9592
65.9285
65.8864
65.8327
65.7684
65.6936
65.6092
65.5152
65.412
65.301
65.1822
65.0553
64.9205
64.7782
64.6286
64.4722
64.3093
64.14
63.9645
63.783
63.5955
63.402
63.2026
62.9975
62.7867
62.5706
62.3493
62.123
61.892
61.6561
61.4156
61.1703
60.9205
60.6664
60.4083
60.1464
59.881
59.6121
59.3398
59.0642
58.7856
58.5041
58.2205
57.9344
57.6464
57.356
57.0639
56.7704
56.4761
56.1808
55.8849
55.5882
55.2915
54.9951
54.6995
54.4043
54.11
53.817
53.5261
53.2369
52.9498
52.6652
52.3839
52.1055
51.8305
51.5593
51.2925
51.0297
50.7717
50.519
50.2713
50.0293
49.7935
49.5633
49.3402
49.1233
48.9138
48.7113
48.5166
48.3296
48.1507
47.98
47.8179
47.6645
47.52
47.3847
47.2586
47.142
47.0349
46.9377
46.8503
46.7729
46.7056
46.6486
46.6017
46.5653
46.5392
46.5235
46.5183
46.5235
46.5392
46.5653
46.6017
46.6486
46.7056
46.7729
46.8503
46.9377
47.0349
47.142
47.2586
47.3847
47.52
47.6645
47.8179
47.98
48.1507
48.3296
48.5166
48.7113
48.9138
49.1233
49.3402
49.5633
49.7935
50.0293
50.2713
50.519
50.7717
51.0297
51.2925
51.5593
51.8305
52.1055
52.3839
52.6652
52.9498
53.2369
53.5261
53.817
54.11
54.4043
54.6995
54.9951
55.2915
55.5882
55.8849
56.1808
56.4761
56.7704
57.0639
57.356
57.6464
57.9344
58.2205
58.5041
58.7856
59.0642
59.3398
59.6121
59.881
60.1464
60.4083
60.6664
60.9205
61.1703
61.4156
61.6561
61.892
62.123
62.3493
62.5706
62.7867
62.9975
63.2026
63.402
63.5955
63.783
63.9645
64.14
64.3093
64.4722
64.6286
64.7782
64.9205
65.0553
65.1822
65.301
65.412
65.5152
65.6092
65.6936
65.7684
65.8327
65.8864
65.9285
65.9592
65.9776
65.9839
65.0441
65.0372
65.0174
64.9845
64.9393
64.8819
64.8136
64.7344
64.6451
64.5468
64.4387
64.3215
64.1963
64.0634
63.9232
63.7757
63.6212
63.4597
63.2913
63.1163
62.9347
62.7468
62.5527
62.3528
62.1472
61.936
61.7192
61.497
61.2693
61.0362
60.7979
60.5547
60.3066
60.0541
59.7972
59.5359
59.2703
59.0006
58.7269
58.4495
58.1688
57.885
57.5981
57.3085
57.0157
56.7207
56.4231
56.124
55.8231
55.5206
55.2166
54.9117
54.606
54.3003
53.9942
53.6882
53.3824
53.0776
52.7739
52.4715
52.1704
51.8716
51.5751
51.2812
50.9899
50.7021
50.4179
50.1375
49.8611
49.5897
49.3229
49.061
48.805
48.5546
48.3101
48.0725
47.8409
47.6168
47.3997
47.1902
46.9885
46.7948
46.6095
46.4328
46.2649
46.106
45.9563
45.816
45.6854
45.5646
45.4537
45.3529
45.2623
45.1822
45.1124
45.0533
45.0048
44.967
44.9399
44.9237
44.9183
44.9237
44.9399
44.967
45.0048
45.0533
45.1124
45.1822
45.2623
45.3529
45.4537
45.5646
45.6854
45.816
45.9563
46.106
46.2649
46.4328
46.6095
46.7948
46.9885
47.1902
47.3997
47.6168
47.8409
48.0725
48.3101
48.5546
48.805
49.061
49.3229
49.5897
49.8611
50.1375
50.4179
50.7021
50.9899
51.2812
51.5751
51.8716
52.1704
52.4715
52.7739
53.0776
53.3824
53.6882
53.9942
54.3003
54.606
54.9117
55.2166
55.5206
55.8231
56.124
56.4231
56.7207
57.0157
57.3085
57.5981
57.885
58.1688
58.4495
58.7269
59.0006
59.2703
59.5359
59.7972
60.0541
60.3066
60.5547
60.7979
61.0362
61.2693
61.497
61.7192
61.936
62.1472
62.3528
62.5527
62.7468
62.9347
63.1163
63.2913
63.4597
63.6212
63.7757
63.9232
64.0634
64.1963
64.3215
64.4387
64.5468
64.6451
64.7344
64.8136
64.8819
64.9393
64.9845
65.0174
65.0372
65.0441
64.1165
64.1091
64.0875
64.0517
64.0028
63.9411
63.8678
63.7833
63.688
63.5838
63.4708
63.349
63.2186
63.0801
62.9338
62.7801
62.6191
62.4513
62.2769
62.096
61.9088
61.7152
61.5155
61.3096
61.0976
60.8797
60.656
60.4268
60.1922
59.9523
59.7074
59.4574
59.2023
58.9423
58.6775
58.4082
58.1346
57.857
57.5755
57.2901
57.0011
56.7084
56.4126
56.1138
55.8125
55.5085
55.2022
54.8934
54.5829
54.2707
53.9575
53.6431
53.3279
53.0119
52.6959
52.38
52.0647
51.7498
51.4359
51.1234
50.8128
50.504
50.1974
49.8935
49.5928
49.2952
49.0011
48.7112
48.4257
48.1446
47.8686
47.598
47.3328
47.0736
46.821
46.5745
46.3353
46.103
45.8784
45.6614
45.4525
45.252
45.0601
44.8771
44.7031
44.5385
44.3835
44.2382
44.1028
43.9776
43.8627
43.7583
43.6645
43.5814
43.5091
43.4478
43.3975
43.3584
43.3303
43.3135
43.3079
43.3135
43.3303
43.3584
43.3975
43.4478
43.5091
43.5814
43.6645
43.7583
43.8627
43.9776
44.1028
44.2382
44.3835
44.5385
44.7031
44.8771
45.0601
45.252
45.4525
45.6614
45.8784
46.103
46.3353
46.5745
46.821
47.0736
47.3328
47.598
47.8686
48.1446
48.4257
48.7112
49.0011
49.2952
49.5928
49.8935
50.1974
50.504
50.8128
51.1234
51.4359
51.7498
52.0647
52.38
52.6959
53.0119
53.3279
53.6431
53.9575
54.2707
54.5829
54.8934
55.2022
55.5085
55.8125
56.1138
56.4126
56.7084
57.0011
57.2901
57.5755
57.857
58.1346
58.4082
58.6775
58.9423
59.2023
59.4574
59.7074
59.9523
60.1922
60.4268
60.656
60.8797
61.0976
61.3096
61.5155
61.7152
61.9088
62.096
62.2769
62.4513
62.6191
62.7801
62.9338
63.0801
63.2186
63.349
63.4708
63.5838
63.688
63.7833
63.8678
63.9411
64.0028
64.0517
64.0875
64.1091
64.1165
63.2035
63.1954
63.1716
63.1325
63.0792
63.0127
62.9339
62.8444
62.7437
62.6327
62.5127
62.384
62.2474
62.1029
61.951
61.7917
61.6252
61.4517
61.2713
61.0842
60.8904
60.6903
60.484
60.2716
60.0533
59.8291
59.5992
59.3635
59.1221
58.8751
58.6227
58.3651
58.1025
57.835
57.5628
57.2859
57.0045
56.7186
56.4285
56.1344
55.8367
55.5356
55.2311
54.9235
54.6126
54.2992
53.9832
53.6652
53.3452
53.0235
52.7001
52.3756
52.0503
51.7246
51.3985
51.0724
50.7465
50.4215
50.0975
49.7748
49.4536
49.1345
48.8179
48.5039
48.1927
47.8851
47.5813
47.2814
46.9858
46.6954
46.4098
46.1296
45.8554
45.5873
45.3254
45.0708
44.8228
44.5825
44.3498
44.1252
43.9089
43.7013
43.5025
43.3129
43.1327
42.9622
42.8016
42.651
42.5108
42.3811
42.262
42.1538
42.0565
41.9704
41.8955
41.832
41.7799
41.7393
41.7102
41.6928
41.687
41.6928
41.7102
41.7393
41.7799
41.832
41.8955
41.9704
42.0565
42.1538
42.262
42.3811
42.5108
42.651
42.8016
42.9622
43.1327
43.3129
43.5025
43.7013
43.9089
44.1252
44.3498
44.5825
44.8228
45.0708
45.3254
45.5873
45.8554
46.1296
46.4098
46.6954
46.9858
47.2814
47.5813
47.8851
48.1927
48.5039
48.8179
49.1345
49.4536
49.7748
50.0975
50.4215
50.7465
51.0724
51.3985
51.7246
52.0503
52.3756
52.7001
53.0235
53.3452
53.6652
53.9832
54.2992
54.6126
54.9235
55.2311
55.5356
55.8367
56.1344
56.4285
56.7186
57.0045
57.2859
57.5628
57.835
58.1025
58.3651
58.6227
58.8751
59.1221
59.3635
59.5992
59.8291
60.0533
60.2716
60.484
60.6903
60.8904
61.0842
61.2713
61.4517
61.6252
61.7917
61.951
62.1029
62.2474
62.384
62.5127
62.6327
62.7437
62.8444
62.9339
63.0127
63.0792
63.1325
63.1716
63.1954
63.2035
62.3108
62.3017
62.2748
62.2313
62.1724
62.0996
62.0135
61.9167
61.8097
61.693
61.5671
61.4323
61.2892
61.1382
60.9795
60.8135
60.6404
60.4605
60.2739
60.0807
59.881
59.6749
59.4624
59.2436
59.0186
58.7875
58.5505
58.3077
58.0593
57.8053
57.5459
57.2811
57.011
56.7357
56.4554
56.1702
55.8805
55.5864
55.2881
54.9855
54.679
54.3686
54.0548
53.7377
53.4178
53.0948
52.7694
52.4413
52.1111
51.7792
51.4459
51.1113
50.7758
50.4393
50.1027
49.7661
49.43
49.0942
48.7594
48.426
48.0944
47.7647
47.4372
47.1126
46.7912
46.473
46.1587
45.8486
45.5431
45.2423
44.9469
44.6571
44.3732
44.0956
43.8249
43.5608
43.3044
43.0554
42.8145
42.5819
42.3579
42.1428
41.9369
41.7405
41.5538
41.3771
41.2106
41.0546
40.9093
40.7748
40.6514
40.5393
40.4385
40.3492
40.2716
40.2057
40.1517
40.1096
40.0795
40.0614
40.0554
40.0614
40.0795
40.1096
40.1517
40.2057
40.2716
40.3492
40.4385
40.5393
40.6514
40.7748
40.9093
41.0546
41.2106
41.3771
41.5538
41.7405
41.9369
42.1428
42.3579
42.5819
42.8145
43.0554
43.3044
43.5608
43.8249
44.0956
44.3732
44.6571
44.9469
45.2423
45.5431
45.8486
46.1587
46.473
46.7912
47.1126
47.4372
47.7647
48.0944
48.426
48.7594
49.0942
49.43
49.7661
50.1027
50.4393
50.7758
51.1113
51.4459
51.7792
52.1111
52.4413
52.7694
53.0948
53.4178
53.7377
54.0548
54.3686
54.679
54.9855
55.2881
55.5864
55.8805
56.1702
56.4554
56.7357
57.011
57.2811
57.5459
57.8053
58.0593
58.3077
58.5505
58.7875
59.0186
59.2436
59.4624
59.6749
59.881
60.0807
60.2739
60.4605
60.6404
60.8135
60.9795
61.1382
61.2892
61.4323
61.5671
61.693
61.8097
61.9167
62.0135
62.0996
62.1724
62.2313
62.2748
62.3017
62.3108
61.4326
61.4222
61.3915
61.3425
61.277
61.1977
61.1049
61.0001
60.8849
60.7601
60.6265
60.4847
60.3349
60.1775
60.0127
59.8406
59.6614
59.4753
59.2822
59.0825
58.8761
58.6633
58.4442
58.2188
57.9874
57.7498
57.5062
57.2565
57.001
56.7396
56.4726
56.2001
55.9223
55.6393
55.3512
55.0581
54.7601
54.4573
54.1501
53.8386
53.5231
53.2038
52.8807
52.5543
52.2244
51.8916
51.556
51.2182
50.878
50.5358
50.1919
49.8467
49.5004
49.1536
48.8062
48.4587
48.1114
47.7649
47.4193
47.075
46.7321
46.3915
46.0533
45.7178
45.3853
45.0565
44.7316
44.4108
44.0947
43.7837
43.478
43.1781
42.8844
42.5971
42.3166
42.0436
41.7778
41.5202
41.2707
41.0298
40.7978
40.575
40.3617
40.1582
39.9648
39.7817
39.6093
39.4476
39.297
39.1576
39.0297
38.9134
38.8089
38.7164
38.6359
38.5677
38.5117
38.468
38.4368
38.4181
38.4118
38.4181
38.4368
38.468
38.5117
38.5677
38.6359
38.7164
38.8089
38.9134
39.0297
39.1576
39.297
39.4476
39.6093
39.7817
39.9648
40.1582
40.3617
40.575
40.7978
41.0298
41.2707
41.5202
41.7778
42.0436
42.3166
42.5971
42.8844
43.1781
43.478
43.7837
44.0947
44.4108
44.7316
45.0565
45.3853
45.7178
46.0533
46.3915
46.7321
47.075
47.4193
47.7649
48.1114
48.4587
48.8062
49.1536
49.5004
49.8467
50.1919
50.5358
50.878
51.2182
51.556
51.8916
52.2244
52.5543
52.8807
53.2038
53.5231
53.8386
54.1501
54.4573
54.7601
55.0581
55.3512
55.6393
55.9223
56.2001
56.4726
56.7396
57.001
57.2565
57.5062
57.7498
57.9874
58.2188
58.4442
58.6633
58.8761
59.0825
59.2822
59.4753
59.6614
59.8406
60.0127
60.1775
60.3349
60.4847
60.6265
60.7601
60.8849
61.0001
61.1049
61.1977
61.277
61.3425
61.3915
61.4222
61.4326
60.5737
60.5611
60.5245
60.4675
60.3923
60.3029
60.2013
60.0886
59.9658
59.8336
59.6927
59.5436
59.3865
59.222
59.0501
58.8711
58.6853
58.4926
58.2933
58.0873
57.8748
57.6557
57.4301
57.1981
56.9598
56.7152
56.4645
56.2078
55.9451
55.6766
55.4023
55.1224
54.8368
54.5457
54.2493
53.9478
53.6413
53.3301
53.0142
52.6939
52.3692
52.0403
51.7077
51.3715
51.032
50.6893
50.3437
49.9953
49.6446
49.2919
48.9375
48.5816
48.2245
47.8664
47.508
47.1495
46.7912
46.4333
46.0763
45.7207
45.3668
45.0149
44.6653
44.3185
43.9751
43.635
43.299
42.9674
42.6405
42.3187
42.0025
41.6923
41.3882
41.091
40.8008
40.5179
40.243
39.9761
39.7178
39.4683
39.2281
38.9973
38.7764
38.5656
38.3652
38.1755
37.9968
37.8292
37.6732
37.5287
37.3962
37.2756
37.1673
37.0714
36.988
36.9172
36.8592
36.8139
36.7816
36.7621
36.7556
36.7621
36.7816
36.8139
36.8592
36.9172
36.988
37.0714
37.1673
37.2756
37.3962
37.5287
37.6732
37.8292
37.9968
38.1755
38.3652
38.5656
38.7764
38.9973
39.2281
39.4683
39.7178
39.9761
40.243
40.5179
40.8008
41.091
41.3882
41.6923
42.0025
42.3187
42.6405
42.9674
43.299
43.635
43.9751
44.3185
44.6653
45.0149
45.3668
45.7207
46.0763
46.4333
46.7912
47.1495
47.508
47.8664
48.2245
48.5816
48.9375
49.2919
49.6446
49.9953
50.3437
50.6893
51.032
51.3715
51.7077
52.0403
52.3692
52.6939
53.0142
53.3301
53.6413
53.9478
54.2493
54.5457
54.8368
55.1224
55.4023
55.6766
55.9451
56.2078
56.4645
56.7152
56.9598
57.1981
57.4301
57.6557
57.8748
58.0873
58.2933
58.4926
58.6853
58.8711
59.0501
59.222
59.3865
59.5436
59.6927
59.8336
59.9658
60.0886
60.2013
60.3029
60.3923
60.4675
60.5245
60.5611
60.5737
59.74
59.7238
59.6786
59.6116
59.5263
59.426
59.3134
59.1903
59.0578
58.9167
58.7676
58.6108
58.4466
58.2751
58.0966
57.9111
57.7187
57.5195
57.3135
57.1009
56.8816
56.6558
56.4236
56.185
55.94
55.6887
55.4311
55.1673
54.8973
54.6213
54.3393
54.0515
53.758
53.4589
53.1544
52.8445
52.5294
52.2093
51.8843
51.5546
51.2206
50.8824
50.5401
50.194
49.8442
49.4912
49.135
48.7763
48.4149
48.0514
47.6858
47.3187
46.9504
46.5813
46.2114
45.8413
45.4713
45.102
44.7334
44.3661
44.0004
43.6368
43.2756
42.9173
42.5621
42.2106
41.8632
41.5202
41.182
40.8492
40.522
40.2009
39.8864
39.5786
39.2781
38.9855
38.7006
38.4244
38.1568
37.8985
37.6496
37.4105
37.1816
36.9632
36.7555
36.559
36.3737
36.2001
36.0383
35.8886
35.7512
35.6262
35.514
35.4145
35.328
35.2546
35.1944
35.1475
35.114
35.0938
35.0871
35.0938
35.114
35.1475
35.1944
35.2546
35.328
35.4145
35.514
35.6262
35.7512
35.8886
36.0383
36.2001
36.3737
36.559
36.7555
36.9632
37.1816
37.4105
37.6496
37.8985
38.1568
38.4244
38.7006
38.9855
39.2781
39.5786
39.8864
40.2009
40.522
40.8492
41.182
41.5202
41.8632
42.2106
42.5621
42.9173
43.2756
43.6368
44.0004
44.3661
44.7334
45.102
45.4713
45.8413
46.2114
46.5813
46.9504
47.3187
47.6858
48.0514
48.4149
48.7763
49.135
49.4912
49.8442
50.194
50.5401
50.8824
51.2206
51.5546
51.8843
52.2093
52.5294
52.8445
53.1544
53.4589
53.758
54.0515
54.3393
54.6213
54.8973
55.1673
55.4311
55.6887
55.94
56.185
56.4236
56.6558
56.8816
57.1009
57.3135
57.5195
57.7187
57.9111
58.0966
58.2751
58.4466
58.6108
58.7676
58.9167
59.0578
59.1903
59.3134
59.426
59.5263
59.6116
59.6786
59.7238
59.74
58.9439
58.9193
58.8585
58.7744
58.6739
58.5604
58.4362
58.3027
58.1606
58.0106
57.8531
57.6882
57.5162
57.3373
57.1516
56.9591
56.7599
56.554
56.3416
56.1225
55.8968
55.6645
55.4256
55.1801
54.9282
54.6698
54.4051
54.134
53.8567
53.5732
53.2836
52.988
52.6865
52.3791
52.0661
51.7475
51.4236
51.0946
50.7605
50.4215
50.0778
49.7296
49.3773
49.021
48.661
48.2974
47.9307
47.5608
47.1884
46.8136
46.4369
46.0584
45.6785
45.2975
44.9159
44.534
44.1522
43.7707
43.3901
43.0107
42.633
42.2573
41.8839
41.5135
41.1464
40.783
40.4236
40.0689
39.7191
39.3747
39.0362
38.7039
38.3782
38.0597
37.7487
37.4454
37.1506
36.8644
36.5873
36.3196
36.0618
35.8141
35.5769
35.3506
35.1354
34.9316
34.7396
34.5596
34.3919
34.2367
34.0942
33.9647
33.8482
33.7451
33.6554
33.5793
33.5169
33.4682
33.4334
33.4125
33.4056
33.4125
33.4334
33.4682
33.5169
33.5793
33.6554
33.7451
33.8482
33.9647
34.0942
34.2367
34.3919
34.5596
34.7396
34.9316
35.1354
35.3506
35.5769
35.8141
36.0618
36.3196
36.5873
36.8644
37.1506
37.4454
37.7487
38.0597
38.3782
38.7039
39.0362
39.3747
39.7191
40.0689
40.4236
40.783
41.1464
41.5135
41.8839
42.2573
42.633
43.0107
43.3901
43.7707
44.1522
44.534
44.9159
45.2975
45.6785
46.0584
46.4369
46.8136
47.1884
47.5608
47.9307
48.2974
48.661
49.021
49.3773
49.7296
50.0778
50.4215
50.7605
51.0946
51.4236
51.7475
52.0661
52.3791
52.6865
52.988
53.2836
53.5732
53.8567
54.134
54.4051
54.6698
54.9282
55.1801
55.4256
55.6645
55.8968
56.1225
56.3416
56.554
56.7599
56.9591
57.1516
57.3373
57.5162
57.6882
57.8531
58.0106
58.1606
58.3027
58.4362
58.5604
58.6739
58.7744
58.8585
58.9193
58.9439
58.1926
58.1461
58.0606
57.9545
57.8352
57.7058
57.5679
57.4223
57.2696
57.11
56.9436
56.7707
56.5911
56.4049
56.2122
56.0129
55.8069
55.5944
55.3753
55.1495
54.9171
54.6781
54.4325
54.1803
53.9216
53.6563
53.3844
53.1061
52.8213
52.5302
52.2328
51.9292
51.6195
51.3039
50.9823
50.6551
50.3222
49.984
49.6404
49.2918
48.9384
48.5803
48.2178
47.8511
47.4803
47.106
46.7282
46.3473
45.9636
45.5774
45.1889
44.7986
44.4068
44.0139
43.6201
43.226
42.8318
42.438
42.045
41.6532
41.2629
40.8747
40.489
40.1061
39.7265
39.3507
38.9792
38.6122
38.2503
37.8941
37.5437
37.1998
36.8627
36.533
36.2109
35.897
35.5916
35.2952
35.0081
34.7309
34.4637
34.207
33.9612
33.7267
33.5036
33.2924
33.0934
32.9068
32.7329
32.572
32.4242
32.2899
32.1692
32.0622
31.9692
31.8903
31.8255
31.7751
31.739
31.7173
31.7101
31.7173
31.739
31.7751
31.8255
31.8903
31.9692
32.0622
32.1692
32.2899
32.4242
32.572
32.7329
32.9068
33.0934
33.2924
33.5036
33.7267
33.9612
34.207
34.4637
34.7309
35.0081
35.2952
35.5916
35.897
36.2109
36.533
36.8627
37.1998
37.5437
37.8941
38.2503
38.6122
38.9792
39.3507
39.7265
40.1061
40.489
40.8747
41.2629
41.6532
42.045
42.438
42.8318
43.226
43.6201
44.0139
44.4068
44.7986
45.1889
45.5774
45.9636
46.3473
46.7282
47.106
47.4803
47.8511
48.2178
48.5803
48.9384
49.2918
49.6404
49.984
50.3222
50.6551
50.9823
51.3039
51.6195
51.9292
52.2328
52.5302
52.8213
53.1061
53.3844
53.6563
53.9216
54.1803
54.4325
54.6781
54.9171
55.1495
55.3753
55.5944
55.8069
56.0129
56.2122
56.4049
56.5911
56.7707
56.9436
57.11
57.2696
57.4223
57.5679
57.7058
57.8352
57.9545
58.0606
58.1461
58.1926
57.5375
57.4118
57.2812
57.1454
57.0042
56.8577
56.7057
56.548
56.3846
56.2154
56.0402
55.859
55.6716
55.478
55.2782
55.0719
54.8593
54.6401
54.4144
54.1821
53.9431
53.6975
53.4452
53.1862
52.9205
52.6482
52.3692
52.0835
51.7913
51.4925
51.1873
50.8756
50.5577
50.2336
49.9034
49.5673
49.2253
48.8778
48.5247
48.1663
47.8029
47.4346
47.0616
46.6843
46.3027
45.9173
45.5283
45.1359
44.7406
44.3425
43.9422
43.5398
43.1357
42.7304
42.3242
41.9175
41.5106
41.1041
40.6982
40.2935
39.8904
39.4893
39.0906
38.6949
38.3025
37.9139
37.5296
37.1501
36.7757
36.4071
36.0445
35.6886
35.3396
34.9982
34.6647
34.3396
34.0234
33.7163
33.419
33.1317
32.8549
32.5889
32.3342
32.0911
31.8599
31.6409
31.4346
31.2411
31.0608
30.8939
30.7407
30.6014
30.4762
30.3653
30.2688
30.1869
30.1198
30.0674
30.03
30.0075
30
30.0075
30.03
30.0674
30.1198
30.1869
30.2688
30.3653
30.4762
30.6014
30.7407
30.8939
31.0608
31.2411
31.4346
31.6409
31.8599
32.0911
32.3342
32.5889
32.8549
33.1317
33.419
33.7163
34.0234
34.3396
34.6647
34.9982
35.3396
35.6886
36.0445
36.4071
36.7757
37.1501
37.5296
37.9139
38.3025
38.6949
39.0906
39.4893
39.8904
40.2935
40.6982
41.1041
41.5106
41.9175
42.3242
42.7304
43.1357
43.5398
43.9422
44.3425
44.7406
45.1359
45.5283
45.9173
46.3027
46.6843
47.0616
47.4346
47.8029
48.1663
48.5247
48.8778
49.2253
49.5673
49.9034
50.2336
50.5577
50.8756
51.1873
51.4925
51.7913
52.0835
52.3692
52.6482
52.9205
53.1862
53.4452
53.6975
53.9431
54.1821
54.4144
54.6401
54.8593
55.0719
55.2782
55.478
55.6716
55.859
56.0402
56.2154
56.3846
56.548
56.7057
56.8577
57.0042
57.1454
57.2812
57.4118
57.5375
