120
120
120
120
120
120
120
120
120
120
120
120
120
120
120
120
120
120
120
120
120
120
120
120
120
120
120
120
120
120
120
120
120
120
120
120
120
120
120
120
120
120
120
120
120
120
120
120
120
120
120
120
120
120
120
120
120
120
120
120
120
120
120
120
120
120
120
120
120
120
120
120
120
120
120
120
120
120
120
120
120
120
120
120
120
120
120
120
120
120
120
120
120
120
120
120
120
120
120
120
120
120
120
120
120
120
120
120
120
120
120
120
120
120
120
120
120
120
120
120
120
120
120
120
120
120
120
120
120
120
120
120
120
120
120
120
120
120
120
120
120
120
120
120
120
120
120
120
120
120
120
120
120
120
120
120
120
120
120
120
120
120
120
120
120
120
120
120
120
120
120
120
120
120
120
120
120
120
120
120
120
120
120
120
120
120
120
120
120
120
120
120
120
120
120
120
120
120
120
120
120
118.696
118.698
118.696
118.697
118.696
118.696
118.695
118.695
118.694
118.693
118.692
118.691
118.69
118.689
118.688
118.687
118.685
118.684
118.683
118.681
118.68
118.678
118.677
118.675
118.674
118.672
118.67
118.669
118.667
118.665
118.663
118.661
118.659
118.657
118.655
118.653
118.651
118.649
118.647
118.645
118.643
118.641
118.639
118.636
118.634
118.632
118.629
118.627
118.625
118.622
118.62
118.618
118.615
118.613
118.611
118.608
118.606
118.603
118.601
118.599
118.596
118.594
118.592
118.589
118.587
118.585
118.582
118.58
118.578
118.576
118.574
118.572
118.57
118.568
118.566
118.564
118.562
118.56
118.558
118.557
118.555
118.554
118.552
118.551
118.549
118.548
118.547
118.546
118.545
118.544
118.543
118.542
118.541
118.541
118.54
118.54
118.539
118.539
118.539
118.539
118.539
118.539
118.539
118.539
118.539
118.54
118.54
118.541
118.541
118.542
118.543
118.544
118.545
118.546
118.547
118.548
118.549
118.551
118.552
118.554
118.555
118.557
118.558
118.56
118.562
118.564
118.566
118.568
118.57
118.572
118.574
118.576
118.578
118.58
118.582
118.585
118.587
118.589
118.592
118.594
118.596
118.599
118.601
118.603
118.606
118.608
118.611
118.613
118.615
118.618
118.62
118.622
118.625
118.627
118.629
118.632
118.634
118.636
118.639
118.641
118.643
118.645
118.647
118.649
118.651
118.653
118.655
118.657
118.659
118.661
118.663
118.665
118.667
118.669
118.67
118.672
118.674
118.675
118.677
118.678
118.68
118.681
118.683
118.684
118.685
118.687
118.688
118.689
118.69
118.691
118.692
118.693
118.694
118.695
118.695
118.696
118.696
118.697
118.696
118.698
118.696
117.46
117.455
117.459
117.455
117.457
117.453
117.455
117.45
117.451
117.447
117.446
117.442
117.441
117.437
117.435
117.432
117.429
117.426
117.422
117.419
117.415
117.412
117.408
117.404
117.4
117.396
117.392
117.388
117.383
117.379
117.374
117.37
117.365
117.36
117.355
117.35
117.345
117.34
117.335
117.33
117.324
117.319
117.314
117.308
117.303
117.297
117.291
117.286
117.28
117.274
117.268
117.262
117.256
117.251
117.245
117.239
117.233
117.227
117.221
117.215
117.21
117.204
117.198
117.192
117.187
117.181
117.176
117.17
117.165
117.159
117.154
117.149
117.144
117.139
117.135
117.13
117.125
117.121
117.117
117.113
117.109
117.105
117.101
117.098
117.094
117.091
117.088
117.086
117.083
117.081
117.078
117.076
117.075
117.073
117.072
117.071
117.07
117.069
117.068
117.068
117.068
117.068
117.068
117.069
117.07
117.071
117.072
117.073
117.075
117.076
117.078
117.081
117.083
117.086
117.088
117.091
117.094
117.098
117.101
117.105
117.109
117.113
117.117
117.121
117.125
117.13
117.135
117.139
117.144
117.149
117.154
117.159
117.165
117.17
117.176
117.181
117.187
117.192
117.198
117.204
117.21
117.215
117.221
117.227
117.233
117.239
117.245
117.251
117.256
117.262
117.268
117.274
117.28
117.286
117.291
117.297
117.303
117.308
117.314
117.319
117.324
117.33
117.335
117.34
117.345
117.35
117.355
117.36
117.365
117.37
117.374
117.379
117.383
117.388
117.392
117.396
117.4
117.404
117.408
117.412
117.415
117.419
117.422
117.426
117.429
117.432
117.435
117.437
117.441
117.442
117.446
117.447
117.451
117.45
117.455
117.453
117.457
117.455
117.459
117.455
117.46
116.315
116.324
116.315
116.322
116.312
116.318
116.308
116.312
116.303
116.305
116.296
116.296
116.288
116.285
116.278
116.274
116.267
116.261
116.255
116.248
116.241
116.234
116.227
116.22
116.212
116.205
116.197
116.189
116.18
116.172
116.163
116.155
116.146
116.137
116.127
116.118
116.108
116.099
116.089
116.079
116.069
116.059
116.048
116.038
116.027
116.017
116.006
115.995
115.984
115.973
115.962
115.951
115.94
115.929
115.918
115.906
115.895
115.884
115.873
115.862
115.851
115.84
115.829
115.818
115.808
115.797
115.787
115.776
115.766
115.756
115.746
115.737
115.727
115.718
115.709
115.7
115.692
115.683
115.675
115.667
115.66
115.653
115.646
115.639
115.633
115.627
115.622
115.616
115.612
115.607
115.603
115.599
115.596
115.593
115.59
115.588
115.586
115.585
115.584
115.583
115.583
115.583
115.584
115.585
115.586
115.588
115.59
115.593
115.596
115.599
115.603
115.607
115.612
115.616
115.622
115.627
115.633
115.639
115.646
115.653
115.66
115.667
115.675
115.683
115.692
115.7
115.709
115.718
115.727
115.737
115.746
115.756
115.766
115.776
115.787
115.797
115.808
115.818
115.829
115.84
115.851
115.862
115.873
115.884
115.895
115.906
115.918
115.929
115.94
115.951
115.962
115.973
115.984
115.995
116.006
116.017
116.027
116.038
116.048
116.059
116.069
116.079
116.089
116.099
116.108
116.118
116.127
116.137
116.146
116.155
116.163
116.172
116.18
116.189
116.197
116.205
116.212
116.22
116.227
116.234
116.241
116.248
116.255
116.261
116.267
116.274
116.278
116.285
116.288
116.296
116.296
116.305
116.303
116.312
116.308
116.318
116.312
116.322
116.315
116.324
116.315
115.281
115.263
115.28
115.26
115.275
115.256
115.267
115.249
115.257
115.239
115.244
115.228
115.228
115.214
115.21
115.198
115.191
115.179
115.17
115.159
115.149
115.137
115.126
115.114
115.101
115.089
115.076
115.063
115.05
115.036
115.022
115.008
114.993
114.979
114.964
114.949
114.933
114.918
114.902
114.885
114.869
114.853
114.836
114.819
114.802
114.785
114.767
114.75
114.732
114.715
114.697
114.679
114.661
114.643
114.625
114.607
114.589
114.571
114.554
114.536
114.518
114.5
114.483
114.466
114.448
114.431
114.415
114.398
114.382
114.366
114.35
114.334
114.319
114.304
114.29
114.276
114.262
114.249
114.236
114.223
114.211
114.2
114.189
114.178
114.168
114.159
114.15
114.141
114.133
114.126
114.12
114.114
114.108
114.103
114.099
114.096
114.093
114.091
114.089
114.088
114.088
114.088
114.089
114.091
114.093
114.096
114.099
114.103
114.108
114.114
114.12
114.126
114.133
114.141
114.15
114.159
114.168
114.178
114.189
114.2
114.211
114.223
114.236
114.249
114.262
114.276
114.29
114.304
114.319
114.334
114.35
114.366
114.382
114.398
114.415
114.431
114.448
114.466
114.483
114.5
114.518
114.536
114.554
114.571
114.589
114.607
114.625
114.643
114.661
114.679
114.697
114.715
114.732
114.75
114.767
114.785
114.802
114.819
114.836
114.853
114.869
114.885
114.902
114.918
114.933
114.949
114.964
114.979
114.993
115.008
115.022
115.036
115.05
115.063
115.076
115.089
115.101
115.114
115.126
115.137
115.149
115.159
115.17
115.179
115.191
115.198
115.21
115.214
115.228
115.228
115.244
115.239
115.257
115.249
115.267
115.256
115.275
115.26
115.28
115.263
115.281
114.227
114.256
114.226
114.252
114.221
114.244
114.213
114.232
114.202
114.217
114.188
114.197
114.171
114.175
114.151
114.149
114.129
114.121
114.103
114.091
114.074
114.059
114.042
114.026
114.008
113.991
113.973
113.955
113.936
113.917
113.897
113.877
113.857
113.836
113.815
113.794
113.772
113.75
113.728
113.706
113.683
113.66
113.636
113.613
113.589
113.565
113.541
113.516
113.492
113.467
113.442
113.417
113.392
113.367
113.342
113.317
113.292
113.267
113.242
113.218
113.193
113.168
113.144
113.12
113.096
113.072
113.049
113.026
113.003
112.981
112.959
112.937
112.916
112.896
112.875
112.856
112.837
112.818
112.8
112.783
112.766
112.75
112.735
112.72
112.706
112.693
112.681
112.669
112.659
112.649
112.639
112.631
112.623
112.617
112.611
112.606
112.602
112.599
112.597
112.595
112.595
112.595
112.597
112.599
112.602
112.606
112.611
112.617
112.623
112.631
112.639
112.649
112.659
112.669
112.681
112.693
112.706
112.72
112.735
112.75
112.766
112.783
112.8
112.818
112.837
112.856
112.875
112.896
112.916
112.937
112.959
112.981
113.003
113.026
113.049
113.072
113.096
113.12
113.144
113.168
113.193
113.218
113.242
113.267
113.292
113.317
113.342
113.367
113.392
113.417
113.442
113.467
113.492
113.516
113.541
113.565
113.589
113.613
113.636
113.66
113.683
113.706
113.728
113.75
113.772
113.794
113.815
113.836
113.857
113.877
113.897
113.917
113.936
113.955
113.973
113.991
114.008
114.026
114.042
114.059
114.074
114.091
114.103
114.121
114.129
114.149
114.151
114.175
114.171
114.197
114.188
114.217
114.202
114.232
114.213
114.244
114.221
114.252
114.226
114.256
114.227
113.166
113.129
113.164
113.125
113.157
113.117
113.146
113.105
113.131
113.09
113.111
113.071
113.087
113.049
113.058
113.024
113.025
112.995
112.988
112.963
112.949
112.926
112.908
112.886
112.866
112.843
112.821
112.798
112.775
112.751
112.727
112.702
112.677
112.651
112.625
112.598
112.571
112.544
112.516
112.488
112.46
112.431
112.402
112.373
112.344
112.314
112.284
112.254
112.223
112.193
112.162
112.131
112.1
112.069
112.038
112.008
111.977
111.946
111.915
111.885
111.854
111.824
111.794
111.764
111.735
111.705
111.677
111.648
111.62
111.593
111.566
111.539
111.513
111.488
111.463
111.439
111.415
111.393
111.371
111.349
111.329
111.309
111.29
111.272
111.255
111.239
111.224
111.21
111.196
111.184
111.173
111.163
111.153
111.145
111.138
111.132
111.127
111.123
111.121
111.119
111.118
111.119
111.121
111.123
111.127
111.132
111.138
111.145
111.153
111.163
111.173
111.184
111.196
111.21
111.224
111.239
111.255
111.272
111.29
111.309
111.329
111.349
111.371
111.393
111.415
111.439
111.463
111.488
111.513
111.539
111.566
111.593
111.62
111.648
111.677
111.705
111.735
111.764
111.794
111.824
111.854
111.885
111.915
111.946
111.977
112.008
112.038
112.069
112.1
112.131
112.162
112.193
112.223
112.254
112.284
112.314
112.344
112.373
112.402
112.431
112.46
112.488
112.516
112.544
112.571
112.598
112.625
112.651
112.677
112.702
112.727
112.751
112.775
112.798
112.821
112.843
112.866
112.886
112.908
112.926
112.949
112.963
112.988
112.995
113.025
113.024
113.058
113.049
113.087
113.071
113.111
113.09
113.131
113.105
113.146
113.117
113.157
113.125
113.164
113.129
113.166
111.965
111.996
111.962
111.992
111.955
111.984
111.942
111.971
111.926
111.953
111.905
111.93
111.881
111.902
111.853
111.868
111.823
111.829
111.789
111.786
111.751
111.739
111.709
111.69
111.663
111.638
111.612
111.586
111.559
111.531
111.503
111.474
111.445
111.415
111.385
111.354
111.323
111.292
111.26
111.227
111.195
111.162
111.128
111.094
111.06
111.026
110.992
110.957
110.922
110.887
110.851
110.816
110.781
110.745
110.71
110.674
110.639
110.603
110.568
110.533
110.498
110.464
110.429
110.395
110.361
110.328
110.295
110.263
110.231
110.199
110.168
110.138
110.108
110.079
110.051
110.023
109.996
109.97
109.945
109.921
109.898
109.875
109.854
109.833
109.814
109.795
109.778
109.762
109.747
109.733
109.72
109.708
109.698
109.688
109.68
109.673
109.668
109.663
109.66
109.658
109.658
109.658
109.66
109.663
109.668
109.673
109.68
109.688
109.698
109.708
109.72
109.733
109.747
109.762
109.778
109.795
109.814
109.833
109.854
109.875
109.898
109.921
109.945
109.97
109.996
110.023
110.051
110.079
110.108
110.138
110.168
110.199
110.231
110.263
110.295
110.328
110.361
110.395
110.429
110.464
110.498
110.533
110.568
110.603
110.639
110.674
110.71
110.745
110.781
110.816
110.851
110.887
110.922
110.957
110.992
111.026
111.06
111.094
111.128
111.162
111.195
111.227
111.26
111.292
111.323
111.354
111.385
111.415
111.445
111.474
111.503
111.531
111.559
111.586
111.612
111.638
111.663
111.69
111.709
111.739
111.751
111.786
111.789
111.829
111.823
111.868
111.853
111.902
111.881
111.93
111.905
111.953
111.926
111.971
111.942
111.984
111.955
111.992
111.962
111.996
111.965
110.827
110.815
110.825
110.809
110.818
110.797
110.808
110.779
110.793
110.756
110.773
110.727
110.748
110.695
110.716
110.66
110.679
110.622
110.634
110.582
110.583
110.539
110.528
110.491
110.47
110.437
110.41
110.379
110.348
110.317
110.285
110.252
110.219
110.185
110.15
110.115
110.08
110.044
110.008
109.971
109.934
109.896
109.858
109.82
109.782
109.743
109.703
109.664
109.624
109.585
109.545
109.505
109.465
109.424
109.384
109.344
109.304
109.264
109.224
109.185
109.145
109.106
109.067
109.029
108.991
108.953
108.916
108.879
108.843
108.808
108.773
108.739
108.705
108.673
108.641
108.61
108.58
108.55
108.522
108.495
108.468
108.443
108.419
108.396
108.374
108.353
108.334
108.315
108.298
108.283
108.268
108.255
108.243
108.233
108.224
108.216
108.21
108.205
108.201
108.199
108.198
108.199
108.201
108.205
108.21
108.216
108.224
108.233
108.243
108.255
108.268
108.283
108.298
108.315
108.334
108.353
108.374
108.396
108.419
108.443
108.468
108.495
108.522
108.55
108.58
108.61
108.641
108.673
108.705
108.739
108.773
108.808
108.843
108.879
108.916
108.953
108.991
109.029
109.067
109.106
109.145
109.185
109.224
109.264
109.304
109.344
109.384
109.424
109.465
109.505
109.545
109.585
109.624
109.664
109.703
109.743
109.782
109.82
109.858
109.896
109.934
109.971
110.008
110.044
110.08
110.115
110.15
110.185
110.219
110.252
110.285
110.317
110.348
110.379
110.41
110.437
110.47
110.491
110.528
110.539
110.583
110.582
110.634
110.622
110.679
110.66
110.716
110.695
110.748
110.727
110.773
110.756
110.793
110.779
110.808
110.797
110.818
110.809
110.825
110.815
110.827
109.734
109.719
109.731
109.713
109.721
109.703
109.704
109.688
109.681
109.669
109.65
109.645
109.613
109.616
109.571
109.581
109.524
109.539
109.476
109.489
109.425
109.431
109.373
109.366
109.318
109.296
109.256
109.225
109.188
109.153
109.116
109.078
109.04
109.001
108.962
108.922
108.881
108.84
108.798
108.756
108.713
108.67
108.627
108.583
108.539
108.494
108.449
108.404
108.359
108.313
108.267
108.221
108.176
108.13
108.084
108.038
107.992
107.946
107.901
107.856
107.811
107.766
107.722
107.678
107.634
107.591
107.549
107.507
107.466
107.425
107.386
107.347
107.309
107.271
107.235
107.2
107.165
107.132
107.1
107.068
107.038
107.01
106.982
106.956
106.931
106.907
106.885
106.864
106.845
106.827
106.811
106.796
106.782
106.77
106.76
106.751
106.744
106.738
106.734
106.732
106.731
106.732
106.734
106.738
106.744
106.751
106.76
106.77
106.782
106.796
106.811
106.827
106.845
106.864
106.885
106.907
106.931
106.956
106.982
107.01
107.038
107.068
107.1
107.132
107.165
107.2
107.235
107.271
107.309
107.347
107.386
107.425
107.466
107.507
107.549
107.591
107.634
107.678
107.722
107.766
107.811
107.856
107.901
107.946
107.992
108.038
108.084
108.13
108.176
108.221
108.267
108.313
108.359
108.404
108.449
108.494
108.539
108.583
108.627
108.67
108.713
108.756
108.798
108.84
108.881
108.922
108.962
109.001
109.04
109.078
109.116
109.153
109.188
109.225
109.256
109.296
109.318
109.366
109.373
109.431
109.425
109.489
109.476
109.539
109.524
109.581
109.571
109.616
109.613
109.645
109.65
109.669
109.681
109.688
109.704
109.703
109.721
109.713
109.731
109.719
109.734
108.629
108.655
108.626
108.648
108.616
108.635
108.6
108.615
108.578
108.587
108.551
108.552
108.52
108.508
108.485
108.456
108.445
108.397
108.399
108.335
108.344
108.272
108.279
108.209
108.205
108.144
108.124
108.075
108.041
107.997
107.956
107.914
107.87
107.826
107.781
107.736
107.69
107.643
107.596
107.548
107.5
107.451
107.402
107.352
107.302
107.252
107.201
107.15
107.099
107.048
106.996
106.944
106.892
106.841
106.789
106.737
106.685
106.634
106.582
106.531
106.481
106.43
106.38
106.331
106.282
106.234
106.186
106.139
106.092
106.047
106.002
105.958
105.915
105.873
105.832
105.793
105.754
105.716
105.68
105.645
105.611
105.579
105.548
105.519
105.491
105.464
105.439
105.416
105.394
105.374
105.355
105.339
105.323
105.31
105.298
105.289
105.28
105.274
105.27
105.267
105.266
105.267
105.27
105.274
105.28
105.289
105.298
105.31
105.323
105.339
105.355
105.374
105.394
105.416
105.439
105.464
105.491
105.519
105.548
105.579
105.611
105.645
105.68
105.716
105.754
105.793
105.832
105.873
105.915
105.958
106.002
106.047
106.092
106.139
106.186
106.234
106.282
106.331
106.38
106.43
106.481
106.531
106.582
106.634
106.685
106.737
106.789
106.841
106.892
106.944
106.996
107.048
107.099
107.15
107.201
107.252
107.302
107.352
107.402
107.451
107.5
107.548
107.596
107.643
107.69
107.736
107.781
107.826
107.87
107.914
107.956
107.997
108.041
108.075
108.124
108.144
108.205
108.209
108.279
108.272
108.344
108.335
108.399
108.397
108.445
108.456
108.485
108.508
108.52
108.552
108.551
108.587
108.578
108.615
108.6
108.635
108.616
108.648
108.626
108.655
108.629
107.501
107.492
107.498
107.484
107.489
107.468
107.473
107.445
107.451
107.414
107.422
107.378
107.384
107.336
107.338
107.291
107.281
107.244
107.214
107.193
107.14
107.136
107.063
107.067
106.987
106.986
106.913
106.895
106.836
106.8
106.751
106.705
106.658
106.609
106.56
106.51
106.46
106.409
106.357
106.304
106.251
106.198
106.144
106.09
106.035
105.98
105.924
105.868
105.812
105.756
105.699
105.643
105.586
105.53
105.473
105.416
105.36
105.304
105.248
105.192
105.137
105.082
105.027
104.973
104.92
104.867
104.815
104.764
104.713
104.664
104.615
104.567
104.52
104.475
104.43
104.387
104.345
104.304
104.264
104.226
104.19
104.154
104.121
104.089
104.058
104.029
104.002
103.977
103.953
103.931
103.911
103.893
103.876
103.862
103.849
103.839
103.83
103.823
103.818
103.815
103.814
103.815
103.818
103.823
103.83
103.839
103.849
103.862
103.876
103.893
103.911
103.931
103.953
103.977
104.002
104.029
104.058
104.089
104.121
104.154
104.19
104.226
104.264
104.304
104.345
104.387
104.43
104.475
104.52
104.567
104.615
104.664
104.713
104.764
104.815
104.867
104.92
104.973
105.027
105.082
105.137
105.192
105.248
105.304
105.36
105.416
105.473
105.53
105.586
105.643
105.699
105.756
105.812
105.868
105.924
105.98
106.035
106.09
106.144
106.198
106.251
106.304
106.357
106.409
106.46
106.51
106.56
106.609
106.658
106.705
106.751
106.8
106.836
106.895
106.913
106.986
106.987
107.067
107.063
107.136
107.14
107.193
107.214
107.244
107.281
107.291
107.338
107.336
107.384
107.378
107.422
107.414
107.451
107.445
107.473
107.468
107.489
107.484
107.498
107.492
107.501
106.349
106.33
106.345
106.323
106.332
106.309
106.311
106.289
106.282
106.262
106.244
106.229
106.198
106.19
106.144
106.142
106.087
106.084
106.027
106.013
105.967
105.93
105.905
105.839
105.834
105.749
105.748
105.664
105.649
105.578
105.543
105.486
105.437
105.384
105.331
105.277
105.222
105.166
105.11
105.053
104.996
104.938
104.879
104.821
104.761
104.701
104.641
104.581
104.52
104.459
104.398
104.337
104.276
104.215
104.153
104.092
104.031
103.971
103.91
103.85
103.79
103.731
103.672
103.614
103.557
103.5
103.444
103.388
103.334
103.28
103.228
103.176
103.126
103.077
103.029
102.982
102.937
102.893
102.85
102.81
102.77
102.732
102.696
102.661
102.629
102.598
102.568
102.541
102.516
102.492
102.47
102.451
102.433
102.418
102.404
102.392
102.383
102.376
102.37
102.367
102.366
102.367
102.37
102.376
102.383
102.392
102.404
102.418
102.433
102.451
102.47
102.492
102.516
102.541
102.568
102.598
102.629
102.661
102.696
102.732
102.77
102.81
102.85
102.893
102.937
102.982
103.029
103.077
103.126
103.176
103.228
103.28
103.334
103.388
103.444
103.5
103.557
103.614
103.672
103.731
103.79
103.85
103.91
103.971
104.031
104.092
104.153
104.215
104.276
104.337
104.398
104.459
104.52
104.581
104.641
104.701
104.761
104.821
104.879
104.938
104.996
105.053
105.11
105.166
105.222
105.277
105.331
105.384
105.437
105.486
105.543
105.578
105.649
105.664
105.748
105.749
105.834
105.839
105.905
105.93
105.967
106.013
106.027
106.084
106.087
106.142
106.144
106.19
106.198
106.229
106.244
106.262
106.282
106.289
106.311
106.309
106.332
106.323
106.345
106.33
106.349
105.228
105.244
105.224
105.237
105.21
105.221
105.189
105.197
105.159
105.164
105.123
105.122
105.081
105.069
105.034
105.005
104.981
104.934
104.921
104.858
104.848
104.782
104.759
104.709
104.657
104.633
104.55
104.544
104.448
104.436
104.353
104.317
104.252
104.198
104.139
104.08
104.02
103.96
103.898
103.836
103.773
103.71
103.646
103.582
103.517
103.452
103.386
103.32
103.254
103.188
103.121
103.055
102.988
102.921
102.854
102.788
102.721
102.655
102.589
102.524
102.459
102.394
102.331
102.267
102.205
102.143
102.082
102.021
101.962
101.904
101.847
101.791
101.736
101.683
101.631
101.58
101.531
101.483
101.437
101.392
101.349
101.308
101.269
101.231
101.196
101.162
101.13
101.101
101.073
101.048
101.024
101.003
100.984
100.967
100.952
100.939
100.929
100.921
100.915
100.912
100.911
100.912
100.915
100.921
100.929
100.939
100.952
100.967
100.984
101.003
101.024
101.048
101.073
101.101
101.13
101.162
101.196
101.231
101.269
101.308
101.349
101.392
101.437
101.483
101.531
101.58
101.631
101.683
101.736
101.791
101.847
101.904
101.962
102.021
102.082
102.143
102.205
102.267
102.331
102.394
102.459
102.524
102.589
102.655
102.721
102.788
102.854
102.921
102.988
103.055
103.121
103.188
103.254
103.32
103.386
103.452
103.517
103.582
103.646
103.71
103.773
103.836
103.898
103.96
104.02
104.08
104.139
104.198
104.252
104.317
104.353
104.436
104.448
104.544
104.55
104.633
104.657
104.709
104.759
104.782
104.848
104.858
104.921
104.934
104.981
105.005
105.034
105.069
105.081
105.122
105.123
105.164
105.159
105.197
105.189
105.221
105.21
105.237
105.224
105.244
105.228
104.126
104.133
104.121
104.124
104.109
104.104
104.089
104.075
104.061
104.036
104.025
103.987
103.98
103.932
103.925
103.871
103.858
103.807
103.777
103.74
103.686
103.665
103.592
103.575
103.503
103.465
103.418
103.342
103.325
103.223
103.211
103.115
103.079
103.005
102.947
102.883
102.817
102.752
102.685
102.618
102.55
102.481
102.412
102.343
102.272
102.202
102.131
102.06
101.988
101.916
101.844
101.772
101.7
101.628
101.556
101.484
101.412
101.34
101.269
101.199
101.128
101.059
100.99
100.921
100.854
100.787
100.721
100.656
100.592
100.529
100.468
100.408
100.349
100.291
100.235
100.18
100.127
100.075
100.026
99.9777
99.9315
99.8872
99.8448
99.8044
99.766
99.7297
99.6956
99.6635
99.6337
99.6062
99.5809
99.5579
99.5373
99.519
99.5032
99.4897
99.4786
99.47
99.4639
99.4602
99.459
99.4602
99.4639
99.47
99.4786
99.4897
99.5032
99.519
99.5373
99.5579
99.5809
99.6062
99.6337
99.6635
99.6956
99.7297
99.766
99.8044
99.8448
99.8872
99.9315
99.9777
100.026
100.075
100.127
100.18
100.235
100.291
100.349
100.408
100.468
100.529
100.592
100.656
100.721
100.787
100.854
100.921
100.99
101.059
101.128
101.199
101.269
101.34
101.412
101.484
101.556
101.628
101.7
101.772
101.844
101.916
101.988
102.06
102.131
102.202
102.272
102.343
102.412
102.481
102.55
102.618
102.685
102.752
102.817
102.883
102.947
103.005
103.079
103.115
103.211
103.223
103.325
103.342
103.418
103.465
103.503
103.575
103.592
103.665
103.686
103.74
103.777
103.807
103.858
103.871
103.925
103.932
103.98
103.987
104.025
104.036
104.061
104.075
104.089
104.104
104.109
104.124
104.121
104.133
104.126
102.983
102.963
102.978
102.953
102.964
102.934
102.941
102.906
102.907
102.869
102.863
102.826
102.808
102.776
102.742
102.718
102.667
102.65
102.587
102.568
102.506
102.47
102.425
102.36
102.335
102.251
102.223
102.153
102.09
102.056
101.953
101.939
101.831
101.797
101.714
101.651
101.582
101.512
101.441
101.369
101.297
101.224
101.15
101.076
101.001
100.926
100.851
100.775
100.699
100.622
100.546
100.469
100.392
100.316
100.239
100.163
100.087
100.011
99.9352
99.8601
99.7856
99.7117
99.6384
99.5659
99.4941
99.4233
99.3534
99.2846
99.2169
99.1503
99.0851
99.0211
98.9586
98.8975
98.8379
98.78
98.7238
98.6692
98.6165
98.5657
98.5168
98.4699
98.425
98.3823
98.3416
98.3032
98.2671
98.2332
98.2016
98.1725
98.1457
98.1214
98.0996
98.0803
98.0635
98.0492
98.0375
98.0284
98.0219
98.018
98.0167
98.018
98.0219
98.0284
98.0375
98.0492
98.0635
98.0803
98.0996
98.1214
98.1457
98.1725
98.2016
98.2332
98.2671
98.3032
98.3416
98.3823
98.425
98.4699
98.5168
98.5657
98.6165
98.6692
98.7238
98.78
98.8379
98.8975
98.9586
99.0211
99.0851
99.1503
99.2169
99.2846
99.3534
99.4233
99.4941
99.5659
99.6384
99.7117
99.7856
99.8601
99.9352
100.011
100.087
100.163
100.239
100.316
100.392
100.469
100.546
100.622
100.699
100.775
100.851
100.926
101.001
101.076
101.15
101.224
101.297
101.369
101.441
101.512
101.582
101.651
101.714
101.797
101.831
101.939
101.953
102.056
102.09
102.153
102.223
102.251
102.335
102.36
102.425
102.47
102.506
102.568
102.587
102.65
102.667
102.718
102.742
102.776
102.808
102.826
102.863
102.869
102.907
102.906
102.941
102.934
102.964
102.953
102.978
102.963
102.983
101.846
101.84
101.841
101.831
101.824
101.812
101.797
101.785
101.759
101.748
101.711
101.701
101.654
101.643
101.59
101.573
101.522
101.488
101.448
101.393
101.366
101.293
101.266
101.197
101.147
101.101
101.019
100.99
100.901
100.85
100.795
100.696
100.676
100.557
100.524
100.431
100.365
100.29
100.214
100.138
100.06
99.9824
99.9039
99.8248
99.7451
99.665
99.5845
99.5037
99.4225
99.3411
99.2596
99.1779
99.0962
99.0146
98.9331
98.8518
98.7707
98.6899
98.6096
98.5298
98.4505
98.3718
98.2939
98.2168
98.1405
98.0652
97.9909
97.9178
97.8458
97.7751
97.7057
97.6377
97.5713
97.5064
97.4432
97.3816
97.3219
97.264
97.208
97.154
97.1021
97.0523
97.0047
96.9593
96.9162
96.8754
96.837
96.801
96.7676
96.7366
96.7082
96.6824
96.6592
96.6387
96.6209
96.6058
96.5934
96.5837
96.5768
96.5727
96.5713
96.5727
96.5768
96.5837
96.5934
96.6058
96.6209
96.6387
96.6592
96.6824
96.7082
96.7366
96.7676
96.801
96.837
96.8754
96.9162
96.9593
97.0047
97.0523
97.1021
97.154
97.208
97.264
97.3219
97.3816
97.4432
97.5064
97.5713
97.6377
97.7057
97.7751
97.8458
97.9178
97.9909
98.0652
98.1405
98.2168
98.2939
98.3718
98.4505
98.5298
98.6096
98.6899
98.7707
98.8518
98.9331
99.0146
99.0962
99.1779
99.2596
99.3411
99.4225
99.5037
99.5845
99.665
99.7451
99.8248
99.9039
99.9824
100.06
100.138
100.214
100.29
100.365
100.431
100.524
100.557
100.676
100.696
100.795
100.85
100.901
100.99
101.019
101.101
101.147
101.197
101.266
101.293
101.366
101.393
101.448
101.488
101.522
101.573
101.59
101.643
101.654
101.701
101.711
101.748
101.759
101.785
101.797
101.812
101.824
101.831
101.841
101.84
101.846
100.736
100.751
100.73
100.741
100.714
100.719
100.687
100.687
100.65
100.643
100.604
100.586
100.55
100.518
100.488
100.439
100.415
100.352
100.328
100.263
100.224
100.172
100.107
100.072
99.989
99.9509
99.8787
99.8077
99.7659
99.6657
99.6238
99.5457
99.4528
99.4227
99.295
99.2614
99.1589
99.0875
99.0066
98.9248
98.8422
98.759
98.6751
98.5905
98.5055
98.4199
98.3339
98.2475
98.1609
98.074
97.9869
97.8998
97.8126
97.7255
97.6385
97.5517
97.4652
97.3791
97.2934
97.2083
97.1237
97.0399
96.9568
96.8745
96.7932
96.713
96.6338
96.5558
96.4791
96.4038
96.3298
96.2574
96.1866
96.1175
96.0501
95.9846
95.921
95.8593
95.7997
95.7422
95.6869
95.6339
95.5832
95.5348
95.4889
95.4455
95.4046
95.3663
95.3307
95.2978
95.2675
95.2401
95.2154
95.1936
95.1746
95.1585
95.1453
95.135
95.1277
95.1233
95.1218
95.1233
95.1277
95.135
95.1453
95.1585
95.1746
95.1936
95.2154
95.2401
95.2675
95.2978
95.3307
95.3663
95.4046
95.4455
95.4889
95.5348
95.5832
95.6339
95.6869
95.7422
95.7997
95.8593
95.921
95.9846
96.0501
96.1175
96.1866
96.2574
96.3298
96.4038
96.4791
96.5558
96.6338
96.713
96.7932
96.8745
96.9568
97.0399
97.1237
97.2083
97.2934
97.3791
97.4652
97.5517
97.6385
97.7255
97.8126
97.8998
97.9869
98.074
98.1609
98.2475
98.3339
98.4199
98.5055
98.5905
98.6751
98.759
98.8422
98.9248
99.0066
99.0875
99.1589
99.2614
99.295
99.4227
99.4528
99.5457
99.6238
99.6657
99.7659
99.8077
99.8787
99.9509
99.989
100.072
100.107
100.172
100.224
100.263
100.328
100.352
100.415
100.439
100.488
100.518
100.55
100.586
100.604
100.643
100.65
100.687
100.687
100.719
100.714
100.741
100.73
100.751
100.736
99.5981
99.6021
99.5928
99.59
99.577
99.5659
99.5507
99.5296
99.5141
99.4817
99.4669
99.423
99.4079
99.3553
99.3357
99.2807
99.2489
99.2002
99.1487
99.1113
99.0405
99.0073
98.9321
98.8831
98.825
98.7455
98.7052
98.6138
98.5567
98.4936
98.3936
98.3532
98.2546
98.1708
98.1282
97.9938
97.9596
97.8483
97.7724
97.686
97.5988
97.5109
97.4223
97.3331
97.2433
97.153
97.0623
96.9712
96.8797
96.7881
96.6963
96.6044
96.5125
96.4207
96.329
96.2376
96.1465
96.0557
95.9655
95.8758
95.7868
95.6984
95.611
95.5244
95.4388
95.3543
95.271
95.1889
95.1082
95.0289
94.9512
94.875
94.8005
94.7278
94.657
94.5881
94.5212
94.4563
94.3937
94.3332
94.2751
94.2193
94.166
94.1152
94.067
94.0213
93.9784
93.9381
93.9007
93.8661
93.8343
93.8055
93.7795
93.7566
93.7367
93.7197
93.7059
93.6951
93.6873
93.6827
93.6812
93.6827
93.6873
93.6951
93.7059
93.7197
93.7367
93.7566
93.7795
93.8055
93.8343
93.8661
93.9007
93.9381
93.9784
94.0213
94.067
94.1152
94.166
94.2193
94.2751
94.3332
94.3937
94.4563
94.5212
94.5881
94.657
94.7278
94.8005
94.875
94.9512
95.0289
95.1082
95.1889
95.271
95.3543
95.4388
95.5244
95.611
95.6984
95.7868
95.8758
95.9655
96.0557
96.1465
96.2376
96.329
96.4207
96.5125
96.6044
96.6963
96.7881
96.8797
96.9712
97.0623
97.153
97.2433
97.3331
97.4223
97.5109
97.5988
97.686
97.7724
97.8483
97.9596
97.9938
98.1282
98.1708
98.2546
98.3532
98.3936
98.4936
98.5567
98.6138
98.7052
98.7455
98.825
98.8831
98.9321
99.0073
99.0405
99.1113
99.1487
99.2002
99.2489
99.2807
99.3357
99.3553
99.4079
99.423
99.4669
99.4817
99.5141
99.5296
99.5507
99.5659
99.577
99.59
99.5928
99.6021
99.5981
98.4718
98.456
98.466
98.4437
98.4485
98.4194
98.419
98.3836
98.3772
98.3372
98.3223
98.2811
98.2541
98.2159
98.1731
98.1406
98.0817
98.0523
97.9842
97.9472
97.8839
97.8256
97.7775
97.696
97.6535
97.5711
97.5052
97.448
97.35
97.3004
97.2136
97.1214
97.0742
96.9595
96.8843
96.8275
96.6877
96.6515
96.5323
96.4513
96.3594
96.2667
96.1734
96.0793
95.9847
95.8896
95.794
95.6981
95.6018
95.5053
95.4087
95.312
95.2152
95.1186
95.0221
94.9259
94.83
94.7346
94.6397
94.5453
94.4517
94.3588
94.2668
94.1758
94.0858
93.997
93.9094
93.8232
93.7384
93.6551
93.5733
93.4933
93.4151
93.3387
93.2643
93.1919
93.1216
93.0535
92.9877
92.9242
92.8632
92.8046
92.7486
92.6953
92.6446
92.5967
92.5516
92.5094
92.4701
92.4337
92.4004
92.3701
92.3429
92.3188
92.2979
92.2801
92.2656
92.2542
92.2461
92.2412
92.2396
92.2412
92.2461
92.2542
92.2656
92.2801
92.2979
92.3188
92.3429
92.3701
92.4004
92.4337
92.4701
92.5094
92.5516
92.5967
92.6446
92.6953
92.7486
92.8046
92.8632
92.9242
92.9877
93.0535
93.1216
93.1919
93.2643
93.3387
93.4151
93.4933
93.5733
93.6551
93.7384
93.8232
93.9094
93.997
94.0858
94.1758
94.2668
94.3588
94.4517
94.5453
94.6397
94.7346
94.83
94.9259
95.0221
95.1186
95.2152
95.312
95.4087
95.5053
95.6018
95.6981
95.794
95.8896
95.9847
96.0793
96.1734
96.2667
96.3594
96.4513
96.5323
96.6515
96.6877
96.8275
96.8843
96.9595
97.0742
97.1214
97.2136
97.3004
97.35
97.448
97.5052
97.5711
97.6535
97.696
97.7775
97.8256
97.8839
97.9472
97.9842
98.0523
98.0817
98.1406
98.1731
98.2159
98.2541
98.2811
98.3223
98.3372
98.3772
98.3836
98.419
98.4194
98.4485
98.4437
98.466
98.456
98.4718
97.3687
97.3587
97.3621
97.3466
97.3421
97.3227
97.3088
97.2872
97.2622
97.2401
97.2027
97.1811
97.1316
97.1089
97.0511
97.0218
96.9633
96.919
96.8683
96.8034
96.7616
96.6822
96.6358
96.562
96.4905
96.4362
96.3414
96.2857
96.2039
96.1111
96.0575
95.9507
95.8686
95.8075
95.6815
95.6119
95.5405
95.3957
95.3552
95.2288
95.1417
95.0437
94.945
94.8456
94.7455
94.645
94.5439
94.4425
94.3408
94.2388
94.1367
94.0345
93.9323
93.8302
93.7283
93.6267
93.5254
93.4246
93.3243
93.2247
93.1258
93.0278
92.9307
92.8346
92.7396
92.6459
92.5534
92.4624
92.3729
92.2849
92.1987
92.1142
92.0317
91.9511
91.8725
91.7962
91.722
91.6502
91.5807
91.5138
91.4494
91.3876
91.3286
91.2723
91.2189
91.1683
91.1208
91.0762
91.0348
90.9964
90.9613
90.9293
90.9006
90.8752
90.8532
90.8344
90.8191
90.8071
90.7986
90.7934
90.7917
90.7934
90.7986
90.8071
90.8191
90.8344
90.8532
90.8752
90.9006
90.9293
90.9613
90.9964
91.0348
91.0762
91.1208
91.1683
91.2189
91.2723
91.3286
91.3876
91.4494
91.5138
91.5807
91.6502
91.722
91.7962
91.8725
91.9511
92.0317
92.1142
92.1987
92.2849
92.3729
92.4624
92.5534
92.6459
92.7396
92.8346
92.9307
93.0278
93.1258
93.2247
93.3243
93.4246
93.5254
93.6267
93.7283
93.8302
93.9323
94.0345
94.1367
94.2388
94.3408
94.4425
94.5439
94.645
94.7455
94.8456
94.945
95.0437
95.1417
95.2288
95.3552
95.3957
95.5405
95.6119
95.6815
95.8075
95.8686
95.9507
96.0575
96.1111
96.2039
96.2857
96.3414
96.4362
96.4905
96.562
96.6358
96.6822
96.7616
96.8034
96.8683
96.919
96.9633
97.0218
97.0511
97.1089
97.1316
97.1811
97.2027
97.2401
97.2622
97.2872
97.3088
97.3227
97.3421
97.3466
97.3621
97.3587
97.3687
96.2244
96.2328
96.2175
96.22
96.197
96.1945
96.1631
96.1558
96.1166
96.1036
96.0585
96.0369
95.9898
95.9555
95.9111
95.8602
95.821
95.7542
95.7159
95.6426
95.5922
95.5273
95.453
95.4011
95.3107
95.2518
95.1739
95.0829
95.0254
94.9229
94.8415
94.7737
94.6554
94.582
94.5044
94.3718
94.3048
94.2214
94.0723
94.0261
93.8947
93.8015
93.698
93.5938
93.489
93.3836
93.2777
93.1715
93.0649
92.9581
92.8511
92.7441
92.6371
92.5302
92.4235
92.3171
92.2111
92.1055
92.0006
91.8964
91.7929
91.6903
91.5887
91.4881
91.3888
91.2907
91.194
91.0988
91.0052
90.9132
90.823
90.7347
90.6484
90.5642
90.482
90.4022
90.3247
90.2496
90.177
90.107
90.0397
89.9752
89.9135
89.8546
89.7988
89.746
89.6963
89.6498
89.6064
89.5664
89.5296
89.4963
89.4663
89.4398
89.4167
89.3971
89.3811
89.3686
89.3597
89.3543
89.3525
89.3543
89.3597
89.3686
89.3811
89.3971
89.4167
89.4398
89.4663
89.4963
89.5296
89.5664
89.6064
89.6498
89.6963
89.746
89.7988
89.8546
89.9135
89.9752
90.0397
90.107
90.177
90.2496
90.3247
90.4022
90.482
90.5642
90.6484
90.7347
90.823
90.9132
91.0052
91.0988
91.194
91.2907
91.3888
91.4881
91.5887
91.6903
91.7929
91.8964
92.0006
92.1055
92.2111
92.3171
92.4235
92.5302
92.6371
92.7441
92.8511
92.9581
93.0649
93.1715
93.2777
93.3836
93.489
93.5938
93.698
93.8015
93.8947
94.0261
94.0723
94.2214
94.3048
94.3718
94.5044
94.582
94.6554
94.7737
94.8415
94.9229
95.0254
95.0829
95.1739
95.2518
95.3107
95.4011
95.453
95.5273
95.5922
95.6426
95.7159
95.7542
95.821
95.8602
95.9111
95.9555
95.9898
96.0369
96.0585
96.1036
96.1166
96.1558
96.1631
96.1945
96.197
96.22
96.2175
96.2328
96.2244
95.0913
95.1014
95.0845
95.0871
95.0643
95.0585
95.031
95.0154
94.985
94.9577
94.9267
94.8859
94.8556
94.8015
94.7704
94.7069
94.6689
94.6047
94.5505
94.4943
94.4193
94.3696
94.2842
94.2232
94.1491
94.0603
94.0006
93.9015
93.8222
93.7491
93.6365
93.564
93.4765
93.354
93.2849
93.1911
93.0536
92.9853
92.8933
92.7392
92.6856
92.5504
92.4507
92.3416
92.2319
92.1216
92.0108
91.8996
91.788
91.6763
91.5643
91.4524
91.3404
91.2286
91.117
91.0057
90.8949
90.7845
90.6748
90.5658
90.4576
90.3503
90.2441
90.139
90.0352
89.9327
89.8316
89.7321
89.6342
89.5381
89.4439
89.3517
89.2615
89.1734
89.0876
89.0042
88.9232
88.8448
88.769
88.6959
88.6256
88.5581
88.4937
88.4323
88.3739
88.3188
88.2669
88.2183
88.173
88.1312
88.0928
88.058
88.0267
87.999
87.9749
87.9545
87.9377
87.9247
87.9154
87.9098
87.9079
87.9098
87.9154
87.9247
87.9377
87.9545
87.9749
87.999
88.0267
88.058
88.0928
88.1312
88.173
88.2183
88.2669
88.3188
88.3739
88.4323
88.4937
88.5581
88.6256
88.6959
88.769
88.8448
88.9232
89.0042
89.0876
89.1734
89.2615
89.3517
89.4439
89.5381
89.6342
89.7321
89.8316
89.9327
90.0352
90.139
90.2441
90.3503
90.4576
90.5658
90.6748
90.7845
90.8949
91.0057
91.117
91.2286
91.3404
91.4524
91.5643
91.6763
91.788
91.8996
92.0108
92.1216
92.2319
92.3416
92.4507
92.5504
92.6856
92.7392
92.8933
92.9853
93.0536
93.1911
93.2849
93.354
93.4765
93.564
93.6365
93.7491
93.8222
93.9015
94.0006
94.0603
94.1491
94.2232
94.2842
94.3696
94.4193
94.4943
94.5505
94.6047
94.6689
94.7069
94.7704
94.8015
94.8556
94.8859
94.9267
94.9577
94.985
95.0154
95.031
95.0585
95.0643
95.0871
95.0845
95.1014
95.0913
94.0047
93.9999
93.9977
93.9847
93.9768
93.9543
93.942
93.9092
93.8929
93.85
93.8292
93.778
93.7498
93.6948
93.6542
93.601
93.5434
93.4952
93.4211
93.373
93.2933
93.2308
93.1609
93.074
93.0135
92.9175
92.84
92.7633
92.6555
92.5836
92.4882
92.3753
92.3043
92.1967
92.0734
92.0034
91.8965
91.7536
91.6794
91.582
91.4222
91.3589
91.2207
91.1136
90.9985
90.8827
90.7664
90.6497
90.5327
90.4154
90.298
90.1805
90.0631
89.9458
89.8287
89.712
89.5957
89.48
89.3649
89.2506
89.1371
89.0247
88.9133
88.8031
88.6942
88.5867
88.4807
88.3764
88.2738
88.1731
88.0743
87.9776
87.883
87.7907
87.7008
87.6134
87.5285
87.4463
87.3668
87.2902
87.2165
87.1458
87.0783
87.0139
86.9528
86.895
86.8406
86.7897
86.7422
86.6984
86.6582
86.6217
86.5889
86.5598
86.5346
86.5132
86.4957
86.482
86.4722
86.4663
86.4644
86.4663
86.4722
86.482
86.4957
86.5132
86.5346
86.5598
86.5889
86.6217
86.6582
86.6984
86.7422
86.7897
86.8406
86.895
86.9528
87.0139
87.0783
87.1458
87.2165
87.2902
87.3668
87.4463
87.5285
87.6134
87.7008
87.7907
87.883
87.9776
88.0743
88.1731
88.2738
88.3764
88.4807
88.5867
88.6942
88.8031
88.9133
89.0247
89.1371
89.2506
89.3649
89.48
89.5957
89.712
89.8287
89.9458
90.0631
90.1805
90.298
90.4154
90.5327
90.6497
90.7664
90.8827
90.9985
91.1136
91.2207
91.3589
91.4222
91.582
91.6794
91.7536
91.8965
92.0034
92.0734
92.1967
92.3043
92.3753
92.4882
92.5836
92.6555
92.7633
92.84
92.9175
93.0135
93.074
93.1609
93.2308
93.2933
93.373
93.4211
93.4952
93.5434
93.601
93.6542
93.6948
93.7498
93.778
93.8292
93.85
93.8929
93.9092
93.942
93.9543
93.9768
93.9847
93.9977
93.9999
94.0047
92.8697
92.8555
92.8622
92.8403
92.8394
92.8101
92.8013
92.7654
92.7474
92.7071
92.6776
92.6356
92.592
92.5509
92.4922
92.4514
92.3812
92.3344
92.2622
92.199
92.1344
92.0503
91.9905
91.8987
91.8232
91.7455
91.6431
91.5716
91.4721
91.3688
91.2939
91.1788
91.0714
90.9955
90.8721
90.7477
90.6739
90.5599
90.4109
90.3273
90.2285
90.0637
89.9898
89.8498
89.7359
89.6153
89.4942
89.3726
89.2507
89.1285
89.0062
88.8838
88.7615
88.6394
88.5175
88.3959
88.2748
88.1543
88.0345
87.9155
87.7974
87.6803
87.5644
87.4497
87.3363
87.2244
87.1142
87.0056
86.8988
86.794
86.6912
86.5906
86.4922
86.3962
86.3026
86.2117
86.1233
86.0378
85.9551
85.8754
85.7988
85.7253
85.655
85.5881
85.5245
85.4644
85.4078
85.3548
85.3055
85.2599
85.2181
85.1801
85.146
85.1158
85.0896
85.0673
85.0491
85.0349
85.0247
85.0186
85.0165
85.0186
85.0247
85.0349
85.0491
85.0673
85.0896
85.1158
85.146
85.1801
85.2181
85.2599
85.3055
85.3548
85.4078
85.4644
85.5245
85.5881
85.655
85.7253
85.7988
85.8754
85.9551
86.0378
86.1233
86.2117
86.3026
86.3962
86.4922
86.5906
86.6912
86.794
86.8988
87.0056
87.1142
87.2244
87.3363
87.4497
87.5644
87.6803
87.7974
87.9155
88.0345
88.1543
88.2748
88.3959
88.5175
88.6394
88.7615
88.8838
89.0062
89.1285
89.2507
89.3726
89.4942
89.6153
89.7359
89.8498
89.9898
90.0637
90.2285
90.3273
90.4109
90.5599
90.6739
90.7477
90.8721
90.9955
91.0714
91.1788
91.2939
91.3688
91.4721
91.5716
91.6431
91.7455
91.8232
91.8987
91.9905
92.0503
92.1344
92.199
92.2622
92.3344
92.3812
92.4514
92.4922
92.5509
92.592
92.6356
92.6776
92.7071
92.7474
92.7654
92.8013
92.8101
92.8394
92.8403
92.8622
92.8555
92.8697
91.7603
91.753
91.7521
91.7377
91.7274
91.7072
91.6863
91.6617
91.6289
91.6012
91.5559
91.5254
91.4689
91.4332
91.3697
91.3234
91.2598
91.1964
91.1379
91.0569
90.9987
90.9115
90.838
90.761
90.6634
90.5921
90.4916
90.3961
90.3163
90.1997
90.1048
90.0173
89.8884
89.7853
89.7017
89.5676
89.4376
89.3568
89.2411
89.0851
88.9882
88.8896
88.7203
88.6345
88.4928
88.3718
88.2454
88.1186
87.9915
87.8641
87.7366
87.609
87.4815
87.3541
87.227
87.1003
86.9741
86.8484
86.7235
86.5995
86.4764
86.3543
86.2335
86.1139
85.9958
85.8792
85.7643
85.6511
85.5399
85.4306
85.3235
85.2186
85.1161
85.0161
84.9186
84.8238
84.7318
84.6426
84.5565
84.4735
84.3936
84.317
84.2438
84.1741
84.1078
84.0452
83.9863
83.9311
83.8797
83.8322
83.7886
83.7491
83.7135
83.6821
83.6547
83.6315
83.6125
83.5977
83.5871
83.5808
83.5786
83.5808
83.5871
83.5977
83.6125
83.6315
83.6547
83.6821
83.7135
83.7491
83.7886
83.8322
83.8797
83.9311
83.9863
84.0452
84.1078
84.1741
84.2438
84.317
84.3936
84.4735
84.5565
84.6426
84.7318
84.8238
84.9186
85.0161
85.1161
85.2186
85.3235
85.4306
85.5399
85.6511
85.7643
85.8792
85.9958
86.1139
86.2335
86.3543
86.4764
86.5995
86.7235
86.8484
86.9741
87.1003
87.227
87.3541
87.4815
87.609
87.7366
87.8641
87.9915
88.1186
88.2454
88.3718
88.4928
88.6345
88.7203
88.8896
88.9882
89.0851
89.2411
89.3568
89.4376
89.5676
89.7017
89.7853
89.8884
90.0173
90.1048
90.1997
90.3163
90.3961
90.4916
90.5921
90.6634
90.761
90.838
90.9115
90.9987
91.0569
91.1379
91.1964
91.2598
91.3234
91.3697
91.4332
91.4689
91.5254
91.5559
91.6012
91.6289
91.6617
91.6863
91.7072
91.7274
91.7377
91.7521
91.753
91.7603
90.6461
90.6512
90.6376
90.6351
90.6121
90.6027
90.5699
90.5539
90.5117
90.4883
90.4386
90.4054
90.3516
90.305
90.2512
90.1883
90.1361
90.0588
90.0028
89.921
89.8493
89.7747
89.6815
89.6109
89.5115
89.4221
89.3381
89.2244
89.1369
89.0384
88.9147
88.8245
88.7213
88.583
88.4785
88.3883
88.2489
88.1086
88.0171
87.9035
87.7419
87.6282
87.5297
87.3569
87.2585
87.1147
86.9864
86.8541
86.7214
86.5885
86.4555
86.3224
86.1893
86.0564
85.9238
85.7916
85.66
85.5289
85.3986
85.2692
85.1408
85.0135
84.8874
84.7627
84.6395
84.5179
84.398
84.28
84.164
84.05
83.9383
83.8289
83.722
83.6177
83.516
83.4171
83.3212
83.2282
83.1384
83.0518
82.9685
82.8886
82.8123
82.7395
82.6705
82.6051
82.5437
82.4861
82.4325
82.383
82.3376
82.2963
82.2593
82.2265
82.198
82.1738
82.1539
82.1385
82.1275
82.1208
82.1186
82.1208
82.1275
82.1385
82.1539
82.1738
82.198
82.2265
82.2593
82.2963
82.3376
82.383
82.4325
82.4861
82.5437
82.6051
82.6705
82.7395
82.8123
82.8886
82.9685
83.0518
83.1384
83.2282
83.3212
83.4171
83.516
83.6177
83.722
83.8289
83.9383
84.05
84.164
84.28
84.398
84.5179
84.6395
84.7627
84.8874
85.0135
85.1408
85.2692
85.3986
85.5289
85.66
85.7916
85.9238
86.0564
86.1893
86.3224
86.4555
86.5885
86.7214
86.8541
86.9864
87.1147
87.2585
87.3569
87.5297
87.6282
87.7419
87.9035
88.0171
88.1086
88.2489
88.3883
88.4785
88.583
88.7213
88.8245
88.9147
89.0384
89.1369
89.2244
89.3381
89.4221
89.5115
89.6109
89.6815
89.7747
89.8493
89.921
90.0028
90.0588
90.1361
90.1883
90.2512
90.305
90.3516
90.4054
90.4386
90.4883
90.5117
90.5539
90.5699
90.6027
90.6121
90.6351
90.6376
90.6512
90.6461
89.5288
89.537
89.5203
89.5196
89.4947
89.4846
89.4525
89.432
89.3942
89.3617
89.3204
89.2739
89.2309
89.1702
89.1246
89.0529
88.9997
88.9247
88.8555
88.7851
88.6967
88.628
88.5318
88.4476
88.3619
88.2537
88.1702
88.0651
87.9517
87.8639
87.746
87.6215
87.5308
87.4163
87.2706
87.1577
87.0631
86.9249
86.7726
86.6666
86.5569
86.3934
86.2618
86.1624
85.9881
85.8776
85.7317
85.5969
85.4592
85.3213
85.1832
85.0451
84.9071
84.7692
84.6316
84.4945
84.3579
84.2219
84.0867
83.9525
83.8193
83.6872
83.5564
83.4271
83.2993
83.1731
83.0488
82.9264
82.806
82.6878
82.572
82.4585
82.3476
82.2394
82.134
82.0314
81.9319
81.8355
81.7424
81.6525
81.5662
81.4834
81.4042
81.3287
81.2571
81.1894
81.1256
81.0659
81.0104
80.959
80.9119
80.8691
80.8307
80.7967
80.7671
80.7421
80.7215
80.7055
80.694
80.6872
80.6849
80.6872
80.694
80.7055
80.7215
80.7421
80.7671
80.7967
80.8307
80.8691
80.9119
80.959
81.0104
81.0659
81.1256
81.1894
81.2571
81.3287
81.4042
81.4834
81.5662
81.6525
81.7424
81.8355
81.9319
82.0314
82.134
82.2394
82.3476
82.4585
82.572
82.6878
82.806
82.9264
83.0488
83.1731
83.2993
83.4271
83.5564
83.6872
83.8193
83.9525
84.0867
84.2219
84.3579
84.4945
84.6316
84.7692
84.9071
85.0451
85.1832
85.3213
85.4592
85.5969
85.7317
85.8776
85.9881
86.1624
86.2618
86.3934
86.5569
86.6666
86.7726
86.9249
87.0631
87.1577
87.2706
87.4163
87.5308
87.6215
87.746
87.8639
87.9517
88.0651
88.1702
88.2537
88.3619
88.4476
88.5318
88.628
88.6967
88.7851
88.8555
88.9247
88.9997
89.0529
89.1246
89.1702
89.2309
89.2739
89.3204
89.3617
89.3942
89.432
89.4525
89.4846
89.4947
89.5196
89.5203
89.537
89.5288
88.4264
88.4264
88.4176
88.4078
88.3914
88.3707
88.3479
88.3153
88.2872
88.2422
88.209
88.1525
88.1127
88.0481
87.9974
87.9303
87.8635
87.7984
87.7146
87.6485
87.5565
87.4766
87.3909
87.2886
87.2069
87.0994
86.9958
86.9047
86.7821
86.674
86.5777
86.4444
86.3168
86.221
86.102
85.9497
85.821
85.7201
85.5875
85.4253
85.2999
85.1913
85.0298
84.8797
84.7763
84.6014
84.4786
84.3295
84.1879
84.0444
83.9007
83.757
83.6134
83.4699
83.3268
83.1841
83.0419
82.9004
82.7598
82.6201
82.4815
82.3441
82.208
82.0734
81.9404
81.8091
81.6798
81.5524
81.4272
81.3042
81.1836
81.0656
80.9502
80.8375
80.7278
80.6211
80.5176
80.4173
80.3203
80.2269
80.137
80.0508
79.9684
79.8899
79.8154
79.7449
79.6786
79.6165
79.5586
79.5052
79.4562
79.4117
79.3717
79.3363
79.3055
79.2794
79.258
79.2414
79.2294
79.2223
79.2199
79.2223
79.2294
79.2414
79.258
79.2794
79.3055
79.3363
79.3717
79.4117
79.4562
79.5052
79.5586
79.6165
79.6786
79.7449
79.8154
79.8899
79.9684
80.0508
80.137
80.2269
80.3203
80.4173
80.5176
80.6211
80.7278
80.8375
80.9502
81.0656
81.1836
81.3042
81.4272
81.5524
81.6798
81.8091
81.9404
82.0734
82.208
82.3441
82.4815
82.6201
82.7598
82.9004
83.0419
83.1841
83.3268
83.4699
83.6134
83.757
83.9007
84.0444
84.1879
84.3295
84.4786
84.6014
84.7763
84.8797
85.0298
85.1913
85.2999
85.4253
85.5875
85.7201
85.821
85.9497
86.102
86.221
86.3168
86.4444
86.5777
86.674
86.7821
86.9047
86.9958
87.0994
87.2069
87.2886
87.3909
87.4766
87.5565
87.6485
87.7146
87.7984
87.8635
87.9303
87.9974
88.0481
88.1127
88.1525
88.209
88.2422
88.2872
88.3153
88.3479
88.3707
88.3914
88.4078
88.4176
88.4264
88.4264
87.3408
87.3314
87.3316
87.3123
87.304
87.2743
87.2578
87.2179
87.1929
87.1441
87.109
87.0538
87.0058
86.9479
86.8841
86.8256
86.7467
86.6843
86.5977
86.5219
86.4384
86.3422
86.2621
86.1559
86.0605
85.9653
85.8458
85.7481
85.6399
85.5078
85.4024
85.2969
85.1543
85.0172
84.9117
84.7943
84.6401
84.4924
84.3795
84.2541
84.0884
83.9417
83.8289
83.6731
83.5066
83.3962
83.2215
83.0874
82.9346
82.7867
82.6375
82.4882
82.3391
82.1901
82.0415
81.8933
81.7457
81.5988
81.4528
81.3077
81.1638
81.0211
80.8798
80.74
80.6019
80.4656
80.3313
80.199
80.069
79.9413
79.8161
79.6935
79.5736
79.4567
79.3428
79.232
79.1244
79.0203
78.9196
78.8225
78.7292
78.6397
78.5542
78.4726
78.3952
78.322
78.2531
78.1886
78.1286
78.0731
78.0222
77.976
77.9344
77.8977
77.8657
77.8386
77.8164
77.7991
77.7867
77.7793
77.7768
77.7793
77.7867
77.7991
77.8164
77.8386
77.8657
77.8977
77.9344
77.976
78.0222
78.0731
78.1286
78.1886
78.2531
78.322
78.3952
78.4726
78.5542
78.6397
78.7292
78.8225
78.9196
79.0203
79.1244
79.232
79.3428
79.4567
79.5736
79.6935
79.8161
79.9413
80.069
80.199
80.3313
80.4656
80.6019
80.74
80.8798
81.0211
81.1638
81.3077
81.4528
81.5988
81.7457
81.8933
82.0415
82.1901
82.3391
82.4882
82.6375
82.7867
82.9346
83.0874
83.2215
83.3962
83.5066
83.6731
83.8289
83.9417
84.0884
84.2541
84.3795
84.4924
84.6401
84.7943
84.9117
85.0172
85.1543
85.2969
85.4024
85.5078
85.6399
85.7481
85.8458
85.9653
86.0605
86.1559
86.2621
86.3422
86.4384
86.5219
86.5977
86.6843
86.7467
86.8256
86.8841
86.9479
87.0058
87.0538
87.109
87.1441
87.1929
87.2179
87.2578
87.2743
87.304
87.3123
87.3316
87.3314
87.3408
86.2254
86.2141
86.2155
86.1947
86.186
86.1563
86.1367
86.0993
86.0676
86.0243
85.9789
85.9316
85.8717
85.8207
85.7478
85.6901
85.6101
85.5387
85.4594
85.3691
85.2916
85.1892
85.1003
85.0031
84.8907
84.7977
84.6823
84.5624
84.4636
84.3387
84.1998
84.0899
83.9799
83.8351
83.6842
83.5626
83.4472
83.298
83.1345
83.0025
82.8808
82.7191
82.5533
82.4299
82.2812
82.1021
81.9822
81.808
81.6638
81.507
81.3531
81.1985
81.044
80.8897
80.7358
80.5823
80.4294
80.2772
80.1259
79.9757
79.8266
79.6787
79.5324
79.3876
79.2445
79.1034
78.9642
78.8272
78.6924
78.5601
78.4304
78.3034
78.1793
78.0581
77.9401
77.8253
77.7139
77.606
77.5017
77.4012
77.3045
77.2118
77.1231
77.0386
76.9584
76.8826
76.8112
76.7444
76.6822
76.6247
76.572
76.5241
76.481
76.443
76.4099
76.3818
76.3588
76.3408
76.328
76.3203
76.3177
76.3203
76.328
76.3408
76.3588
76.3818
76.4099
76.443
76.481
76.5241
76.572
76.6247
76.6822
76.7444
76.8112
76.8826
76.9584
77.0386
77.1231
77.2118
77.3045
77.4012
77.5017
77.606
77.7139
77.8253
77.9401
78.0581
78.1793
78.3034
78.4304
78.5601
78.6924
78.8272
78.9642
79.1034
79.2445
79.3876
79.5324
79.6787
79.8266
79.9757
80.1259
80.2772
80.4294
80.5823
80.7358
80.8897
81.044
81.1985
81.3531
81.507
81.6638
81.808
81.9822
82.1021
82.2812
82.4299
82.5533
82.7191
82.8808
83.0025
83.1345
83.298
83.4472
83.5626
83.6842
83.8351
83.9799
84.0899
84.1998
84.3387
84.4636
84.5624
84.6823
84.7977
84.8907
85.0031
85.1003
85.1892
85.2916
85.3691
85.4594
85.5387
85.6101
85.6901
85.7478
85.8207
85.8717
85.9316
85.9789
86.0243
86.0676
86.0993
86.1367
86.1563
86.186
86.1947
86.2155
86.2141
86.2254
85.1414
85.1363
85.131
85.1164
85.0998
85.0769
85.0479
85.0178
84.9758
84.9393
84.8843
84.841
84.7751
84.7222
84.6498
84.5827
84.5091
84.4245
84.3505
84.2531
84.1694
84.0725
83.9676
83.876
83.7593
83.651
83.5478
83.4163
83.2979
83.1934
83.0584
82.91
82.7863
82.6731
82.533
82.3713
82.2271
82.1056
81.9654
81.7947
81.6394
81.5122
81.3585
81.1791
81.039
80.8956
80.7075
80.5759
80.4012
80.2474
80.0856
79.9255
79.7651
79.6049
79.445
79.2856
79.1269
78.9689
78.8118
78.6558
78.5009
78.3474
78.1954
78.0451
77.8965
77.7499
77.6053
77.463
77.3231
77.1857
77.0509
76.919
76.7901
76.6642
76.5416
76.4224
76.3066
76.1945
76.0862
75.9817
75.8813
75.785
75.6929
75.6051
75.5218
75.443
75.3688
75.2994
75.2348
75.175
75.1202
75.0705
75.0258
74.9862
74.9518
74.9226
74.8987
74.8801
74.8667
74.8587
74.8561
74.8587
74.8667
74.8801
74.8987
74.9226
74.9518
74.9862
75.0258
75.0705
75.1202
75.175
75.2348
75.2994
75.3688
75.443
75.5218
75.6051
75.6929
75.785
75.8813
75.9817
76.0862
76.1945
76.3066
76.4224
76.5416
76.6642
76.7901
76.919
77.0509
77.1857
77.3231
77.463
77.6053
77.7499
77.8965
78.0451
78.1954
78.3474
78.5009
78.6558
78.8118
78.9689
79.1269
79.2856
79.445
79.6049
79.7651
79.9255
80.0856
80.2474
80.4012
80.5759
80.7075
80.8956
81.039
81.1791
81.3585
81.5122
81.6394
81.7947
81.9654
82.1056
82.2271
82.3713
82.533
82.6731
82.7863
82.91
83.0584
83.1934
83.2979
83.4163
83.5478
83.651
83.7593
83.876
83.9676
84.0725
84.1694
84.2531
84.3505
84.4245
84.5091
84.5827
84.6498
84.7222
84.7751
84.841
84.8843
84.9393
84.9758
85.0178
85.0479
85.0769
85.0998
85.1164
85.131
85.1363
85.1414
84.0486
84.0511
84.0379
84.0303
84.0057
83.9888
83.9525
83.9266
83.8791
83.8433
83.7864
83.7389
83.6756
83.6134
83.5471
83.4686
83.3995
83.3083
83.2298
83.1359
83.0387
82.9484
82.8352
82.7358
82.6277
82.5025
82.3973
82.2789
82.1364
82.0128
81.9024
81.7675
81.6107
81.4664
81.3434
81.2112
81.0492
80.8838
80.7451
80.6107
80.4437
80.2688
80.1267
79.9803
79.7958
79.6363
79.4949
79.302
79.1583
78.9824
78.8204
78.6535
78.4877
78.3219
78.1564
77.9915
77.8271
77.6636
77.501
77.3394
77.1792
77.0202
76.8629
76.7072
76.5534
76.4016
76.2519
76.1045
75.9596
75.8174
75.6778
75.5413
75.4077
75.2774
75.1504
75.0269
74.9071
74.791
74.6788
74.5706
74.4665
74.3668
74.2714
74.1805
74.0942
74.0126
73.9358
73.8639
73.7969
73.7351
73.6783
73.6267
73.5804
73.5394
73.5038
73.4736
73.4488
73.4295
73.4157
73.4074
73.4047
73.4074
73.4157
73.4295
73.4488
73.4736
73.5038
73.5394
73.5804
73.6267
73.6783
73.7351
73.7969
73.8639
73.9358
74.0126
74.0942
74.1805
74.2714
74.3668
74.4665
74.5706
74.6788
74.791
74.9071
75.0269
75.1504
75.2774
75.4077
75.5413
75.6778
75.8174
75.9596
76.1045
76.2519
76.4016
76.5534
76.7072
76.8629
77.0202
77.1792
77.3394
77.501
77.6636
77.8271
77.9915
78.1564
78.3219
78.4877
78.6535
78.8204
78.9824
79.1583
79.302
79.4949
79.6363
79.7958
79.9803
80.1267
80.2688
80.4437
80.6107
80.7451
80.8838
81.0492
81.2112
81.3434
81.4664
81.6107
81.7675
81.9024
82.0128
82.1364
82.2789
82.3973
82.5025
82.6277
82.7358
82.8352
82.9484
83.0387
83.1359
83.2298
83.3083
83.3995
83.4686
83.5471
83.6134
83.6756
83.7389
83.7864
83.8433
83.8791
83.9266
83.9525
83.9888
84.0057
84.0303
84.0379
84.0511
84.0486
82.9438
82.9489
82.9328
82.9269
82.9
82.8829
82.8458
82.8168
82.7709
82.7288
82.6761
82.6192
82.5616
82.4895
82.4266
82.3424
82.2695
82.1804
82.0905
82.0025
81.8951
81.8019
81.692
81.5767
81.4743
81.347
81.22
81.1124
80.9846
80.8335
80.6945
80.5743
80.4446
80.288
80.1242
79.9807
79.8489
79.6956
79.5193
79.3567
79.2168
79.0589
78.8738
78.7105
78.5653
78.3825
78.2042
78.0602
77.865
77.7093
77.5312
77.3616
77.1894
77.0179
76.8467
76.6759
76.5058
76.3365
76.1682
76.001
75.8351
75.6706
75.5076
75.3465
75.1872
75.03
74.8751
74.7225
74.5724
74.4251
74.2806
74.1392
74.0009
73.8659
73.7344
73.6065
73.4824
73.3621
73.2459
73.1339
73.0261
72.9228
72.824
72.7298
72.6404
72.5559
72.4763
72.4018
72.3325
72.2684
72.2096
72.1562
72.1082
72.0657
72.0288
71.9975
71.9718
71.9518
71.9375
71.929
71.9261
71.929
71.9375
71.9518
71.9718
71.9975
72.0288
72.0657
72.1082
72.1562
72.2096
72.2684
72.3325
72.4018
72.4763
72.5559
72.6404
72.7298
72.824
72.9228
73.0261
73.1339
73.2459
73.3621
73.4824
73.6065
73.7344
73.8659
74.0009
74.1392
74.2806
74.4251
74.5724
74.7225
74.8751
75.03
75.1872
75.3465
75.5076
75.6706
75.8351
76.001
76.1682
76.3365
76.5058
76.6759
76.8467
77.0179
77.1894
77.3616
77.5312
77.7093
77.865
78.0602
78.2042
78.3825
78.5653
78.7105
78.8738
79.0589
79.2168
79.3567
79.5193
79.6956
79.8489
79.9807
80.1242
80.288
80.4446
80.5743
80.6945
80.8335
80.9846
81.1124
81.22
81.347
81.4743
81.5767
81.692
81.8019
81.8951
82.0025
82.0905
82.1804
82.2695
82.3424
82.4266
82.4895
82.5616
82.6192
82.6761
82.7288
82.7709
82.8168
82.8458
82.8829
82.9
82.9269
82.9328
82.9489
82.9438
81.893
81.8946
81.8817
81.8714
81.848
81.8249
81.7922
81.7556
81.7148
81.6638
81.6158
81.5508
81.4949
81.4184
81.3515
81.2688
81.1857
81.1017
81.0013
80.913
80.8049
80.6993
80.5963
80.471
80.3593
80.245
80.1032
79.9693
79.854
79.7259
79.5723
79.4142
79.2741
79.1435
78.9954
78.8241
78.656
78.5098
78.3635
78.1898
78.0069
77.849
77.6964
77.5116
77.3274
77.1744
76.9968
76.8027
76.6516
76.4552
76.2881
76.1063
75.9296
75.7517
75.5743
75.3974
75.2212
75.0458
74.8714
74.6981
74.5262
74.3557
74.1869
74.0198
73.8548
73.6918
73.5312
73.373
73.2175
73.0648
72.915
72.7683
72.625
72.485
72.3487
72.216
72.0873
71.9626
71.8421
71.7259
71.6142
71.507
71.4045
71.3069
71.2141
71.1265
71.044
70.9667
70.8948
70.8283
70.7673
70.7119
70.6621
70.618
70.5798
70.5473
70.5207
70.4999
70.4851
70.4762
70.4732
70.4762
70.4851
70.4999
70.5207
70.5473
70.5798
70.618
70.6621
70.7119
70.7673
70.8283
70.8948
70.9667
71.044
71.1265
71.2141
71.3069
71.4045
71.507
71.6142
71.7259
71.8421
71.9626
72.0873
72.216
72.3487
72.485
72.625
72.7683
72.915
73.0648
73.2175
73.373
73.5312
73.6918
73.8548
74.0198
74.1869
74.3557
74.5262
74.6981
74.8714
75.0458
75.2212
75.3974
75.5743
75.7517
75.9296
76.1063
76.2881
76.4552
76.6516
76.8027
76.9968
77.1744
77.3274
77.5116
77.6964
77.849
78.0069
78.1898
78.3635
78.5098
78.656
78.8241
78.9954
79.1435
79.2741
79.4142
79.5723
79.7259
79.854
79.9693
80.1032
80.245
80.3593
80.471
80.5963
80.6993
80.8049
80.913
81.0013
81.1017
81.1857
81.2688
81.3515
81.4184
81.4949
81.5508
81.6158
81.6638
81.7148
81.7556
81.7922
81.8249
81.848
81.8714
81.8817
81.8946
81.893
80.7983
80.7937
80.7866
80.7695
80.7516
80.7214
80.6936
80.6499
80.6125
80.5559
80.5083
80.4409
80.3807
80.3061
80.2301
80.1519
80.0591
79.976
79.8725
79.7755
79.6727
79.5548
79.4506
79.3286
79.1968
79.0846
78.962
78.8127
78.6635
78.532
78.4043
78.2575
78.0904
77.9259
77.7795
77.6364
77.4718
77.2894
77.1189
76.967
76.8025
76.6121
76.4313
76.2735
76.0956
75.8972
75.7294
75.5567
75.352
75.1911
74.9938
74.8167
74.6307
74.4477
74.2643
74.0815
73.8993
73.718
73.5377
73.3586
73.1808
73.0046
72.83
72.6573
72.4866
72.3181
72.152
71.9884
71.8276
71.6696
71.5147
71.363
71.2147
71.07
70.9289
70.7917
70.6585
70.5295
70.4049
70.2846
70.169
70.0581
69.9521
69.851
69.7551
69.6644
69.579
69.499
69.4246
69.3558
69.2927
69.2353
69.1838
69.1382
69.0986
69.065
69.0374
69.016
69.0006
68.9914
68.9883
68.9914
69.0006
69.016
69.0374
69.065
69.0986
69.1382
69.1838
69.2353
69.2927
69.3558
69.4246
69.499
69.579
69.6644
69.7551
69.851
69.9521
70.0581
70.169
70.2846
70.4049
70.5295
70.6585
70.7917
70.9289
71.07
71.2147
71.363
71.5147
71.6696
71.8276
71.9884
72.152
72.3181
72.4866
72.6573
72.83
73.0046
73.1808
73.3586
73.5377
73.718
73.8993
74.0815
74.2643
74.4477
74.6307
74.8167
74.9938
75.1911
75.352
75.5567
75.7294
75.8972
76.0956
76.2735
76.4313
76.6121
76.8025
76.967
77.1189
77.2894
77.4718
77.6364
77.7795
77.9259
78.0904
78.2575
78.4043
78.532
78.6635
78.8127
78.962
79.0846
79.1968
79.3286
79.4506
79.5548
79.6727
79.7755
79.8725
79.976
80.0591
80.1519
80.2301
80.3061
80.3807
80.4409
80.5083
80.5559
80.6125
80.6499
80.6936
80.7214
80.7516
80.7695
80.7866
80.7937
80.7983
79.7346
79.7256
79.7223
79.7007
79.6855
79.6512
79.6243
79.5779
79.5387
79.4817
79.4288
79.3638
79.2952
79.2245
79.1398
79.0628
78.966
78.8767
78.7764
78.6677
78.5675
78.4459
78.3294
78.2178
78.0793
77.9389
77.8172
77.6927
77.5457
77.3836
77.228
77.0873
76.9462
76.7851
76.607
76.4351
76.2806
76.1238
75.9433
75.7529
75.5811
75.4191
75.2332
75.0346
74.8607
74.688
74.4842
74.2979
74.1266
73.9155
73.7432
73.5443
73.3583
73.1673
72.9782
72.7892
72.6009
72.4135
72.2271
72.0419
71.8581
71.6759
71.4954
71.3168
71.1402
70.966
70.7942
70.625
70.4586
70.2952
70.135
69.978
69.8246
69.6748
69.5289
69.3869
69.2491
69.1157
68.9866
68.8622
68.7425
68.6278
68.518
68.4135
68.3142
68.2203
68.1319
68.0491
67.9721
67.9008
67.8355
67.7761
67.7228
67.6756
67.6346
67.5998
67.5713
67.5491
67.5332
67.5236
67.5204
67.5236
67.5332
67.5491
67.5713
67.5998
67.6346
67.6756
67.7228
67.7761
67.8355
67.9008
67.9721
68.0491
68.1319
68.2203
68.3142
68.4135
68.518
68.6278
68.7425
68.8622
68.9866
69.1157
69.2491
69.3869
69.5289
69.6748
69.8246
69.978
70.135
70.2952
70.4586
70.625
70.7942
70.966
71.1402
71.3168
71.4954
71.6759
71.8581
72.0419
72.2271
72.4135
72.6009
72.7892
72.9782
73.1673
73.3583
73.5443
73.7432
73.9155
74.1266
74.2979
74.4842
74.688
74.8607
75.0346
75.2332
75.4191
75.5811
75.7529
75.9433
76.1238
76.2806
76.4351
76.607
76.7851
76.9462
77.0873
77.228
77.3836
77.5457
77.6927
77.8172
77.9389
78.0793
78.2178
78.3294
78.4459
78.5675
78.6677
78.7764
78.8767
78.966
79.0628
79.1398
79.2245
79.2952
79.3638
79.4288
79.4817
79.5387
79.5779
79.6243
79.6512
79.6855
79.7007
79.7223
79.7256
79.7346
78.6886
78.6794
78.6757
78.6538
78.6369
78.6029
78.5723
78.5275
78.4823
78.4281
78.3674
78.3054
78.229
78.159
78.0698
77.9879
77.8923
77.7925
77.6954
77.5789
77.4723
77.3555
77.2222
77.1055
76.9863
76.8412
76.6869
76.5442
76.4119
76.2717
76.1109
75.9376
75.7714
75.6191
75.4649
75.2904
75.1016
74.9224
74.7587
74.5864
74.3907
74.1956
74.0218
73.8424
73.6371
73.4421
73.2668
73.0641
72.8599
72.6846
72.4699
72.2856
72.0835
71.8893
71.6926
71.4971
71.3022
71.1081
70.9151
70.7233
70.5329
70.3442
70.1572
69.9722
69.7893
69.6088
69.4308
69.2554
69.083
68.9137
68.7476
68.5849
68.4259
68.2707
68.1194
67.9722
67.8294
67.691
67.5572
67.4282
67.3041
67.1851
67.0713
66.9628
66.8599
66.7625
66.6708
66.585
66.5051
66.4312
66.3634
66.3018
66.2465
66.1976
66.155
66.119
66.0894
66.0663
66.0498
66.0399
66.0366
66.0399
66.0498
66.0663
66.0894
66.119
66.155
66.1976
66.2465
66.3018
66.3634
66.4312
66.5051
66.585
66.6708
66.7625
66.8599
66.9628
67.0713
67.1851
67.3041
67.4282
67.5572
67.691
67.8294
67.9722
68.1194
68.2707
68.4259
68.5849
68.7476
68.9137
69.083
69.2554
69.4308
69.6088
69.7893
69.9722
70.1572
70.3442
70.5329
70.7233
70.9151
71.1081
71.3022
71.4971
71.6926
71.8893
72.0835
72.2856
72.4699
72.6846
72.8599
73.0641
73.2668
73.4421
73.6371
73.8424
74.0218
74.1956
74.3907
74.5864
74.7587
74.9224
75.1016
75.2904
75.4649
75.6191
75.7714
75.9376
76.1109
76.2717
76.4119
76.5442
76.6869
76.8412
76.9863
77.1055
77.2222
77.3555
77.4723
77.5789
77.6954
77.7925
77.8923
77.9879
78.0698
78.159
78.229
78.3054
78.3674
78.4281
78.4823
78.5275
78.5723
78.6029
78.6369
78.6538
78.6757
78.6794
78.6886
77.6042
77.5982
77.5906
77.5718
77.5501
77.5194
77.4828
77.4414
77.3895
77.3383
77.2713
77.21
77.1301
77.0562
76.9678
76.8773
76.785
76.6768
76.5779
76.4619
76.3428
76.2327
76.0988
75.955
75.8269
75.7029
75.5627
75.403
75.2383
75.0837
74.9384
74.7861
74.6143
74.4302
74.2531
74.0896
73.9229
73.7356
73.5374
73.3524
73.1791
72.99
72.7823
72.5876
72.4074
72.2054
71.9933
71.8074
71.6087
71.3912
71.2086
70.9921
70.7973
70.5917
70.3906
70.1886
69.9876
69.7874
69.5883
69.3905
69.1941
68.9993
68.8064
68.6155
68.4268
68.2405
68.0568
67.8758
67.6979
67.5231
67.3516
67.1837
67.0195
66.8592
66.703
66.5511
66.4036
66.2606
66.1225
65.9893
65.8611
65.7382
65.6207
65.5087
65.4023
65.3017
65.207
65.1183
65.0358
64.9595
64.8895
64.8259
64.7687
64.7182
64.6742
64.6369
64.6063
64.5825
64.5655
64.5553
64.5519
64.5553
64.5655
64.5825
64.6063
64.6369
64.6742
64.7182
64.7687
64.8259
64.8895
64.9595
65.0358
65.1183
65.207
65.3017
65.4023
65.5087
65.6207
65.7382
65.8611
65.9893
66.1225
66.2606
66.4036
66.5511
66.703
66.8592
67.0195
67.1837
67.3516
67.5231
67.6979
67.8758
68.0568
68.2405
68.4268
68.6155
68.8064
68.9993
69.1941
69.3905
69.5883
69.7874
69.9876
70.1886
70.3906
70.5917
70.7973
70.9921
71.2086
71.3912
71.6087
71.8074
71.9933
72.2054
72.4074
72.5876
72.7823
72.99
73.1791
73.3524
73.5374
73.7356
73.9229
74.0896
74.2531
74.4302
74.6143
74.7861
74.9384
75.0837
75.2383
75.403
75.5627
75.7029
75.8269
75.955
76.0988
76.2327
76.3428
76.4619
76.5779
76.6768
76.785
76.8773
76.9678
77.0562
77.1301
77.21
77.2713
77.3383
77.3895
77.4414
77.4828
77.5194
77.5501
77.5718
77.5906
77.5982
77.6042
76.5619
76.5602
76.5477
76.5326
76.5054
76.4777
76.4356
76.3959
76.3391
76.2873
76.2174
76.1521
76.0723
75.9908
75.9046
75.8055
75.7128
75.6012
75.4932
75.3815
75.2496
75.1297
75.0133
74.8739
74.7191
74.5683
74.4284
74.2898
74.1372
73.9665
73.789
73.6198
73.4605
73.2963
73.1136
72.9183
72.7302
72.5553
72.3751
72.1743
71.9676
71.7773
71.5915
71.384
71.1697
70.9765
70.7789
70.5573
70.3546
70.1575
69.9309
69.7376
69.5187
69.3141
69.1034
68.8953
68.6874
68.4804
68.2745
68.0699
67.8667
67.6653
67.4657
67.2682
67.0729
66.8801
66.69
66.5027
66.3185
66.1376
65.9601
65.7863
65.6163
65.4503
65.2886
65.1312
64.9785
64.8305
64.6874
64.5494
64.4167
64.2894
64.1676
64.0516
63.9414
63.8372
63.7391
63.6472
63.5617
63.4826
63.4101
63.3442
63.285
63.2326
63.187
63.1484
63.1167
63.092
63.0744
63.0638
63.0602
63.0638
63.0744
63.092
63.1167
63.1484
63.187
63.2326
63.285
63.3442
63.4101
63.4826
63.5617
63.6472
63.7391
63.8372
63.9414
64.0516
64.1676
64.2894
64.4167
64.5494
64.6874
64.8305
64.9785
65.1312
65.2886
65.4503
65.6163
65.7863
65.9601
66.1376
66.3185
66.5027
66.69
66.8801
67.0729
67.2682
67.4657
67.6653
67.8667
68.0699
68.2745
68.4804
68.6874
68.8953
69.1034
69.3141
69.5187
69.7376
69.9309
70.1575
70.3546
70.5573
70.7789
70.9765
71.1697
71.384
71.5915
71.7773
71.9676
72.1743
72.3751
72.5553
72.7302
72.9183
73.1136
73.2963
73.4605
73.6198
73.789
73.9665
74.1372
74.2898
74.4284
74.5683
74.7191
74.8739
75.0133
75.1297
75.2496
75.3815
75.4932
75.6012
75.7128
75.8055
75.9046
75.9908
76.0723
76.1521
76.2174
76.2873
76.3391
76.3959
76.4356
76.4777
76.5054
76.5326
76.5477
76.5602
76.5619
75.5325
75.5335
75.5178
75.5046
75.4741
75.447
75.402
75.361
75.3026
75.2468
75.1773
75.1052
75.0271
74.9377
74.8519
74.7479
74.6497
74.5401
74.4206
74.3116
74.1829
74.0382
73.9046
73.7789
73.6436
73.4896
73.3227
73.1568
73.0003
72.8477
72.6847
72.504
72.3138
72.1298
71.9565
71.7801
71.5859
71.3796
71.1814
70.9954
70.8008
70.5865
70.3737
70.178
69.9754
69.7518
69.5389
69.3398
69.1165
68.8962
68.6963
68.4641
68.2593
68.0372
67.8237
67.6073
67.3927
67.1787
66.9658
66.7542
66.5441
66.3358
66.1293
65.925
65.723
65.5235
65.3268
65.133
64.9424
64.7552
64.5715
64.3915
64.2156
64.0438
63.8763
63.7134
63.5553
63.402
63.2538
63.111
62.9735
62.8416
62.7155
62.5954
62.4812
62.3733
62.2717
62.1765
62.0879
62.006
61.9308
61.8625
61.8012
61.7469
61.6997
61.6597
61.6268
61.6013
61.583
61.572
61.5683
61.572
61.583
61.6013
61.6268
61.6597
61.6997
61.7469
61.8012
61.8625
61.9308
62.006
62.0879
62.1765
62.2717
62.3733
62.4812
62.5954
62.7155
62.8416
62.9735
63.111
63.2538
63.402
63.5553
63.7134
63.8763
64.0438
64.2156
64.3915
64.5715
64.7552
64.9424
65.133
65.3268
65.5235
65.723
65.925
66.1293
66.3358
66.5441
66.7542
66.9658
67.1787
67.3927
67.6073
67.8237
68.0372
68.2593
68.4641
68.6963
68.8962
69.1165
69.3398
69.5389
69.7518
69.9754
70.178
70.3737
70.5865
70.8008
70.9954
71.1814
71.3796
71.5859
71.7801
71.9565
72.1298
72.3138
72.504
72.6847
72.8477
73.0003
73.1568
73.3227
73.4896
73.6436
73.7789
73.9046
74.0382
74.1829
74.3116
74.4206
74.5401
74.6497
74.7479
74.8519
74.9377
75.0271
75.1052
75.1773
75.2468
75.3026
75.361
75.402
75.447
75.4741
75.5046
75.5178
75.5335
75.5325
74.4649
74.4661
74.4497
74.4358
74.4047
74.3753
74.3304
74.2852
74.2279
74.1661
74.0983
74.0193
73.9419
73.8473
73.7579
73.6535
73.5457
73.4389
73.3105
73.1887
73.0745
72.9414
72.7895
72.6343
72.4865
72.3446
72.1971
72.0341
71.8561
71.6746
71.5007
71.3335
71.1602
70.9701
70.7683
70.5708
70.3843
70.1958
69.9899
69.7734
69.5668
69.3702
69.1603
68.9345
68.7192
68.5153
68.2926
68.0627
67.8541
67.633
67.3988
67.1922
66.957
66.7416
66.5157
66.2948
66.073
65.8525
65.633
65.4148
65.1982
64.9833
64.7704
64.5596
64.3513
64.1455
63.9425
63.7426
63.5459
63.3527
63.1631
62.9774
62.7957
62.6184
62.4455
62.2774
62.1141
61.9558
61.8028
61.6553
61.5133
61.3772
61.2469
61.1228
61.0049
60.8934
60.7885
60.6902
60.5986
60.514
60.4364
60.3658
60.3025
60.2464
60.1976
60.1562
60.1223
60.0959
60.077
60.0657
60.0619
60.0657
60.077
60.0959
60.1223
60.1562
60.1976
60.2464
60.3025
60.3658
60.4364
60.514
60.5986
60.6902
60.7885
60.8934
61.0049
61.1228
61.2469
61.3772
61.5133
61.6553
61.8028
61.9558
62.1141
62.2774
62.4455
62.6184
62.7957
62.9774
63.1631
63.3527
63.5459
63.7426
63.9425
64.1455
64.3513
64.5596
64.7704
64.9833
65.1982
65.4148
65.633
65.8525
66.073
66.2948
66.5157
66.7416
66.957
67.1922
67.3988
67.633
67.8541
68.0627
68.2926
68.5153
68.7192
68.9345
69.1603
69.3702
69.5668
69.7734
69.9899
70.1958
70.3843
70.5708
70.7683
70.9701
71.1602
71.3335
71.5007
71.6746
71.8561
72.0341
72.1971
72.3446
72.4865
72.6343
72.7895
72.9414
73.0745
73.1887
73.3105
73.4389
73.5457
73.6535
73.7579
73.8473
73.9419
74.0193
74.0983
74.1661
74.2279
74.2852
74.3304
74.3753
74.4047
74.4358
74.4497
74.4661
74.4649
73.4511
73.4502
73.4354
73.4182
73.3885
73.3547
73.3112
73.2603
73.2043
73.1363
73.0688
72.9847
72.9047
72.8083
72.7117
72.6093
72.4923
72.3851
72.2625
72.1195
71.9825
71.8545
71.7225
71.5756
71.4125
71.2418
71.0745
70.9142
70.7538
70.5819
70.394
70.1979
70.0065
69.8236
69.6384
69.438
69.2245
69.014
68.8147
68.6132
68.3942
68.1676
67.9536
67.7445
67.5178
67.2839
67.0671
66.8468
66.6068
66.3824
66.1615
65.9173
65.7005
65.462
65.2364
65.0052
64.7769
64.5488
64.322
64.0965
63.8726
63.6504
63.4303
63.2123
62.9968
62.784
62.5741
62.3672
62.1637
61.9638
61.7676
61.5754
61.3875
61.2039
61.025
60.8509
60.6819
60.5181
60.3597
60.2069
60.0599
59.9189
59.784
59.6555
59.5334
59.4179
59.3092
59.2074
59.1125
59.0249
58.9445
58.8714
58.8057
58.7476
58.6971
58.6543
58.6191
58.5918
58.5722
58.5604
58.5565
58.5604
58.5722
58.5918
58.6191
58.6543
58.6971
58.7476
58.8057
58.8714
58.9445
59.0249
59.1125
59.2074
59.3092
59.4179
59.5334
59.6555
59.784
59.9189
60.0599
60.2069
60.3597
60.5181
60.6819
60.8509
61.025
61.2039
61.3875
61.5754
61.7676
61.9638
62.1637
62.3672
62.5741
62.784
62.9968
63.2123
63.4303
63.6504
63.8726
64.0965
64.322
64.5488
64.7769
65.0052
65.2364
65.462
65.7005
65.9173
66.1615
66.3824
66.6068
66.8468
67.0671
67.2839
67.5178
67.7445
67.9536
68.1676
68.3942
68.6132
68.8147
69.014
69.2245
69.438
69.6384
69.8236
70.0065
70.1979
70.394
70.5819
70.7538
70.9142
71.0745
71.2418
71.4125
71.5756
71.7225
71.8545
71.9825
72.1195
72.2625
72.3851
72.4923
72.6093
72.7117
72.8083
72.9047
72.9847
73.0688
73.1363
73.2043
73.2603
73.3112
73.3547
73.3885
73.4182
73.4354
73.4502
73.4511
72.4522
72.448
72.4358
72.4146
72.3868
72.3482
72.3058
72.2498
72.1937
72.121
72.051
71.9643
71.8781
71.7819
71.6761
71.5738
71.4502
71.3277
71.2154
71.0883
70.9413
70.7852
70.631
70.4829
70.3354
70.1788
70.0068
69.8226
69.6362
69.4558
69.2798
69.0977
68.9005
68.6916
68.4839
68.2851
68.0869
67.8752
67.6499
67.4277
67.2163
67.0009
66.7682
66.5332
66.3123
66.0879
65.8452
65.6096
65.3861
65.143
64.9018
64.6771
64.4264
64.1982
63.9556
63.7208
63.4835
63.2481
63.0136
62.7805
62.549
62.3192
62.0916
61.8662
61.6433
61.4231
61.2059
60.9919
60.7813
60.5744
60.3714
60.1724
59.9779
59.7879
59.6026
59.4224
59.2473
59.0777
58.9136
58.7554
58.6032
58.4571
58.3174
58.1842
58.0578
57.9381
57.8255
57.72
57.6217
57.5309
57.4476
57.3718
57.3038
57.2436
57.1912
57.1468
57.1104
57.0821
57.0618
57.0496
57.0455
57.0496
57.0618
57.0821
57.1104
57.1468
57.1912
57.2436
57.3038
57.3718
57.4476
57.5309
57.6217
57.72
57.8255
57.9381
58.0578
58.1842
58.3174
58.4571
58.6032
58.7554
58.9136
59.0777
59.2473
59.4224
59.6026
59.7879
59.9779
60.1724
60.3714
60.5744
60.7813
60.9919
61.2059
61.4231
61.6433
61.8662
62.0916
62.3192
62.549
62.7805
63.0136
63.2481
63.4835
63.7208
63.9556
64.1982
64.4264
64.6771
64.9018
65.143
65.3861
65.6096
65.8452
66.0879
66.3123
66.5332
66.7682
67.0009
67.2163
67.4277
67.6499
67.8752
68.0869
68.2851
68.4839
68.6916
68.9005
69.0977
69.2798
69.4558
69.6362
69.8226
70.0068
70.1788
70.3354
70.4829
70.631
70.7852
70.9413
71.0883
71.2154
71.3277
71.4502
71.5738
71.6761
71.7819
71.8781
71.9643
72.051
72.121
72.1937
72.2498
72.3058
72.3482
72.3868
72.4146
72.4358
72.448
72.4522
71.406
71.399
71.3888
71.3642
71.3376
71.2953
71.2529
71.1936
71.1356
71.061
70.9864
70.8999
70.8066
70.7116
70.5994
70.4946
70.3788
70.2396
70.101
69.9706
69.8401
69.6995
69.5432
69.3741
69.2005
69.0303
68.8645
68.6963
68.5166
68.3225
68.1204
67.9208
67.7279
67.5338
67.3273
67.1071
66.8852
66.6719
66.461
66.2374
66.0009
65.7687
65.5466
65.3168
65.0715
64.8314
64.6026
64.36
64.1089
63.8749
63.6324
63.3779
63.1461
62.8914
62.6527
62.4057
62.1632
61.9201
61.6786
61.4383
61.1997
60.9629
60.7282
60.4958
60.2659
60.0389
59.8149
59.5941
59.3769
59.1634
58.954
58.7487
58.5479
58.3518
58.1607
57.9746
57.7939
57.6188
57.4495
57.2861
57.1289
56.9781
56.8339
56.6963
56.5657
56.4422
56.3258
56.2169
56.1154
56.0216
55.9355
55.8572
55.787
55.7248
55.6707
55.6248
55.5872
55.5579
55.5369
55.5243
55.5201
55.5243
55.5369
55.5579
55.5872
55.6248
55.6707
55.7248
55.787
55.8572
55.9355
56.0216
56.1154
56.2169
56.3258
56.4422
56.5657
56.6963
56.8339
56.9781
57.1289
57.2861
57.4495
57.6188
57.7939
57.9746
58.1607
58.3518
58.5479
58.7487
58.954
59.1634
59.3769
59.5941
59.8149
60.0389
60.2659
60.4958
60.7282
60.9629
61.1997
61.4383
61.6786
61.9201
62.1632
62.4057
62.6527
62.8914
63.1461
63.3779
63.6324
63.8749
64.1089
64.36
64.6026
64.8314
65.0715
65.3168
65.5466
65.7687
66.0009
66.2374
66.461
66.6719
66.8852
67.1071
67.3273
67.5338
67.7279
67.9208
68.1204
68.3225
68.5166
68.6963
68.8645
69.0303
69.2005
69.3741
69.5432
69.6995
69.8401
69.9706
70.101
70.2396
70.3788
70.4946
70.5994
70.7116
70.8066
70.8999
70.9864
71.061
71.1356
71.1936
71.2529
71.2953
71.3376
71.3642
71.3888
71.399
71.406
70.4085
70.3999
70.3903
70.3635
70.336
70.2914
70.2465
70.1853
70.1227
70.0473
69.966
69.8793
69.7783
69.681
69.5641
69.4429
69.3331
69.2126
69.0728
68.9198
68.763
68.6092
68.4585
68.3048
68.1404
67.9619
67.7727
67.5813
67.394
67.2097
67.0198
66.8167
66.6016
66.3845
66.1737
65.9656
65.7482
65.5165
65.2811
65.054
64.8297
64.5929
64.3448
64.1037
63.8701
63.6242
63.3683
63.1249
62.8822
62.6221
62.3726
62.1283
61.8643
61.6221
61.3631
61.1144
60.8616
60.6115
60.3618
60.1138
59.8673
59.6227
59.3802
59.1401
58.9026
58.6679
58.4364
58.2082
57.9837
57.763
57.5464
57.3341
57.1265
56.9237
56.7259
56.5335
56.3465
56.1653
55.9901
55.8211
55.6584
55.5024
55.3531
55.2107
55.0755
54.9476
54.8272
54.7144
54.6093
54.5122
54.4231
54.3421
54.2693
54.2049
54.1489
54.1014
54.0624
54.0321
54.0104
53.9974
53.993
53.9974
54.0104
54.0321
54.0624
54.1014
54.1489
54.2049
54.2693
54.3421
54.4231
54.5122
54.6093
54.7144
54.8272
54.9476
55.0755
55.2107
55.3531
55.5024
55.6584
55.8211
55.9901
56.1653
56.3465
56.5335
56.7259
56.9237
57.1265
57.3341
57.5464
57.763
57.9837
58.2082
58.4364
58.6679
58.9026
59.1401
59.3802
59.6227
59.8673
60.1138
60.3618
60.6115
60.8616
61.1144
61.3631
61.6221
61.8643
62.1283
62.3726
62.6221
62.8822
63.1249
63.3683
63.6242
63.8701
64.1037
64.3448
64.5929
64.8297
65.054
65.2811
65.5165
65.7482
65.9656
66.1737
66.3845
66.6016
66.8167
67.0198
67.2097
67.394
67.5813
67.7727
67.9619
68.1404
68.3048
68.4585
68.6092
68.763
68.9198
69.0728
69.2126
69.3331
69.4429
69.5641
69.681
69.7783
69.8793
69.966
70.0473
70.1227
70.1853
70.2465
70.2914
70.336
70.3635
70.3903
70.3999
70.4085
69.4492
69.4406
69.4299
69.4025
69.3726
69.3271
69.2782
69.2164
69.1481
69.0726
68.9846
68.8972
68.7917
68.6901
68.5814
68.4473
68.3089
68.1763
68.0455
67.9089
67.7597
67.5962
67.4222
67.2449
67.07
66.8973
66.7211
66.5342
66.334
66.1252
65.9167
65.7129
65.509
65.2957
65.069
64.8362
64.6081
64.3849
64.1548
63.9107
63.6625
63.4225
63.1844
62.9329
62.6738
62.4247
62.1774
61.9147
61.6531
61.4037
61.1402
60.8747
60.6244
60.3534
60.0996
59.8353
59.577
59.3173
59.0596
58.8029
58.548
58.295
58.0441
57.7956
57.5498
57.307
57.0673
56.8311
56.5986
56.37
56.1457
55.9259
55.7108
55.5007
55.2959
55.0965
54.9028
54.715
54.5334
54.3582
54.1897
54.0279
53.8731
53.7255
53.5854
53.4528
53.3279
53.2109
53.102
53.0012
52.9088
52.8248
52.7494
52.6826
52.6245
52.5752
52.5348
52.5033
52.4808
52.4673
52.4628
52.4673
52.4808
52.5033
52.5348
52.5752
52.6245
52.6826
52.7494
52.8248
52.9088
53.0012
53.102
53.2109
53.3279
53.4528
53.5854
53.7255
53.8731
54.0279
54.1897
54.3582
54.5334
54.715
54.9028
55.0965
55.2959
55.5007
55.7108
55.9259
56.1457
56.37
56.5986
56.8311
57.0673
57.307
57.5498
57.7956
58.0441
58.295
58.548
58.8029
59.0596
59.3173
59.577
59.8353
60.0996
60.3534
60.6244
60.8747
61.1402
61.4037
61.6531
61.9147
62.1774
62.4247
62.6738
62.9329
63.1844
63.4225
63.6625
63.9107
64.1548
64.3849
64.6081
64.8362
65.069
65.2957
65.509
65.7129
65.9167
66.1252
66.334
66.5342
66.7211
66.8973
67.07
67.2449
67.4222
67.5962
67.7597
67.9089
68.0455
68.1763
68.3089
68.4473
68.5814
68.6901
68.7917
68.8972
68.9846
69.0726
69.1481
69.2164
69.2782
69.3271
69.3726
69.4025
69.4299
69.4406
69.4492
68.4392
68.4319
68.4189
68.3918
68.3583
68.3127
68.2588
68.1966
68.1222
68.0453
67.9513
67.8594
67.7501
67.6315
67.5243
67.4101
67.278
67.1308
66.9749
66.8173
66.6615
66.5061
66.3457
66.1745
65.9902
65.796
65.5986
65.4034
65.2101
65.0122
64.8031
64.5819
64.3556
64.1324
63.9127
63.6878
63.4502
63.2039
62.9605
62.7229
62.4799
62.2235
61.9639
61.7128
61.461
61.1953
60.9281
60.6716
60.408
60.1333
59.8714
59.6063
59.3289
59.0699
58.794
58.5297
58.2599
57.9937
57.7275
57.4631
57.2002
56.9392
56.6805
56.4242
56.1706
55.9201
55.6728
55.429
55.189
54.9532
54.7216
54.4947
54.2726
54.0556
53.8441
53.6381
53.438
53.2441
53.0565
52.8755
52.7013
52.5342
52.3742
52.2217
52.0769
51.9398
51.8107
51.6898
51.5772
51.4731
51.3775
51.2907
51.2127
51.1436
51.0836
51.0327
50.9909
50.9583
50.9351
50.9211
50.9164
50.9211
50.9351
50.9583
50.9909
51.0327
51.0836
51.1436
51.2127
51.2907
51.3775
51.4731
51.5772
51.6898
51.8107
51.9398
52.0769
52.2217
52.3742
52.5342
52.7013
52.8755
53.0565
53.2441
53.438
53.6381
53.8441
54.0556
54.2726
54.4947
54.7216
54.9532
55.189
55.429
55.6728
55.9201
56.1706
56.4242
56.6805
56.9392
57.2002
57.4631
57.7275
57.9937
58.2599
58.5297
58.794
59.0699
59.3289
59.6063
59.8714
60.1333
60.408
60.6716
60.9281
61.1953
61.461
61.7128
61.9639
62.2235
62.4799
62.7229
62.9605
63.2039
63.4502
63.6878
63.9127
64.1324
64.3556
64.5819
64.8031
65.0122
65.2101
65.4034
65.5986
65.796
65.9902
66.1745
66.3457
66.5061
66.6615
66.8173
66.9749
67.1308
67.278
67.4101
67.5243
67.6315
67.7501
67.8594
67.9513
68.0453
68.1222
68.1966
68.2588
68.3127
68.3583
68.3918
68.4189
68.4319
68.4392
67.4349
67.4293
67.4134
67.3871
67.3496
67.3041
67.2454
67.1827
67.1037
67.0249
66.9286
66.8322
66.7319
66.6054
66.4698
66.3368
66.2056
66.0717
65.9291
65.7737
65.6053
65.4278
65.247
65.0671
64.8878
64.7047
64.512
64.3069
64.0927
63.8761
63.6621
63.4488
63.2291
62.9972
62.7562
62.5152
62.2787
62.0406
61.7913
61.5322
61.2749
61.0235
60.7668
60.4976
60.2277
59.9662
59.6995
59.4207
59.1483
58.8812
58.5999
58.3228
58.0537
57.7678
57.4983
57.2174
56.9435
56.6675
56.3937
56.1209
55.85
55.5809
55.314
55.0497
54.7881
54.5296
54.2744
54.0229
53.7752
53.5317
53.2927
53.0584
52.8291
52.6051
52.3866
52.1739
51.9672
51.7669
51.5731
51.3861
51.2061
51.0334
50.8681
50.7105
50.5608
50.4191
50.2857
50.1607
50.0444
49.9367
49.8379
49.7481
49.6675
49.5961
49.534
49.4813
49.4381
49.4045
49.3804
49.366
49.3611
49.366
49.3804
49.4045
49.4381
49.4813
49.534
49.5961
49.6675
49.7481
49.8379
49.9367
50.0444
50.1607
50.2857
50.4191
50.5608
50.7105
50.8681
51.0334
51.2061
51.3861
51.5731
51.7669
51.9672
52.1739
52.3866
52.6051
52.8291
53.0584
53.2927
53.5317
53.7752
54.0229
54.2744
54.5296
54.7881
55.0497
55.314
55.5809
55.85
56.1209
56.3937
56.6675
56.9435
57.2174
57.4983
57.7678
58.0537
58.3228
58.5999
58.8812
59.1483
59.4207
59.6995
59.9662
60.2277
60.4976
60.7668
61.0235
61.2749
61.5322
61.7913
62.0406
62.2787
62.5152
62.7562
62.9972
63.2291
63.4488
63.6621
63.8761
64.0927
64.3069
64.512
64.7047
64.8878
65.0671
65.247
65.4278
65.6053
65.7737
65.9291
66.0717
66.2056
66.3368
66.4698
66.6054
66.7319
66.8322
66.9286
67.0249
67.1037
67.1827
67.2454
67.3041
67.3496
67.3871
67.4134
67.4293
67.4349
66.5143
66.5101
66.4912
66.4647
66.4228
66.3756
66.3115
66.2452
66.1608
66.0753
65.9748
65.8601
65.7559
65.6477
65.5239
65.3845
65.233
65.075
64.9153
64.7559
64.5948
64.4279
64.2507
64.0614
63.8623
63.6587
63.4552
63.2526
63.0467
62.8314
62.6045
62.37
62.1349
61.9026
61.6685
61.4248
61.1702
60.9123
60.6586
60.4055
60.1428
59.8702
59.5992
59.3339
59.062
58.7792
58.4998
58.2263
57.9425
57.6538
57.376
57.0905
56.799
56.5213
56.2282
55.947
55.6594
55.3759
55.0921
54.8103
54.5299
54.2516
53.9755
53.7019
53.4312
53.1637
52.8995
52.639
52.3826
52.1304
51.8829
51.6402
51.4026
51.1705
50.9441
50.7237
50.5095
50.3018
50.1009
49.9071
49.7205
49.5414
49.37
49.2066
49.0513
48.9044
48.766
48.6364
48.5156
48.404
48.3015
48.2084
48.1247
48.0506
47.9862
47.9315
47.8867
47.8518
47.8268
47.8118
47.8068
47.8118
47.8268
47.8518
47.8867
47.9315
47.9862
48.0506
48.1247
48.2084
48.3015
48.404
48.5156
48.6364
48.766
48.9044
49.0513
49.2066
49.37
49.5414
49.7205
49.9071
50.1009
50.3018
50.5095
50.7237
50.9441
51.1705
51.4026
51.6402
51.8829
52.1304
52.3826
52.639
52.8995
53.1637
53.4312
53.7019
53.9755
54.2516
54.5299
54.8103
55.0921
55.3759
55.6594
55.947
56.2282
56.5213
56.799
57.0905
57.376
57.6538
57.9425
58.2263
58.4998
58.7792
59.062
59.3339
59.5992
59.8702
60.1428
60.4055
60.6586
60.9123
61.1702
61.4248
61.6685
61.9026
62.1349
62.37
62.6045
62.8314
63.0467
63.2526
63.4552
63.6587
63.8623
64.0614
64.2507
64.4279
64.5948
64.7559
64.9153
65.075
65.233
65.3845
65.5239
65.6477
65.7559
65.8601
65.9748
66.0753
66.1608
66.2452
66.3115
66.3756
66.4228
66.4647
66.4912
66.5101
66.5143
65.5852
65.5819
65.5607
65.5337
65.4886
65.4395
65.3723
65.3027
65.217
65.1266
65.0352
64.9172
64.7857
64.653
64.5206
64.3868
64.2476
64.0985
63.9372
63.7641
63.5824
63.3965
63.2097
63.0224
62.8314
62.632
62.4215
62.2011
61.9758
61.7505
61.5259
61.2974
61.0591
60.8103
60.5568
60.3051
60.0546
59.7977
59.5298
59.2566
58.9869
58.7186
58.4417
58.1557
57.8724
57.5935
57.3059
57.011
56.7234
56.4354
56.136
55.8434
55.553
55.2505
54.9619
54.6623
54.3701
54.0752
53.7828
53.4913
53.2017
52.914
52.6285
52.3457
52.0658
51.789
51.5158
51.2464
50.981
50.7201
50.4639
50.2127
49.9668
49.7265
49.4921
49.2638
49.0421
48.827
48.6189
48.4181
48.2248
48.0392
47.8617
47.6923
47.5314
47.3792
47.2358
47.1014
46.9763
46.8605
46.7543
46.6578
46.571
46.4942
46.4274
46.3708
46.3243
46.2881
46.2622
46.2467
46.2415
46.2467
46.2622
46.2881
46.3243
46.3708
46.4274
46.4942
46.571
46.6578
46.7543
46.8605
46.9763
47.1014
47.2358
47.3792
47.5314
47.6923
47.8617
48.0392
48.2248
48.4181
48.6189
48.827
49.0421
49.2638
49.4921
49.7265
49.9668
50.2127
50.4639
50.7201
50.981
51.2464
51.5158
51.789
52.0658
52.3457
52.6285
52.914
53.2017
53.4913
53.7828
54.0752
54.3701
54.6623
54.9619
55.2505
55.553
55.8434
56.136
56.4354
56.7234
57.011
57.3059
57.5935
57.8724
58.1557
58.4417
58.7186
58.9869
59.2566
59.5298
59.7977
60.0546
60.3051
60.5568
60.8103
61.0591
61.2974
61.5259
61.7505
61.9758
62.2011
62.4215
62.632
62.8314
63.0224
63.2097
63.3965
63.5824
63.7641
63.9372
64.0985
64.2476
64.3868
64.5206
64.653
64.7857
64.9172
65.0352
65.1266
65.217
65.3027
65.3723
65.4395
65.4886
65.5337
65.5607
65.5819
65.5852
64.6022
64.5989
64.5757
64.5464
64.4978
64.444
64.3724
64.2948
64.2043
64.0949
63.9941
63.8917
63.776
63.6457
63.5016
63.3473
63.1872
63.0243
62.86
62.693
62.52
62.3375
62.144
61.9406
61.7312
61.5197
61.3079
61.0935
60.872
60.6401
60.3989
60.1535
59.9086
59.6636
59.4128
59.1518
58.8829
58.6137
58.3468
58.0761
57.7952
57.5083
57.2245
56.942
56.651
56.3527
56.0591
55.7668
55.4644
55.1611
54.8651
54.5603
54.2537
53.9564
53.6462
53.3469
53.0411
52.7397
52.4377
52.1378
51.8393
51.5429
51.2488
50.9573
50.6687
50.3834
50.1017
49.8238
49.5502
49.281
49.0167
48.7575
48.5038
48.2558
48.0139
47.7783
47.5493
47.3273
47.1125
46.9051
46.7055
46.5139
46.3305
46.1556
45.9894
45.8321
45.6839
45.5451
45.4158
45.2962
45.1865
45.0867
44.9971
44.9177
44.8487
44.7901
44.7421
44.7047
44.6779
44.6619
44.6565
44.6619
44.6779
44.7047
44.7421
44.7901
44.8487
44.9177
44.9971
45.0867
45.1865
45.2962
45.4158
45.5451
45.6839
45.8321
45.9894
46.1556
46.3305
46.5139
46.7055
46.9051
47.1125
47.3273
47.5493
47.7783
48.0139
48.2558
48.5038
48.7575
49.0167
49.281
49.5502
49.8238
50.1017
50.3834
50.6687
50.9573
51.2488
51.5429
51.8393
52.1378
52.4377
52.7397
53.0411
53.3469
53.6462
53.9564
54.2537
54.5603
54.8651
55.1611
55.4644
55.7668
56.0591
56.3527
56.651
56.942
57.2245
57.5083
57.7952
58.0761
58.3468
58.6137
58.8829
59.1518
59.4128
59.6636
59.9086
60.1535
60.3989
60.6401
60.872
61.0935
61.3079
61.5197
61.7312
61.9406
62.144
62.3375
62.52
62.693
62.86
63.0243
63.1872
63.3473
63.5016
63.6457
63.776
63.8917
63.9941
64.0949
64.2043
64.2948
64.3724
64.444
64.4978
64.5464
64.5757
64.5989
64.6022
63.6421
63.638
63.6139
63.582
63.5318
63.4744
63.4026
63.3213
63.2405
63.1334
63.0088
62.8793
62.7473
62.6135
62.4759
62.3315
62.1775
62.0122
61.8359
61.651
61.4607
61.2679
61.0734
60.8753
60.6703
60.4556
60.2309
59.9992
59.7647
59.5297
59.2924
59.0482
58.794
58.5319
58.2675
58.004
57.7381
57.464
57.1808
56.8952
56.612
56.3265
56.0318
55.7314
55.4342
55.1374
54.8316
54.522
54.2182
53.9108
53.5953
53.2864
52.9763
52.6581
52.3508
52.0337
51.7236
51.4106
51.1004
50.7908
50.4832
50.1775
49.8742
49.5735
49.2758
48.9814
48.6906
48.4039
48.1214
47.8435
47.5706
47.3029
47.0409
46.7847
46.5348
46.2914
46.0548
45.8254
45.6034
45.3891
45.1827
44.9846
44.795
44.6142
44.4423
44.2797
44.1265
43.983
43.8492
43.7255
43.612
43.5088
43.4161
43.334
43.2626
43.202
43.1524
43.1136
43.086
43.0693
43.0638
43.0693
43.086
43.1136
43.1524
43.202
43.2626
43.334
43.4161
43.5088
43.612
43.7255
43.8492
43.983
44.1265
44.2797
44.4423
44.6142
44.795
44.9846
45.1827
45.3891
45.6034
45.8254
46.0548
46.2914
46.5348
46.7847
47.0409
47.3029
47.5706
47.8435
48.1214
48.4039
48.6906
48.9814
49.2758
49.5735
49.8742
50.1775
50.4832
50.7908
51.1004
51.4106
51.7236
52.0337
52.3508
52.6581
52.9763
53.2864
53.5953
53.9108
54.2182
54.522
54.8316
55.1374
55.4342
55.7314
56.0318
56.3265
56.612
56.8952
57.1808
57.464
57.7381
58.004
58.2675
58.5319
58.794
59.0482
59.2924
59.5297
59.7647
59.9992
60.2309
60.4556
60.6703
60.8753
61.0734
61.2679
61.4607
61.651
61.8359
62.0122
62.1775
62.3315
62.4759
62.6135
62.7473
62.8793
63.0088
63.1334
63.2405
63.3213
63.4026
63.4744
63.5318
63.582
63.6139
63.638
63.6421
62.7936
62.7876
62.7614
62.7236
62.6682
62.6006
62.521
62.418
62.3205
62.2227
62.1136
61.9915
61.8557
61.7078
61.5506
61.387
61.2195
61.0491
60.8751
60.6954
60.5073
60.3093
60.1016
59.8864
59.6671
59.4456
59.2218
58.9926
58.7549
58.5076
58.2533
57.9963
57.7386
57.4779
57.2096
56.9321
56.6493
56.3663
56.083
55.7936
55.4953
55.1934
54.8935
54.5919
54.2818
53.9673
53.6564
53.3437
53.0225
52.7023
52.386
52.0614
51.7373
51.4186
51.09
50.7704
50.445
50.1238
49.8019
49.4821
49.1637
48.8474
48.5334
48.2222
47.9139
47.6091
47.308
47.0109
46.7183
46.4304
46.1476
45.8702
45.5986
45.333
45.0739
44.8215
44.5762
44.3382
44.1079
43.8856
43.6716
43.466
43.2693
43.0817
42.9033
42.7345
42.5755
42.4265
42.2877
42.1593
42.0414
41.9343
41.838
41.7528
41.6787
41.6158
41.5642
41.524
41.4953
41.478
41.4722
41.478
41.4953
41.524
41.5642
41.6158
41.6787
41.7528
41.838
41.9343
42.0414
42.1593
42.2877
42.4265
42.5755
42.7345
42.9033
43.0817
43.2693
43.466
43.6716
43.8856
44.1079
44.3382
44.5762
44.8215
45.0739
45.333
45.5986
45.8702
46.1476
46.4304
46.7183
47.0109
47.308
47.6091
47.9139
48.2222
48.5334
48.8474
49.1637
49.4821
49.8019
50.1238
50.445
50.7704
51.09
51.4186
51.7373
52.0614
52.386
52.7023
53.0225
53.3437
53.6564
53.9673
54.2818
54.5919
54.8935
55.1934
55.4953
55.7936
56.083
56.3663
56.6493
56.9321
57.2096
57.4779
57.7386
57.9963
58.2533
58.5076
58.7549
58.9926
59.2218
59.4456
59.6671
59.8864
60.1016
60.3093
60.5073
60.6954
60.8751
61.0491
61.2195
61.387
61.5506
61.7078
61.8557
61.9915
62.1136
62.2227
62.3205
62.418
62.521
62.6006
62.6682
62.7236
62.7614
62.7876
62.7936
61.9545
61.9466
61.9201
61.8784
61.8229
61.752
61.6822
61.5864
61.4697
61.3443
61.2129
61.0776
60.9384
60.794
60.6427
60.4823
60.3117
60.131
59.9414
59.7453
59.5449
59.3414
59.1342
58.9213
58.7002
58.4697
58.231
57.9868
57.74
57.4908
57.237
56.9753
56.7047
56.4279
56.1491
55.8693
55.5848
55.2919
54.992
54.6904
54.3891
54.0833
53.7693
53.4515
53.1356
52.8174
52.4915
52.1635
51.8389
51.5096
51.1747
50.8449
50.5123
50.1745
49.8445
49.5066
49.1746
48.8401
48.5081
48.1768
47.8474
47.5199
47.1949
46.8726
46.5534
46.2377
45.9258
45.618
45.3147
45.0163
44.7232
44.4356
44.154
43.8786
43.6099
43.3481
43.0936
42.8467
42.6078
42.3771
42.155
41.9416
41.7375
41.5427
41.3575
41.1823
41.0172
40.8625
40.7183
40.585
40.4626
40.3513
40.2514
40.1628
40.0858
40.0205
39.9669
39.9252
39.8953
39.8774
39.8714
39.8774
39.8953
39.9252
39.9669
40.0205
40.0858
40.1628
40.2514
40.3513
40.4626
40.585
40.7183
40.8625
41.0172
41.1823
41.3575
41.5427
41.7375
41.9416
42.155
42.3771
42.6078
42.8467
43.0936
43.3481
43.6099
43.8786
44.154
44.4356
44.7232
45.0163
45.3147
45.618
45.9258
46.2377
46.5534
46.8726
47.1949
47.5199
47.8474
48.1768
48.5081
48.8401
49.1746
49.5066
49.8445
50.1745
50.5123
50.8449
51.1747
51.5096
51.8389
52.1635
52.4915
52.8174
53.1356
53.4515
53.7693
54.0833
54.3891
54.6904
54.992
55.2919
55.5848
55.8693
56.1491
56.4279
56.7047
56.9753
57.237
57.4908
57.74
57.9868
58.231
58.4697
58.7002
58.9213
59.1342
59.3414
59.5449
59.7453
59.9414
60.131
60.3117
60.4823
60.6427
60.794
60.9384
61.0776
61.2129
61.3443
61.4697
61.5864
61.6822
61.752
61.8229
61.8784
61.9201
61.9466
61.9545
61.0694
61.0581
61.0273
60.9748
60.9085
60.813
60.7181
60.6231
60.5179
60.4016
60.2728
60.1319
59.98
59.819
59.6511
59.4779
59.3006
59.1189
58.9317
58.7374
58.5343
58.3222
58.1018
57.8754
57.6449
57.4111
57.1729
56.9281
56.6748
56.4132
56.1459
55.8755
55.6027
55.325
55.0396
54.7463
54.4487
54.1498
53.8483
53.5401
53.2246
52.9063
52.5881
52.2664
51.9373
51.6052
51.2747
50.9409
50.6006
50.2612
49.9231
49.5783
49.2345
48.8933
48.5451
48.2035
47.8573
47.5145
47.1713
46.83
46.4902
46.1524
45.8171
45.4845
45.1551
44.8291
44.5071
44.1893
43.8761
43.5679
43.265
42.9679
42.6769
42.3923
42.1145
41.8439
41.5808
41.3255
41.0785
40.8399
40.6101
40.3895
40.1783
39.9767
39.7852
39.6039
39.4331
39.273
39.1238
38.9858
38.8591
38.7439
38.6404
38.5488
38.4691
38.4015
38.346
38.3028
38.2719
38.2533
38.2471
38.2533
38.2719
38.3028
38.346
38.4015
38.4691
38.5488
38.6404
38.7439
38.8591
38.9858
39.1238
39.273
39.4331
39.6039
39.7852
39.9767
40.1783
40.3895
40.6101
40.8399
41.0785
41.3255
41.5808
41.8439
42.1145
42.3923
42.6769
42.9679
43.265
43.5679
43.8761
44.1893
44.5071
44.8291
45.1551
45.4845
45.8171
46.1524
46.4902
46.83
47.1713
47.5145
47.8573
48.2035
48.5451
48.8933
49.2345
49.5783
49.9231
50.2612
50.6006
50.9409
51.2747
51.6052
51.9373
52.2664
52.5881
52.9063
53.2246
53.5401
53.8483
54.1498
54.4487
54.7463
55.0396
55.325
55.6027
55.8755
56.1459
56.4132
56.6748
56.9281
57.1729
57.4111
57.6449
57.8754
58.1018
58.3222
58.5343
58.7374
58.9317
59.1189
59.3006
59.4779
59.6511
59.819
59.98
60.1319
60.2728
60.4016
60.5179
60.6231
60.7181
60.813
60.9085
60.9748
61.0273
61.0581
61.0694
60.1005
60.0869
60.0558
60.001
59.9452
59.863
59.7563
59.6376
59.5093
59.3744
59.234
59.0884
58.937
58.7789
58.6128
58.4379
58.2538
58.0612
57.8612
57.6555
57.4452
57.2306
57.0108
56.7842
56.5497
56.3067
56.0567
55.8016
55.5428
55.2801
55.0115
54.7351
54.4511
54.1617
53.8694
53.5741
53.2732
52.9647
52.6504
52.3339
52.0155
51.6919
51.3615
51.028
50.6943
50.3572
50.0138
49.6688
49.3248
48.9761
48.6238
48.2742
47.9216
47.5659
47.2148
46.8582
46.5058
46.1516
45.7994
45.4481
45.0986
44.751
44.4059
44.0636
43.7245
43.3889
43.0572
42.7298
42.4072
42.0896
41.7776
41.4713
41.1714
40.878
40.5916
40.3126
40.0413
39.778
39.5231
39.277
39.04
38.8123
38.5944
38.3864
38.1887
38.0016
37.8253
37.66
37.506
37.3635
37.2327
37.1138
37.007
36.9124
36.8301
36.7602
36.7029
36.6583
36.6264
36.6072
36.6008
36.6072
36.6264
36.6583
36.7029
36.7602
36.8301
36.9124
37.007
37.1138
37.2327
37.3635
37.506
37.66
37.8253
38.0016
38.1887
38.3864
38.5944
38.8123
39.04
39.277
39.5231
39.778
40.0413
40.3126
40.5916
40.878
41.1714
41.4713
41.7776
42.0896
42.4072
42.7298
43.0572
43.3889
43.7245
44.0636
44.4059
44.751
45.0986
45.4481
45.7994
46.1516
46.5058
46.8582
47.2148
47.5659
47.9216
48.2742
48.6238
48.9761
49.3248
49.6688
50.0138
50.3572
50.6943
51.028
51.3615
51.6919
52.0155
52.3339
52.6504
52.9647
53.2732
53.5741
53.8694
54.1617
54.4511
54.7351
55.0115
55.2801
55.5428
55.8016
56.0567
56.3067
56.5497
56.7842
57.0108
57.2306
57.4452
57.6555
57.8612
58.0612
58.2538
58.4379
58.6128
58.7789
58.937
59.0884
59.234
59.3744
59.5093
59.6376
59.7563
59.863
59.9452
60.001
60.0558
60.0869
60.1005
59.232
59.2112
59.1665
59.0818
58.9893
58.8947
58.7897
58.6749
58.5493
58.4132
58.2668
58.1109
57.9464
57.7745
57.5965
57.4131
57.2246
57.0307
56.8305
56.6229
56.4072
56.1837
55.953
55.7164
55.475
55.229
54.9774
54.7188
54.4525
54.179
53.9
53.6168
53.3296
53.0366
52.7364
52.4295
52.1182
51.804
51.4857
51.1611
50.8304
50.4966
50.1609
49.821
49.4751
49.1264
48.7772
48.4243
48.0666
47.7088
47.3504
46.9872
46.6244
46.2623
45.8959
45.5333
45.1677
44.8045
44.4412
44.0796
43.7195
43.3614
43.0058
42.6529
42.3033
41.9572
41.6151
41.2775
40.9446
40.617
40.2949
39.9789
39.6692
39.3664
39.0707
38.7825
38.5023
38.2304
37.9671
37.7128
37.4679
37.2327
37.0074
36.7925
36.5881
36.3947
36.2124
36.0416
35.8823
35.735
35.5998
35.4768
35.3663
35.2685
35.1834
35.1111
35.0519
35.0058
34.9727
34.9529
34.9463
34.9529
34.9727
35.0058
35.0519
35.1111
35.1834
35.2685
35.3663
35.4768
35.5998
35.735
35.8823
36.0416
36.2124
36.3947
36.5881
36.7925
37.0074
37.2327
37.4679
37.7128
37.9671
38.2304
38.5023
38.7825
39.0707
39.3664
39.6692
39.9789
40.2949
40.617
40.9446
41.2775
41.6151
41.9572
42.3033
42.6529
43.0058
43.3614
43.7195
44.0796
44.4412
44.8045
45.1677
45.5333
45.8959
46.2623
46.6244
46.9872
47.3504
47.7088
48.0666
48.4243
48.7772
49.1264
49.4751
49.821
50.1609
50.4966
50.8304
51.1611
51.4857
51.804
52.1182
52.4295
52.7364
53.0366
53.3296
53.6168
53.9
54.179
54.4525
54.7188
54.9774
55.229
55.475
55.7164
55.953
56.1837
56.4072
56.6229
56.8305
57.0307
57.2246
57.4131
57.5965
57.7745
57.9464
58.1109
58.2668
58.4132
58.5493
58.6749
58.7897
58.8947
58.9893
59.0818
59.1665
59.2112
59.232
58.4616
58.435
58.394
58.3222
58.2219
58.1071
57.9804
57.8449
57.7019
57.5527
57.3975
57.2364
57.069
56.8947
56.7131
56.5237
56.3266
56.1222
55.9111
55.6941
55.4716
55.2436
55.0095
54.7686
54.5202
54.2645
54.0022
53.7342
53.4613
53.183
52.8983
52.6066
52.3082
52.0042
51.6958
51.3829
51.0642
50.7389
50.4083
50.0741
49.7363
49.3933
49.0448
48.6927
48.3386
47.9806
47.6177
47.2526
46.8865
46.5166
46.1439
45.7716
45.3969
45.0201
44.6452
44.2672
43.8914
43.5147
43.1395
42.7653
42.3928
42.0222
41.6541
41.2888
40.9268
40.5684
40.2141
39.8643
39.5194
39.1799
38.8461
38.5185
38.1974
37.8834
37.5767
37.2778
36.9871
36.705
36.4318
36.168
35.9138
35.6696
35.4358
35.2127
35.0005
34.7997
34.6104
34.433
34.2676
34.1146
33.9742
33.8465
33.7317
33.63
33.5416
33.4666
33.4051
33.3571
33.3228
33.3022
33.2953
33.3022
33.3228
33.3571
33.4051
33.4666
33.5416
33.63
33.7317
33.8465
33.9742
34.1146
34.2676
34.433
34.6104
34.7997
35.0005
35.2127
35.4358
35.6696
35.9138
36.168
36.4318
36.705
36.9871
37.2778
37.5767
37.8834
38.1974
38.5185
38.8461
39.1799
39.5194
39.8643
40.2141
40.5684
40.9268
41.2888
41.6541
42.0222
42.3928
42.7653
43.1395
43.5147
43.8914
44.2672
44.6452
45.0201
45.3969
45.7716
46.1439
46.5166
46.8865
47.2526
47.6177
47.9806
48.3386
48.6927
49.0448
49.3933
49.7363
50.0741
50.4083
50.7389
51.0642
51.3829
51.6958
52.0042
52.3082
52.6066
52.8983
53.183
53.4613
53.7342
54.0022
54.2645
54.5202
54.7686
55.0095
55.2436
55.4716
55.6941
55.9111
56.1222
56.3266
56.5237
56.7131
56.8947
57.069
57.2364
57.3975
57.5527
57.7019
57.8449
57.9804
58.1071
58.2219
58.3222
58.394
58.435
58.4616
57.9401
57.8775
57.781
57.6748
57.557
57.4307
57.2961
57.1537
57.0036
56.8458
56.6807
56.5083
56.3292
56.1435
55.9517
55.7539
55.55
55.34
55.1235
54.9001
54.6695
54.432
54.1877
53.9371
53.6804
53.4178
53.1488
52.8731
52.5904
52.3011
52.0056
51.7046
51.3981
51.0854
50.7663
50.4411
50.1107
49.7755
49.4353
49.0895
48.7383
48.3829
48.0238
47.6603
47.292
46.9204
46.5461
46.1684
45.7871
45.4041
45.0193
44.6315
44.2429
43.8536
43.4622
43.0719
42.6804
42.29
41.9
41.5113
41.1242
40.7391
40.3565
39.9767
39.6002
39.2274
38.8588
38.4949
38.136
37.7825
37.435
37.0939
36.7596
36.4325
36.1131
35.8017
35.4989
35.2049
34.9202
34.6452
34.3802
34.1257
33.8819
33.6492
33.428
33.2186
33.0211
32.8361
32.6636
32.504
32.3575
32.2242
32.1045
31.9984
31.9062
31.8279
31.7637
31.7136
31.6778
31.6563
31.6492
31.6563
31.6778
31.7136
31.7637
31.8279
31.9062
31.9984
32.1045
32.2242
32.3575
32.504
32.6636
32.8361
33.0211
33.2186
33.428
33.6492
33.8819
34.1257
34.3802
34.6452
34.9202
35.2049
35.4989
35.8017
36.1131
36.4325
36.7596
37.0939
37.435
37.7825
38.136
38.4949
38.8588
39.2274
39.6002
39.9767
40.3565
40.7391
41.1242
41.5113
41.9
42.29
42.6804
43.0719
43.4622
43.8536
44.2429
44.6315
45.0193
45.4041
45.7871
46.1684
46.5461
46.9204
47.292
47.6603
48.0238
48.3829
48.7383
49.0895
49.4353
49.7755
50.1107
50.4411
50.7663
51.0854
51.3981
51.7046
52.0056
52.3011
52.5904
52.8731
53.1488
53.4178
53.6804
53.9371
54.1877
54.432
54.6695
54.9001
55.1235
55.34
55.55
55.7539
55.9517
56.1435
56.3292
56.5083
56.6807
56.8458
57.0036
57.1537
57.2961
57.4307
57.557
57.6748
57.781
57.8775
57.9401
57.5375
57.4118
57.2812
57.1454
57.0042
56.8577
56.7057
56.548
56.3846
56.2154
56.0402
55.859
55.6716
55.478
55.2782
55.0719
54.8593
54.6401
54.4144
54.1821
53.9431
53.6975
53.4452
53.1862
52.9205
52.6482
52.3692
52.0835
51.7913
51.4925
51.1873
50.8756
50.5577
50.2336
49.9034
49.5673
49.2253
48.8778
48.5247
48.1663
47.8029
47.4346
47.0616
46.6843
46.3027
45.9173
45.5283
45.1359
44.7406
44.3425
43.9422
43.5398
43.1357
42.7304
42.3242
41.9175
41.5106
41.1041
40.6982
40.2935
39.8904
39.4893
39.0906
38.6949
38.3025
37.9139
37.5296
37.1501
36.7757
36.4071
36.0445
35.6886
35.3396
34.9982
34.6647
34.3396
34.0234
33.7163
33.419
33.1317
32.8549
32.5889
32.3342
32.0911
31.8599
31.6409
31.4346
31.2411
31.0608
30.8939
30.7407
30.6014
30.4762
30.3653
30.2688
30.1869
30.1198
30.0674
30.03
30.0075
30
30.0075
30.03
30.0674
30.1198
30.1869
30.2688
30.3653
30.4762
30.6014
30.7407
30.8939
31.0608
31.2411
31.4346
31.6409
31.8599
32.0911
32.3342
32.5889
32.8549
33.1317
33.419
33.7163
34.0234
34.3396
34.6647
34.9982
35.3396
35.6886
36.0445
36.4071
36.7757
37.1501
37.5296
37.9139
38.3025
38.6949
39.0906
39.4893
39.8904
40.2935
40.6982
41.1041
41.5106
41.9175
42.3242
42.7304
43.1357
43.5398
43.9422
44.3425
44.7406
45.1359
45.5283
45.9173
46.3027
46.6843
47.0616
47.4346
47.8029
48.1663
48.5247
48.8778
49.2253
49.5673
49.9034
50.2336
50.5577
50.8756
51.1873
51.4925
51.7913
52.0835
52.3692
52.6482
52.9205
53.1862
53.4452
53.6975
53.9431
54.1821
54.4144
54.6401
54.8593
55.0719
55.2782
55.478
55.6716
55.859
56.0402
56.2154
56.3846
56.548
56.7057
56.8577
57.0042
57.1454
57.2812
57.4118
57.5375
