120
120
120
120
120
120
120
120
120
120
120
120
120
120
120
120
120
120
120
120
120
120
120
120
120
120
120
120
120
120
120
120
120
120
120
120
120
120
120
120
120
120
120
120
120
120
120
120
120
120
120
120
120
120
120
120
120
120
120
120
120
120
120
120
120
120
120
120
120
120
120
120
120
120
120
120
120
120
120
120
120
120
120
120
120
120
120
120
120
120
120
120
120
120
120
120
120
120
120
120
120
120
120
120
120
120
120
120
120
120
120
120
120
120
120
120
120
120
120
120
120
120
120
120
120
120
120
120
120
120
120
120
120
120
120
120
120
120
120
120
120
120
120
120
120
120
120
120
120
120
120
120
120
120
120
120
120
120
120
120
120
120
120
120
120
120
120
120
120
120
120
120
120
120
120
120
120
120
120
120
120
120
120
120
120
120
120
120
120
120
120
120
120
120
120
120
120
120
120
120
120
118.832
118.826
118.832
118.827
118.833
118.829
118.834
118.831
118.835
118.834
118.836
118.837
118.837
118.84
118.838
118.842
118.838
118.843
118.837
118.842
118.835
118.838
118.831
118.833
118.826
118.826
118.82
118.817
118.813
118.809
118.804
118.8
118.796
118.791
118.787
118.782
118.778
118.773
118.769
118.765
118.76
118.756
118.751
118.747
118.743
118.738
118.734
118.73
118.726
118.722
118.718
118.714
118.71
118.706
118.702
118.698
118.694
118.69
118.687
118.683
118.68
118.676
118.673
118.67
118.666
118.663
118.66
118.657
118.654
118.651
118.649
118.646
118.644
118.641
118.639
118.636
118.634
118.632
118.63
118.628
118.626
118.624
118.623
118.621
118.62
118.618
118.617
118.616
118.614
118.613
118.612
118.612
118.611
118.61
118.61
118.609
118.609
118.608
118.608
118.608
118.608
118.608
118.608
118.608
118.609
118.609
118.61
118.61
118.611
118.612
118.612
118.613
118.614
118.616
118.617
118.618
118.62
118.621
118.623
118.624
118.626
118.628
118.63
118.632
118.634
118.636
118.639
118.641
118.644
118.646
118.649
118.651
118.654
118.657
118.66
118.663
118.666
118.67
118.673
118.676
118.68
118.683
118.687
118.69
118.694
118.698
118.702
118.706
118.71
118.714
118.718
118.722
118.726
118.73
118.734
118.738
118.743
118.747
118.751
118.756
118.76
118.765
118.769
118.773
118.778
118.782
118.787
118.791
118.796
118.8
118.804
118.809
118.813
118.817
118.82
118.826
118.826
118.833
118.831
118.838
118.835
118.842
118.837
118.843
118.838
118.842
118.838
118.84
118.837
118.837
118.836
118.834
118.835
118.831
118.834
118.829
118.833
118.827
118.832
118.826
118.832
117.654
117.665
117.655
117.665
117.656
117.666
117.659
117.668
117.662
117.669
117.666
117.67
117.669
117.67
117.672
117.669
117.674
117.667
117.673
117.663
117.669
117.657
117.661
117.648
117.649
117.638
117.635
117.625
117.619
117.609
117.602
117.593
117.584
117.576
117.567
117.558
117.549
117.541
117.532
117.523
117.514
117.506
117.497
117.488
117.48
117.471
117.463
117.454
117.446
117.437
117.429
117.421
117.413
117.405
117.397
117.389
117.382
117.374
117.367
117.36
117.352
117.345
117.339
117.332
117.325
117.319
117.312
117.306
117.3
117.294
117.289
117.283
117.278
117.273
117.268
117.263
117.258
117.254
117.25
117.246
117.242
117.238
117.234
117.231
117.228
117.225
117.222
117.22
117.217
117.215
117.213
117.211
117.209
117.208
117.207
117.206
117.205
117.204
117.204
117.203
117.203
117.203
117.204
117.204
117.205
117.206
117.207
117.208
117.209
117.211
117.213
117.215
117.217
117.22
117.222
117.225
117.228
117.231
117.234
117.238
117.242
117.246
117.25
117.254
117.258
117.263
117.268
117.273
117.278
117.283
117.289
117.294
117.3
117.306
117.312
117.319
117.325
117.332
117.339
117.345
117.352
117.36
117.367
117.374
117.382
117.389
117.397
117.405
117.413
117.421
117.429
117.437
117.446
117.454
117.463
117.471
117.48
117.488
117.497
117.506
117.514
117.523
117.532
117.541
117.549
117.558
117.567
117.576
117.584
117.593
117.602
117.609
117.619
117.625
117.635
117.638
117.649
117.648
117.661
117.657
117.669
117.663
117.673
117.667
117.674
117.669
117.672
117.67
117.669
117.67
117.666
117.669
117.662
117.668
117.659
117.666
117.656
117.665
117.655
117.665
117.654
116.519
116.51
116.52
116.51
116.52
116.511
116.52
116.512
116.52
116.512
116.519
116.513
116.518
116.513
116.514
116.512
116.509
116.51
116.502
116.505
116.492
116.496
116.48
116.483
116.465
116.465
116.447
116.443
116.427
116.419
116.404
116.393
116.38
116.367
116.353
116.34
116.327
116.314
116.3
116.287
116.274
116.26
116.247
116.234
116.22
116.207
116.194
116.181
116.168
116.155
116.142
116.129
116.117
116.104
116.092
116.08
116.068
116.056
116.044
116.032
116.021
116.01
115.999
115.988
115.977
115.967
115.957
115.947
115.937
115.927
115.918
115.909
115.9
115.892
115.884
115.876
115.868
115.861
115.854
115.847
115.841
115.834
115.828
115.823
115.818
115.813
115.808
115.804
115.799
115.796
115.792
115.789
115.786
115.784
115.782
115.78
115.779
115.777
115.777
115.776
115.776
115.776
115.777
115.777
115.779
115.78
115.782
115.784
115.786
115.789
115.792
115.796
115.799
115.804
115.808
115.813
115.818
115.823
115.828
115.834
115.841
115.847
115.854
115.861
115.868
115.876
115.884
115.892
115.9
115.909
115.918
115.927
115.937
115.947
115.957
115.967
115.977
115.988
115.999
116.01
116.021
116.032
116.044
116.056
116.068
116.08
116.092
116.104
116.117
116.129
116.142
116.155
116.168
116.181
116.194
116.207
116.22
116.234
116.247
116.26
116.274
116.287
116.3
116.314
116.327
116.34
116.353
116.367
116.38
116.393
116.404
116.419
116.427
116.443
116.447
116.465
116.465
116.483
116.48
116.496
116.492
116.505
116.502
116.51
116.509
116.512
116.514
116.513
116.518
116.513
116.519
116.512
116.52
116.512
116.52
116.511
116.52
116.51
116.52
116.51
116.519
115.401
115.405
115.401
115.404
115.399
115.402
115.397
115.399
115.393
115.396
115.389
115.391
115.383
115.385
115.376
115.376
115.368
115.365
115.358
115.351
115.346
115.333
115.331
115.313
115.312
115.29
115.288
115.265
115.258
115.236
115.225
115.205
115.19
115.172
115.154
115.136
115.118
115.1
115.081
115.063
115.045
115.026
115.008
114.989
114.971
114.953
114.934
114.916
114.898
114.879
114.861
114.843
114.826
114.808
114.79
114.773
114.756
114.739
114.722
114.705
114.689
114.672
114.656
114.641
114.625
114.61
114.595
114.581
114.567
114.553
114.539
114.526
114.513
114.5
114.488
114.476
114.465
114.454
114.444
114.433
114.424
114.414
114.406
114.397
114.389
114.382
114.375
114.368
114.362
114.356
114.351
114.346
114.342
114.338
114.335
114.332
114.33
114.329
114.327
114.327
114.326
114.327
114.327
114.329
114.33
114.332
114.335
114.338
114.342
114.346
114.351
114.356
114.362
114.368
114.375
114.382
114.389
114.397
114.406
114.414
114.424
114.433
114.444
114.454
114.465
114.476
114.488
114.5
114.513
114.526
114.539
114.553
114.567
114.581
114.595
114.61
114.625
114.641
114.656
114.672
114.689
114.705
114.722
114.739
114.756
114.773
114.79
114.808
114.826
114.843
114.861
114.879
114.898
114.916
114.934
114.953
114.971
114.989
115.008
115.026
115.045
115.063
115.081
115.1
115.118
115.136
115.154
115.172
115.19
115.205
115.225
115.236
115.258
115.265
115.288
115.29
115.312
115.313
115.331
115.333
115.346
115.351
115.358
115.365
115.368
115.376
115.376
115.385
115.383
115.391
115.389
115.396
115.393
115.399
115.397
115.402
115.399
115.404
115.401
115.405
115.401
114.296
114.299
114.295
114.297
114.292
114.292
114.287
114.286
114.28
114.277
114.271
114.266
114.26
114.252
114.247
114.237
114.232
114.219
114.214
114.2
114.193
114.18
114.168
114.157
114.139
114.132
114.107
114.101
114.072
114.064
114.036
114.022
113.997
113.977
113.954
113.932
113.908
113.885
113.862
113.839
113.815
113.792
113.768
113.744
113.721
113.697
113.673
113.65
113.626
113.602
113.579
113.556
113.532
113.509
113.486
113.463
113.441
113.418
113.396
113.374
113.352
113.331
113.31
113.289
113.268
113.248
113.228
113.209
113.19
113.171
113.153
113.135
113.118
113.101
113.085
113.069
113.053
113.038
113.024
113.01
112.997
112.985
112.972
112.961
112.95
112.94
112.93
112.921
112.913
112.905
112.898
112.892
112.886
112.881
112.876
112.873
112.87
112.867
112.865
112.864
112.864
112.864
112.865
112.867
112.87
112.873
112.876
112.881
112.886
112.892
112.898
112.905
112.913
112.921
112.93
112.94
112.95
112.961
112.972
112.985
112.997
113.01
113.024
113.038
113.053
113.069
113.085
113.101
113.118
113.135
113.153
113.171
113.19
113.209
113.228
113.248
113.268
113.289
113.31
113.331
113.352
113.374
113.396
113.418
113.441
113.463
113.486
113.509
113.532
113.556
113.579
113.602
113.626
113.65
113.673
113.697
113.721
113.744
113.768
113.792
113.815
113.839
113.862
113.885
113.908
113.932
113.954
113.977
113.997
114.022
114.036
114.064
114.072
114.101
114.107
114.132
114.139
114.157
114.168
114.18
114.193
114.2
114.214
114.219
114.232
114.237
114.247
114.252
114.26
114.266
114.271
114.277
114.28
114.286
114.287
114.292
114.292
114.297
114.295
114.299
114.296
113.187
113.183
113.185
113.18
113.18
113.173
113.173
113.163
113.162
113.15
113.148
113.135
113.13
113.116
113.11
113.096
113.086
113.073
113.059
113.048
113.03
113.02
113
112.987
112.968
112.95
112.935
112.909
112.897
112.865
112.853
112.819
112.803
112.771
112.749
112.72
112.693
112.665
112.637
112.609
112.58
112.551
112.523
112.494
112.465
112.436
112.407
112.378
112.349
112.321
112.292
112.263
112.234
112.206
112.177
112.149
112.121
112.094
112.066
112.039
112.012
111.985
111.959
111.933
111.907
111.882
111.857
111.833
111.809
111.786
111.763
111.74
111.719
111.697
111.677
111.657
111.637
111.619
111.601
111.583
111.566
111.55
111.535
111.521
111.507
111.494
111.482
111.47
111.459
111.45
111.441
111.432
111.425
111.419
111.413
111.408
111.404
111.401
111.399
111.398
111.397
111.398
111.399
111.401
111.404
111.408
111.413
111.419
111.425
111.432
111.441
111.45
111.459
111.47
111.482
111.494
111.507
111.521
111.535
111.55
111.566
111.583
111.601
111.619
111.637
111.657
111.677
111.697
111.719
111.74
111.763
111.786
111.809
111.833
111.857
111.882
111.907
111.933
111.959
111.985
112.012
112.039
112.066
112.094
112.121
112.149
112.177
112.206
112.234
112.263
112.292
112.321
112.349
112.378
112.407
112.436
112.465
112.494
112.523
112.551
112.58
112.609
112.637
112.665
112.693
112.72
112.749
112.771
112.803
112.819
112.853
112.865
112.897
112.909
112.935
112.95
112.968
112.987
113
113.02
113.03
113.048
113.059
113.073
113.086
113.096
113.11
113.116
113.13
113.135
113.148
113.15
113.162
113.163
113.173
113.173
113.18
113.18
113.185
113.183
113.187
112.081
112.079
112.079
112.075
112.073
112.066
112.062
112.054
112.046
112.038
112.027
112.018
112.004
111.995
111.977
111.968
111.947
111.937
111.916
111.901
111.882
111.863
111.846
111.822
111.806
111.78
111.76
111.737
111.71
111.691
111.656
111.639
111.6
111.581
111.543
111.516
111.482
111.45
111.417
111.384
111.35
111.316
111.282
111.248
111.214
111.18
111.145
111.111
111.077
111.042
111.008
110.974
110.94
110.906
110.872
110.838
110.804
110.771
110.738
110.705
110.673
110.641
110.609
110.578
110.547
110.517
110.487
110.457
110.429
110.4
110.373
110.346
110.319
110.293
110.268
110.244
110.221
110.198
110.176
110.155
110.134
110.115
110.096
110.078
110.062
110.046
110.031
110.017
110.004
109.992
109.981
109.971
109.962
109.954
109.947
109.941
109.936
109.933
109.93
109.928
109.928
109.928
109.93
109.933
109.936
109.941
109.947
109.954
109.962
109.971
109.981
109.992
110.004
110.017
110.031
110.046
110.062
110.078
110.096
110.115
110.134
110.155
110.176
110.198
110.221
110.244
110.268
110.293
110.319
110.346
110.373
110.4
110.429
110.457
110.487
110.517
110.547
110.578
110.609
110.641
110.673
110.705
110.738
110.771
110.804
110.838
110.872
110.906
110.94
110.974
111.008
111.042
111.077
111.111
111.145
111.18
111.214
111.248
111.282
111.316
111.35
111.384
111.417
111.45
111.482
111.516
111.543
111.581
111.6
111.639
111.656
111.691
111.71
111.737
111.76
111.78
111.806
111.822
111.846
111.863
111.882
111.901
111.916
111.937
111.947
111.968
111.977
111.995
112.004
112.018
112.027
112.038
112.046
112.054
112.062
112.066
112.073
112.075
112.079
112.079
112.081
110.977
110.981
110.975
110.976
110.967
110.966
110.954
110.95
110.937
110.93
110.914
110.905
110.888
110.875
110.857
110.84
110.823
110.801
110.785
110.759
110.742
110.714
110.695
110.669
110.644
110.62
110.59
110.567
110.535
110.508
110.48
110.443
110.42
110.376
110.353
110.308
110.279
110.238
110.202
110.163
110.124
110.085
110.046
110.006
109.967
109.927
109.887
109.847
109.807
109.767
109.727
109.688
109.648
109.608
109.569
109.529
109.49
109.451
109.413
109.374
109.337
109.299
109.262
109.225
109.189
109.153
109.118
109.084
109.05
109.017
108.984
108.952
108.921
108.891
108.861
108.833
108.805
108.778
108.752
108.727
108.703
108.68
108.658
108.637
108.617
108.598
108.581
108.564
108.549
108.535
108.522
108.51
108.499
108.49
108.482
108.475
108.469
108.465
108.461
108.459
108.459
108.459
108.461
108.465
108.469
108.475
108.482
108.49
108.499
108.51
108.522
108.535
108.549
108.564
108.581
108.598
108.617
108.637
108.658
108.68
108.703
108.727
108.752
108.778
108.805
108.833
108.861
108.891
108.921
108.952
108.984
109.017
109.05
109.084
109.118
109.153
109.189
109.225
109.262
109.299
109.337
109.374
109.413
109.451
109.49
109.529
109.569
109.608
109.648
109.688
109.727
109.767
109.807
109.847
109.887
109.927
109.967
110.006
110.046
110.085
110.124
110.163
110.202
110.238
110.279
110.308
110.353
110.376
110.42
110.443
110.48
110.508
110.535
110.567
110.59
110.62
110.644
110.669
110.695
110.714
110.742
110.759
110.785
110.801
110.823
110.84
110.857
110.875
110.888
110.905
110.914
110.93
110.937
110.95
110.954
110.966
110.967
110.976
110.975
110.981
110.977
109.864
109.864
109.861
109.858
109.853
109.846
109.839
109.829
109.819
109.805
109.794
109.776
109.763
109.742
109.727
109.703
109.686
109.66
109.639
109.614
109.587
109.564
109.532
109.509
109.475
109.449
109.417
109.384
109.355
109.318
109.288
109.251
109.214
109.183
109.135
109.108
109.057
109.023
108.977
108.936
108.892
108.847
108.803
108.758
108.714
108.669
108.624
108.578
108.533
108.488
108.442
108.397
108.352
108.307
108.262
108.217
108.173
108.129
108.085
108.041
107.998
107.955
107.913
107.871
107.83
107.789
107.749
107.71
107.671
107.633
107.596
107.56
107.524
107.49
107.456
107.423
107.391
107.36
107.331
107.302
107.275
107.248
107.223
107.199
107.176
107.155
107.134
107.115
107.098
107.082
107.067
107.053
107.041
107.03
107.021
107.013
107.006
107.001
106.998
106.995
106.995
106.995
106.998
107.001
107.006
107.013
107.021
107.03
107.041
107.053
107.067
107.082
107.098
107.115
107.134
107.155
107.176
107.199
107.223
107.248
107.275
107.302
107.331
107.36
107.391
107.423
107.456
107.49
107.524
107.56
107.596
107.633
107.671
107.71
107.749
107.789
107.83
107.871
107.913
107.955
107.998
108.041
108.085
108.129
108.173
108.217
108.262
108.307
108.352
108.397
108.442
108.488
108.533
108.578
108.624
108.669
108.714
108.758
108.803
108.847
108.892
108.936
108.977
109.023
109.057
109.108
109.135
109.183
109.214
109.251
109.288
109.318
109.355
109.384
109.417
109.449
109.475
109.509
109.532
109.564
109.587
109.614
109.639
109.66
109.686
109.703
109.727
109.742
109.763
109.776
109.794
109.805
109.819
109.829
109.839
109.846
109.853
109.858
109.861
109.864
109.864
108.749
108.744
108.745
108.738
108.736
108.725
108.719
108.705
108.697
108.68
108.668
108.648
108.632
108.611
108.59
108.569
108.543
108.521
108.491
108.467
108.434
108.407
108.375
108.342
108.312
108.273
108.244
108.204
108.17
108.133
108.092
108.058
108.013
107.974
107.935
107.884
107.851
107.794
107.758
107.704
107.659
107.609
107.56
107.51
107.46
107.41
107.36
107.309
107.259
107.208
107.157
107.107
107.056
107.006
106.956
106.906
106.856
106.807
106.757
106.709
106.66
106.612
106.565
106.518
106.472
106.426
106.381
106.337
106.294
106.251
106.21
106.169
106.129
106.09
106.052
106.015
105.979
105.945
105.911
105.879
105.848
105.819
105.79
105.763
105.738
105.713
105.691
105.669
105.65
105.631
105.614
105.599
105.585
105.573
105.563
105.554
105.546
105.541
105.537
105.534
105.533
105.534
105.537
105.541
105.546
105.554
105.563
105.573
105.585
105.599
105.614
105.631
105.65
105.669
105.691
105.713
105.738
105.763
105.79
105.819
105.848
105.879
105.911
105.945
105.979
106.015
106.052
106.09
106.129
106.169
106.21
106.251
106.294
106.337
106.381
106.426
106.472
106.518
106.565
106.612
106.66
106.709
106.757
106.807
106.856
106.906
106.956
107.006
107.056
107.107
107.157
107.208
107.259
107.309
107.36
107.41
107.46
107.51
107.56
107.609
107.659
107.704
107.758
107.794
107.851
107.884
107.935
107.974
108.013
108.058
108.092
108.133
108.17
108.204
108.244
108.273
108.312
108.342
108.375
108.407
108.434
108.467
108.491
108.521
108.543
108.569
108.59
108.611
108.632
108.648
108.668
108.68
108.697
108.705
108.719
108.725
108.736
108.738
108.745
108.744
108.749
107.637
107.635
107.633
107.628
107.622
107.614
107.604
107.593
107.579
107.565
107.546
107.531
107.507
107.489
107.462
107.441
107.411
107.386
107.355
107.324
107.294
107.257
107.227
107.187
107.153
107.114
107.073
107.037
106.991
106.955
106.908
106.865
106.824
106.773
106.732
106.684
106.63
106.591
106.528
106.487
106.428
106.377
106.322
106.267
106.212
106.156
106.101
106.045
105.989
105.933
105.877
105.821
105.765
105.709
105.654
105.598
105.543
105.488
105.434
105.38
105.326
105.273
105.22
105.168
105.117
105.066
105.017
104.967
104.919
104.872
104.826
104.78
104.736
104.693
104.65
104.61
104.57
104.531
104.494
104.458
104.424
104.391
104.359
104.329
104.301
104.274
104.249
104.225
104.203
104.182
104.164
104.147
104.131
104.118
104.106
104.096
104.088
104.082
104.077
104.074
104.073
104.074
104.077
104.082
104.088
104.096
104.106
104.118
104.131
104.147
104.164
104.182
104.203
104.225
104.249
104.274
104.301
104.329
104.359
104.391
104.424
104.458
104.494
104.531
104.57
104.61
104.65
104.693
104.736
104.78
104.826
104.872
104.919
104.967
105.017
105.066
105.117
105.168
105.22
105.273
105.326
105.38
105.434
105.488
105.543
105.598
105.654
105.709
105.765
105.821
105.877
105.933
105.989
106.045
106.101
106.156
106.212
106.267
106.322
106.377
106.428
106.487
106.528
106.591
106.63
106.684
106.732
106.773
106.824
106.865
106.908
106.955
106.991
107.037
107.073
107.114
107.153
107.187
107.227
107.257
107.294
107.324
107.355
107.386
107.411
107.441
107.462
107.489
107.507
107.531
107.546
107.565
107.579
107.593
107.604
107.614
107.622
107.628
107.633
107.635
107.637
106.516
106.519
106.512
106.511
106.501
106.495
106.481
106.472
106.454
106.441
106.42
106.402
106.379
106.356
106.331
106.302
106.276
106.242
106.214
106.176
106.144
106.105
106.068
106.03
105.986
105.949
105.901
105.86
105.814
105.765
105.724
105.669
105.625
105.574
105.52
105.474
105.418
105.362
105.316
105.247
105.203
105.136
105.081
105.021
104.96
104.9
104.839
104.778
104.716
104.655
104.594
104.533
104.472
104.41
104.35
104.289
104.229
104.169
104.109
104.05
103.991
103.933
103.875
103.818
103.762
103.706
103.652
103.598
103.545
103.493
103.442
103.393
103.344
103.297
103.25
103.206
103.162
103.12
103.079
103.04
103.002
102.966
102.931
102.898
102.867
102.837
102.81
102.784
102.759
102.737
102.716
102.698
102.681
102.666
102.653
102.642
102.633
102.626
102.621
102.618
102.617
102.618
102.621
102.626
102.633
102.642
102.653
102.666
102.681
102.698
102.716
102.737
102.759
102.784
102.81
102.837
102.867
102.898
102.931
102.966
103.002
103.04
103.079
103.12
103.162
103.206
103.25
103.297
103.344
103.393
103.442
103.493
103.545
103.598
103.652
103.706
103.762
103.818
103.875
103.933
103.991
104.05
104.109
104.169
104.229
104.289
104.35
104.41
104.472
104.533
104.594
104.655
104.716
104.778
104.839
104.9
104.96
105.021
105.081
105.136
105.203
105.247
105.316
105.362
105.418
105.474
105.52
105.574
105.625
105.669
105.724
105.765
105.814
105.86
105.901
105.949
105.986
106.03
106.068
106.105
106.144
106.176
106.214
106.242
106.276
106.302
106.331
106.356
106.379
106.402
106.42
106.441
106.454
106.472
106.481
106.495
106.501
106.511
106.512
106.519
106.516
105.394
105.394
105.39
105.385
105.377
105.368
105.357
105.343
105.328
105.309
105.291
105.267
105.246
105.218
105.194
105.161
105.133
105.098
105.064
105.028
104.988
104.951
104.906
104.867
104.82
104.775
104.73
104.678
104.633
104.579
104.529
104.479
104.419
104.372
104.312
104.256
104.203
104.14
104.082
104.028
103.954
103.905
103.833
103.772
103.707
103.641
103.575
103.509
103.442
103.376
103.31
103.243
103.177
103.111
103.045
102.979
102.913
102.848
102.784
102.719
102.656
102.592
102.53
102.468
102.407
102.347
102.288
102.229
102.172
102.116
102.06
102.006
101.954
101.902
101.852
101.803
101.756
101.71
101.666
101.623
101.582
101.543
101.505
101.47
101.436
101.403
101.373
101.345
101.319
101.294
101.272
101.252
101.233
101.217
101.203
101.191
101.182
101.174
101.169
101.165
101.164
101.165
101.169
101.174
101.182
101.191
101.203
101.217
101.233
101.252
101.272
101.294
101.319
101.345
101.373
101.403
101.436
101.47
101.505
101.543
101.582
101.623
101.666
101.71
101.756
101.803
101.852
101.902
101.954
102.006
102.06
102.116
102.172
102.229
102.288
102.347
102.407
102.468
102.53
102.592
102.656
102.719
102.784
102.848
102.913
102.979
103.045
103.111
103.177
103.243
103.31
103.376
103.442
103.509
103.575
103.641
103.707
103.772
103.833
103.905
103.954
104.028
104.082
104.14
104.203
104.256
104.312
104.372
104.419
104.479
104.529
104.579
104.633
104.678
104.73
104.775
104.82
104.867
104.906
104.951
104.988
105.028
105.064
105.098
105.133
105.161
105.194
105.218
105.246
105.267
105.291
105.309
105.328
105.343
105.357
105.368
105.377
105.385
105.39
105.394
105.394
104.28
104.277
104.276
104.267
104.262
104.249
104.24
104.222
104.209
104.186
104.168
104.142
104.119
104.09
104.061
104.03
103.995
103.962
103.921
103.886
103.841
103.801
103.756
103.708
103.663
103.61
103.563
103.508
103.455
103.403
103.342
103.289
103.23
103.168
103.114
103.047
102.988
102.928
102.858
102.797
102.735
102.657
102.603
102.524
102.458
102.387
102.316
102.245
102.173
102.101
102.03
101.958
101.886
101.815
101.744
101.673
101.602
101.531
101.462
101.392
101.323
101.255
101.188
101.121
101.055
100.99
100.926
100.863
100.801
100.74
100.68
100.622
100.565
100.509
100.455
100.402
100.351
100.302
100.254
100.208
100.163
100.121
100.08
100.042
100.005
99.9701
99.9375
99.9069
99.8784
99.8521
99.8279
99.806
99.7863
99.7689
99.7538
99.7409
99.7304
99.7222
99.7163
99.7128
99.7116
99.7128
99.7163
99.7222
99.7304
99.7409
99.7538
99.7689
99.7863
99.806
99.8279
99.8521
99.8784
99.9069
99.9375
99.9701
100.005
100.042
100.08
100.121
100.163
100.208
100.254
100.302
100.351
100.402
100.455
100.509
100.565
100.622
100.68
100.74
100.801
100.863
100.926
100.99
101.055
101.121
101.188
101.255
101.323
101.392
101.462
101.531
101.602
101.673
101.744
101.815
101.886
101.958
102.03
102.101
102.173
102.245
102.316
102.387
102.458
102.524
102.603
102.657
102.735
102.797
102.858
102.928
102.988
103.047
103.114
103.168
103.23
103.289
103.342
103.403
103.455
103.508
103.563
103.61
103.663
103.708
103.756
103.801
103.841
103.886
103.921
103.962
103.995
104.03
104.061
104.09
104.119
104.142
104.168
104.186
104.209
104.222
104.24
104.249
104.262
104.267
104.276
104.277
104.28
103.16
103.156
103.155
103.147
103.14
103.128
103.116
103.099
103.082
103.062
103.038
103.015
102.986
102.959
102.924
102.894
102.855
102.82
102.778
102.736
102.693
102.645
102.601
102.548
102.499
102.445
102.39
102.337
102.275
102.22
102.158
102.094
102.036
101.968
101.905
101.843
101.769
101.708
101.639
101.564
101.5
101.429
101.347
101.287
101.203
101.132
101.055
100.979
100.902
100.825
100.748
100.671
100.595
100.518
100.441
100.365
100.289
100.214
100.139
100.065
99.9908
99.9177
99.8453
99.7737
99.703
99.6332
99.5645
99.4968
99.4304
99.3651
99.3011
99.2385
99.1773
99.1176
99.0595
99.0029
98.9481
98.895
98.8436
98.7942
98.7466
98.701
98.6574
98.6159
98.5765
98.5392
98.5042
98.4713
98.4408
98.4125
98.3866
98.3631
98.342
98.3233
98.3071
98.2933
98.282
98.2732
98.2669
98.2631
98.2618
98.2631
98.2669
98.2732
98.282
98.2933
98.3071
98.3233
98.342
98.3631
98.3866
98.4125
98.4408
98.4713
98.5042
98.5392
98.5765
98.6159
98.6574
98.701
98.7466
98.7942
98.8436
98.895
98.9481
99.0029
99.0595
99.1176
99.1773
99.2385
99.3011
99.3651
99.4304
99.4968
99.5645
99.6332
99.703
99.7737
99.8453
99.9177
99.9908
100.065
100.139
100.214
100.289
100.365
100.441
100.518
100.595
100.671
100.748
100.825
100.902
100.979
101.055
101.132
101.203
101.287
101.347
101.429
101.5
101.564
101.639
101.708
101.769
101.843
101.905
101.968
102.036
102.094
102.158
102.22
102.275
102.337
102.39
102.445
102.499
102.548
102.601
102.645
102.693
102.736
102.778
102.82
102.855
102.894
102.924
102.959
102.986
103.015
103.038
103.062
103.082
103.099
103.116
103.128
103.14
103.147
103.155
103.156
103.16
102.033
102.034
102.028
102.023
102.012
102.003
101.987
101.973
101.951
101.932
101.905
101.882
101.85
101.821
101.786
101.751
101.713
101.671
101.631
101.584
101.54
101.488
101.439
101.387
101.33
101.277
101.215
101.158
101.096
101.031
100.971
100.901
100.835
100.769
100.695
100.629
100.558
100.48
100.414
100.337
100.258
100.189
100.112
100.024
99.9593
99.8696
99.7927
99.7111
99.6292
99.5473
99.4653
99.3834
99.3015
99.2198
99.1383
99.0571
98.9762
98.8957
98.8158
98.7364
98.6577
98.5797
98.5025
98.4262
98.3507
98.2764
98.203
98.1309
98.06
97.9904
97.9222
97.8554
97.7901
97.7264
97.6644
97.6041
97.5456
97.489
97.4342
97.3815
97.3308
97.2821
97.2356
97.1913
97.1493
97.1095
97.0721
97.0371
97.0045
96.9744
96.9468
96.9217
96.8992
96.8792
96.8619
96.8472
96.8351
96.8258
96.819
96.815
96.8137
96.815
96.819
96.8258
96.8351
96.8472
96.8619
96.8792
96.8992
96.9217
96.9468
96.9744
97.0045
97.0371
97.0721
97.1095
97.1493
97.1913
97.2356
97.2821
97.3308
97.3815
97.4342
97.489
97.5456
97.6041
97.6644
97.7264
97.7901
97.8554
97.9222
97.9904
98.06
98.1309
98.203
98.2764
98.3507
98.4262
98.5025
98.5797
98.6577
98.7364
98.8158
98.8957
98.9762
99.0571
99.1383
99.2198
99.3015
99.3834
99.4653
99.5473
99.6292
99.7111
99.7927
99.8696
99.9593
100.024
100.112
100.189
100.258
100.337
100.414
100.48
100.558
100.629
100.695
100.769
100.835
100.901
100.971
101.031
101.096
101.158
101.215
101.277
101.33
101.387
101.439
101.488
101.54
101.584
101.631
101.671
101.713
101.751
101.786
101.821
101.85
101.882
101.905
101.932
101.951
101.973
101.987
102.003
102.012
102.023
102.028
102.034
102.033
100.917
100.918
100.911
100.907
100.895
100.885
100.868
100.853
100.831
100.809
100.783
100.755
100.725
100.69
100.657
100.616
100.579
100.533
100.49
100.441
100.392
100.341
100.285
100.232
100.171
100.113
100.051
99.9852
99.9237
99.8529
99.786
99.7174
99.6417
99.5734
99.4977
99.4197
99.3489
99.2688
99.1872
99.1166
99.0314
98.9473
98.8735
98.7897
98.6967
98.6258
98.5311
98.4484
98.3614
98.2742
98.187
98.0998
98.0127
97.9258
97.8391
97.7527
97.6666
97.581
97.496
97.4116
97.3278
97.2448
97.1627
97.0815
97.0012
96.9221
96.8441
96.7673
96.6919
96.6178
96.5452
96.4742
96.4047
96.337
96.271
96.2069
96.1446
96.0843
96.0261
95.9699
95.916
95.8642
95.8148
95.7676
95.7229
95.6806
95.6408
95.6035
95.5689
95.5368
95.5074
95.4807
95.4567
95.4355
95.4171
95.4014
95.3886
95.3786
95.3715
95.3672
95.3658
95.3672
95.3715
95.3786
95.3886
95.4014
95.4171
95.4355
95.4567
95.4807
95.5074
95.5368
95.5689
95.6035
95.6408
95.6806
95.7229
95.7676
95.8148
95.8642
95.916
95.9699
96.0261
96.0843
96.1446
96.2069
96.271
96.337
96.4047
96.4742
96.5452
96.6178
96.6919
96.7673
96.8441
96.9221
97.0012
97.0815
97.1627
97.2448
97.3278
97.4116
97.496
97.581
97.6666
97.7527
97.8391
97.9258
98.0127
98.0998
98.187
98.2742
98.3614
98.4484
98.5311
98.6258
98.6967
98.7897
98.8735
98.9473
99.0314
99.1166
99.1872
99.2688
99.3489
99.4197
99.4977
99.5734
99.6417
99.7174
99.786
99.8529
99.9237
99.9852
100.051
100.113
100.171
100.232
100.285
100.341
100.392
100.441
100.49
100.533
100.579
100.616
100.657
100.69
100.725
100.755
100.783
100.809
100.831
100.853
100.868
100.885
100.895
100.907
100.911
100.918
100.917
99.7966
99.7952
99.7909
99.7836
99.7739
99.7604
99.7455
99.7257
99.7059
99.6798
99.6552
99.6229
99.5934
99.5556
99.5205
99.4783
99.4367
99.3913
99.3425
99.2946
99.2391
99.1875
99.1278
99.0699
99.0091
98.9433
98.8814
98.8107
98.7432
98.6732
98.5971
98.5269
98.4489
98.3701
98.2962
98.212
98.1313
98.054
97.9659
97.8809
97.8044
97.7122
97.623
97.5436
97.4545
97.3557
97.2787
97.1794
97.0908
96.9986
96.9062
96.8139
96.7217
96.6296
96.5378
96.4463
96.3552
96.2646
96.1746
96.0852
95.9965
95.9086
95.8216
95.7356
95.6507
95.5669
95.4843
95.403
95.3231
95.2447
95.1679
95.0926
95.0191
94.9474
94.8775
94.8096
94.7437
94.6799
94.6182
94.5588
94.5016
94.4468
94.3944
94.3445
94.2972
94.2524
94.2103
94.1708
94.1341
94.1002
94.069
94.0408
94.0154
93.9929
93.9734
93.9568
93.9432
93.9327
93.9251
93.9206
93.919
93.9206
93.9251
93.9327
93.9432
93.9568
93.9734
93.9929
94.0154
94.0408
94.069
94.1002
94.1341
94.1708
94.2103
94.2524
94.2972
94.3445
94.3944
94.4468
94.5016
94.5588
94.6182
94.6799
94.7437
94.8096
94.8775
94.9474
95.0191
95.0926
95.1679
95.2447
95.3231
95.403
95.4843
95.5669
95.6507
95.7356
95.8216
95.9086
95.9965
96.0852
96.1746
96.2646
96.3552
96.4463
96.5378
96.6296
96.7217
96.8139
96.9062
96.9986
97.0908
97.1794
97.2787
97.3557
97.4545
97.5436
97.623
97.7122
97.8044
97.8809
97.9659
98.054
98.1313
98.212
98.2962
98.3701
98.4489
98.5269
98.5971
98.6732
98.7432
98.8107
98.8814
98.9433
99.0091
99.0699
99.1278
99.1875
99.2391
99.2946
99.3425
99.3913
99.4367
99.4783
99.5205
99.5556
99.5934
99.6229
99.6552
99.6798
99.7059
99.7257
99.7455
99.7604
99.7739
99.7836
99.7909
99.7952
99.7966
98.6771
98.6731
98.6711
98.661
98.6529
98.6367
98.6228
98.6005
98.5806
98.5527
98.5264
98.4935
98.4605
98.4232
98.3831
98.342
98.2948
98.2499
98.1966
98.1464
98.0893
98.032
97.973
97.9081
97.8467
97.7769
97.7094
97.6391
97.5632
97.4921
97.4128
97.3341
97.2574
97.1714
97.0904
97.0085
96.9174
96.8338
96.7491
96.654
96.5649
96.4824
96.3843
96.2891
96.2036
96.1101
96.0053
95.9219
95.8183
95.724
95.6265
95.5291
95.4317
95.3346
95.2377
95.1411
95.045
94.9493
94.8543
94.7599
94.6663
94.5736
94.4818
94.391
94.3014
94.2129
94.1258
94.04
93.9557
93.8729
93.7918
93.7124
93.6348
93.5591
93.4854
93.4137
93.3441
93.2768
93.2117
93.149
93.0887
93.0308
92.9756
92.9229
92.8729
92.8257
92.7812
92.7396
92.7008
92.665
92.6321
92.6023
92.5755
92.5518
92.5312
92.5137
92.4994
92.4882
92.4802
92.4754
92.4738
92.4754
92.4802
92.4882
92.4994
92.5137
92.5312
92.5518
92.5755
92.6023
92.6321
92.665
92.7008
92.7396
92.7812
92.8257
92.8729
92.9229
92.9756
93.0308
93.0887
93.149
93.2117
93.2768
93.3441
93.4137
93.4854
93.5591
93.6348
93.7124
93.7918
93.8729
93.9557
94.04
94.1258
94.2129
94.3014
94.391
94.4818
94.5736
94.6663
94.7599
94.8543
94.9493
95.045
95.1411
95.2377
95.3346
95.4317
95.5291
95.6265
95.724
95.8183
95.9219
96.0053
96.1101
96.2036
96.2891
96.3843
96.4824
96.5649
96.654
96.7491
96.8338
96.9174
97.0085
97.0904
97.1714
97.2574
97.3341
97.4128
97.4921
97.5632
97.6391
97.7094
97.7769
97.8467
97.9081
97.973
98.032
98.0893
98.1464
98.1966
98.2499
98.2948
98.342
98.3831
98.4232
98.4605
98.4935
98.5264
98.5527
98.5806
98.6005
98.6228
98.6367
98.6529
98.661
98.6711
98.6731
98.6771
97.5619
97.5586
97.5554
97.5459
97.5361
97.5206
97.5041
97.4828
97.4593
97.4327
97.4021
97.3705
97.3327
97.2962
97.2518
97.2099
97.16
97.1115
97.0578
97.0017
96.9452
96.8817
96.8215
96.7532
96.6863
96.6166
96.5416
96.4702
96.3906
96.3123
96.2337
96.1472
96.0659
95.9801
95.8887
95.804
95.7132
95.6166
95.529
95.437
95.3355
95.2408
95.1526
95.0495
94.9475
94.8554
94.7579
94.6471
94.557
94.4491
94.3488
94.2462
94.1436
94.0412
93.9391
93.8373
93.736
93.6353
93.5351
93.4357
93.3371
93.2393
93.1426
93.047
92.9525
92.8593
92.7674
92.6771
92.5882
92.501
92.4155
92.3319
92.2501
92.1703
92.0926
92.0171
91.9438
91.8728
91.8043
91.7382
91.6746
91.6137
91.5554
91.4999
91.4473
91.3975
91.3506
91.3067
91.2659
91.2281
91.1935
91.1621
91.1339
91.1089
91.0872
91.0687
91.0536
91.0419
91.0335
91.0284
91.0267
91.0284
91.0335
91.0419
91.0536
91.0687
91.0872
91.1089
91.1339
91.1621
91.1935
91.2281
91.2659
91.3067
91.3506
91.3975
91.4473
91.4999
91.5554
91.6137
91.6746
91.7382
91.8043
91.8728
91.9438
92.0171
92.0926
92.1703
92.2501
92.3319
92.4155
92.501
92.5882
92.6771
92.7674
92.8593
92.9525
93.047
93.1426
93.2393
93.3371
93.4357
93.5351
93.6353
93.736
93.8373
93.9391
94.0412
94.1436
94.2462
94.3488
94.4491
94.557
94.6471
94.7579
94.8554
94.9475
95.0495
95.1526
95.2408
95.3355
95.437
95.529
95.6166
95.7132
95.804
95.8887
95.9801
96.0659
96.1472
96.2337
96.3123
96.3906
96.4702
96.5416
96.6166
96.6863
96.7532
96.8215
96.8817
96.9452
97.0017
97.0578
97.1115
97.16
97.2099
97.2518
97.2962
97.3327
97.3705
97.4021
97.4327
97.4593
97.4828
97.5041
97.5206
97.5361
97.5459
97.5554
97.5586
97.5619
96.4419
96.4412
96.4351
96.4279
96.4149
96.4013
96.3813
96.3616
96.3345
96.3087
96.2749
96.2428
96.2028
96.1641
96.1188
96.0726
96.0232
95.9692
95.9158
95.8547
95.7963
95.7305
95.6649
95.5967
95.5231
95.4523
95.3734
95.296
95.2166
95.1307
95.0493
94.9612
94.8707
94.7845
94.6896
94.5945
94.5046
94.4054
94.3037
94.211
94.1129
94.0056
93.9039
93.8101
93.7032
93.5943
93.495
93.394
93.2775
93.1806
93.0687
92.9627
92.855
92.7475
92.6403
92.5334
92.427
92.3212
92.2161
92.1117
92.0081
91.9055
91.8039
91.7035
91.6043
91.5064
91.41
91.3151
91.2218
91.1303
91.0405
90.9527
90.8668
90.7831
90.7015
90.6222
90.5452
90.4707
90.3987
90.3293
90.2625
90.1986
90.1374
90.0792
90.0238
89.9716
89.9224
89.8763
89.8334
89.7938
89.7575
89.7245
89.6948
89.6686
89.6458
89.6264
89.6106
89.5982
89.5894
89.5841
89.5823
89.5841
89.5894
89.5982
89.6106
89.6264
89.6458
89.6686
89.6948
89.7245
89.7575
89.7938
89.8334
89.8763
89.9224
89.9716
90.0238
90.0792
90.1374
90.1986
90.2625
90.3293
90.3987
90.4707
90.5452
90.6222
90.7015
90.7831
90.8668
90.9527
91.0405
91.1303
91.2218
91.3151
91.41
91.5064
91.6043
91.7035
91.8039
91.9055
92.0081
92.1117
92.2161
92.3212
92.427
92.5334
92.6403
92.7475
92.855
92.9627
93.0687
93.1806
93.2775
93.394
93.495
93.5943
93.7032
93.8101
93.9039
94.0056
94.1129
94.211
94.3037
94.4054
94.5046
94.5945
94.6896
94.7845
94.8707
94.9612
95.0493
95.1307
95.2166
95.296
95.3734
95.4523
95.5231
95.5967
95.6649
95.7305
95.7963
95.8547
95.9158
95.9692
96.0232
96.0726
96.1188
96.1641
96.2028
96.2428
96.2749
96.3087
96.3345
96.3616
96.3813
96.4013
96.4149
96.4279
96.4351
96.4412
96.4419
95.3255
95.3261
95.3184
95.312
95.2974
95.2839
95.2624
95.2418
95.2138
95.1859
95.1518
95.1163
95.0767
95.0334
94.9888
94.9377
94.888
94.8302
94.7743
94.7116
94.648
94.5821
94.5104
94.441
94.3636
94.2875
94.2083
94.1237
94.0424
93.9534
93.8643
93.7764
93.6799
93.5864
93.4928
93.3901
93.2913
93.1952
93.0887
92.9811
92.8822
92.7792
92.6666
92.5569
92.4569
92.3468
92.2315
92.1243
92.0196
91.8979
91.794
91.6779
91.5663
91.4536
91.3412
91.2292
91.1176
91.0067
90.8964
90.787
90.6784
90.5708
90.4643
90.359
90.255
90.1524
90.0513
89.9518
89.854
89.758
89.6639
89.5718
89.4818
89.394
89.3085
89.2253
89.1446
89.0665
88.991
88.9182
88.8482
88.7812
88.717
88.656
88.598
88.5432
88.4916
88.4433
88.3983
88.3568
88.3187
88.2841
88.253
88.2255
88.2016
88.1813
88.1647
88.1517
88.1425
88.1369
88.135
88.1369
88.1425
88.1517
88.1647
88.1813
88.2016
88.2255
88.253
88.2841
88.3187
88.3568
88.3983
88.4433
88.4916
88.5432
88.598
88.656
88.717
88.7812
88.8482
88.9182
88.991
89.0665
89.1446
89.2253
89.3085
89.394
89.4818
89.5718
89.6639
89.758
89.854
89.9518
90.0513
90.1524
90.255
90.359
90.4643
90.5708
90.6784
90.787
90.8964
91.0067
91.1176
91.2292
91.3412
91.4536
91.5663
91.6779
91.794
91.8979
92.0196
92.1243
92.2315
92.3468
92.4569
92.5569
92.6666
92.7792
92.8822
92.9811
93.0887
93.1952
93.2913
93.3901
93.4928
93.5864
93.6799
93.7764
93.8643
93.9534
94.0424
94.1237
94.2083
94.2875
94.3636
94.441
94.5104
94.5821
94.648
94.7116
94.7743
94.8302
94.888
94.9377
94.9888
95.0334
95.0767
95.1163
95.1518
95.1859
95.2138
95.2418
95.2624
95.2839
95.2974
95.312
95.3184
95.3261
95.3255
94.2161
94.2154
94.2088
94.2006
94.1869
94.171
94.1505
94.1267
94.0997
94.0681
94.0349
93.9953
93.956
93.909
93.8633
93.8097
93.7568
93.6981
93.637
93.5743
93.5051
93.4378
93.3627
93.2884
93.2104
93.1276
93.047
92.9584
92.8708
92.7818
92.6855
92.5932
92.4963
92.3937
92.2964
92.1944
92.0849
91.9813
91.879
91.7668
91.6522
91.5458
91.4385
91.3217
91.2036
91.0964
90.9833
90.8625
90.7469
90.6382
90.5116
90.4008
90.2804
90.1633
90.0456
89.9284
89.8116
89.6955
89.5801
89.4655
89.3518
89.2392
89.1278
89.0175
88.9087
88.8013
88.6954
88.5913
88.4889
88.3884
88.2899
88.1935
88.0992
88.0073
87.9178
87.8307
87.7462
87.6644
87.5854
87.5092
87.436
87.3658
87.2986
87.2347
87.174
87.1166
87.0626
87.012
86.965
86.9215
86.8816
86.8454
86.8128
86.784
86.759
86.7378
86.7204
86.7068
86.6971
86.6913
86.6894
86.6913
86.6971
86.7068
86.7204
86.7378
86.759
86.784
86.8128
86.8454
86.8816
86.9215
86.965
87.012
87.0626
87.1166
87.174
87.2347
87.2986
87.3658
87.436
87.5092
87.5854
87.6644
87.7462
87.8307
87.9178
88.0073
88.0992
88.1935
88.2899
88.3884
88.4889
88.5913
88.6954
88.8013
88.9087
89.0175
89.1278
89.2392
89.3518
89.4655
89.5801
89.6955
89.8116
89.9284
90.0456
90.1633
90.2804
90.4008
90.5116
90.6382
90.7469
90.8625
90.9833
91.0964
91.2036
91.3217
91.4385
91.5458
91.6522
91.7668
91.879
91.9813
92.0849
92.1944
92.2964
92.3937
92.4963
92.5932
92.6855
92.7818
92.8708
92.9584
93.047
93.1276
93.2104
93.2884
93.3627
93.4378
93.5051
93.5743
93.637
93.6981
93.7568
93.8097
93.8633
93.909
93.956
93.9953
94.0349
94.0681
94.0997
94.1267
94.1505
94.171
94.1869
94.2006
94.2088
94.2154
94.2161
93.1018
93.0988
93.0941
93.0833
93.0712
93.0524
93.033
93.0063
92.9798
92.9453
92.9116
92.8699
92.8286
92.7804
92.731
92.6773
92.6195
92.5607
92.4949
92.4305
92.3585
92.2867
92.2109
92.1304
92.0512
91.9642
91.8785
91.7893
91.6946
91.603
91.5044
91.4037
91.306
91.2
91.0927
90.9903
90.8808
90.7648
90.6545
90.5466
90.4302
90.3085
90.1935
90.0814
89.9615
89.836
89.7204
89.604
89.4788
89.3548
89.2415
89.1107
88.9931
88.8684
88.7461
88.6236
88.5017
88.3805
88.2599
88.1403
88.0216
87.904
87.7875
87.6724
87.5587
87.4466
87.336
87.2273
87.1203
87.0154
86.9125
86.8118
86.7134
86.6174
86.5239
86.433
86.3447
86.2593
86.1768
86.0972
86.0207
85.9474
85.8773
85.8105
85.7471
85.6871
85.6307
85.5779
85.5288
85.4833
85.4417
85.4038
85.3698
85.3398
85.3136
85.2915
85.2733
85.2591
85.249
85.2429
85.2409
85.2429
85.249
85.2591
85.2733
85.2915
85.3136
85.3398
85.3698
85.4038
85.4417
85.4833
85.5288
85.5779
85.6307
85.6871
85.7471
85.8105
85.8773
85.9474
86.0207
86.0972
86.1768
86.2593
86.3447
86.433
86.5239
86.6174
86.7134
86.8118
86.9125
87.0154
87.1203
87.2273
87.336
87.4466
87.5587
87.6724
87.7875
87.904
88.0216
88.1403
88.2599
88.3805
88.5017
88.6236
88.7461
88.8684
88.9931
89.1107
89.2415
89.3548
89.4788
89.604
89.7204
89.836
89.9615
90.0814
90.1935
90.3085
90.4302
90.5466
90.6545
90.7648
90.8808
90.9903
91.0927
91.2
91.306
91.4037
91.5044
91.603
91.6946
91.7893
91.8785
91.9642
92.0512
92.1304
92.2109
92.2867
92.3585
92.4305
92.4949
92.5607
92.6195
92.6773
92.731
92.7804
92.8286
92.8699
92.9116
92.9453
92.9798
93.0063
93.033
93.0524
93.0712
93.0833
93.0941
93.0988
93.1018
91.9979
91.9938
91.9899
91.9777
91.9657
91.9457
91.9256
91.8978
91.8696
91.8345
91.7979
91.7561
91.7109
91.6628
91.609
91.5549
91.4931
91.4323
91.3641
91.2954
91.2226
91.145
91.068
90.9832
90.8997
90.8114
90.7189
90.628
90.5294
90.4311
90.3321
90.2251
90.1209
90.0157
89.9015
89.7889
89.6805
89.5651
89.4426
89.3238
89.2095
89.0899
88.9623
88.8378
88.7192
88.5968
88.4653
88.3406
88.2195
88.0909
87.9589
87.8401
87.7053
87.581
87.4517
87.3243
87.1971
87.0705
86.9447
86.8199
86.696
86.5732
86.4517
86.3316
86.2129
86.0958
85.9804
85.8669
85.7553
85.6457
85.5383
85.4332
85.3305
85.2303
85.1327
85.0378
84.9457
84.8565
84.7703
84.6873
84.6074
84.5308
84.4576
84.3879
84.3217
84.2592
84.2003
84.1451
84.0938
84.0464
84.0029
83.9634
83.9279
83.8965
83.8692
83.8461
83.8271
83.8123
83.8018
83.7954
83.7933
83.7954
83.8018
83.8123
83.8271
83.8461
83.8692
83.8965
83.9279
83.9634
84.0029
84.0464
84.0938
84.1451
84.2003
84.2592
84.3217
84.3879
84.4576
84.5308
84.6074
84.6873
84.7703
84.8565
84.9457
85.0378
85.1327
85.2303
85.3305
85.4332
85.5383
85.6457
85.7553
85.8669
85.9804
86.0958
86.2129
86.3316
86.4517
86.5732
86.696
86.8199
86.9447
87.0705
87.1971
87.3243
87.4517
87.581
87.7053
87.8401
87.9589
88.0909
88.2195
88.3406
88.4653
88.5968
88.7192
88.8378
88.9623
89.0899
89.2095
89.3238
89.4426
89.5651
89.6805
89.7889
89.9015
90.0157
90.1209
90.2251
90.3321
90.4311
90.5294
90.628
90.7189
90.8114
90.8997
90.9832
91.068
91.145
91.2226
91.2954
91.3641
91.4323
91.4931
91.5549
91.609
91.6628
91.7109
91.7561
91.7979
91.8345
91.8696
91.8978
91.9256
91.9457
91.9657
91.9777
91.9899
91.9938
91.9979
90.8887
90.8855
90.8802
90.8688
90.855
90.8355
90.8129
90.7858
90.7544
90.7199
90.6796
90.638
90.5891
90.5403
90.4836
90.4271
90.3636
90.2986
90.2297
90.1558
90.0818
90.0001
89.9194
89.833
89.7433
89.6537
89.5565
89.4606
89.3609
89.2555
89.153
89.0448
88.9315
88.8227
88.7101
88.5888
88.469
88.3538
88.2342
88.1064
87.9783
87.856
87.733
87.6015
87.4682
87.3413
87.2157
87.08
86.9466
86.8193
86.6879
86.5487
86.4238
86.2852
86.1546
86.0209
85.8886
85.7567
85.6257
85.4956
85.3665
85.2386
85.112
84.9869
84.8632
84.7412
84.621
84.5027
84.3864
84.2723
84.1604
84.0509
83.9438
83.8394
83.7377
83.6388
83.5428
83.4499
83.3601
83.2736
83.1904
83.1106
83.0343
82.9616
82.8927
82.8275
82.7661
82.7087
82.6552
82.6058
82.5604
82.5193
82.4823
82.4496
82.4211
82.397
82.3772
82.3618
82.3508
82.3442
82.342
82.3442
82.3508
82.3618
82.3772
82.397
82.4211
82.4496
82.4823
82.5193
82.5604
82.6058
82.6552
82.7087
82.7661
82.8275
82.8927
82.9616
83.0343
83.1106
83.1904
83.2736
83.3601
83.4499
83.5428
83.6388
83.7377
83.8394
83.9438
84.0509
84.1604
84.2723
84.3864
84.5027
84.621
84.7412
84.8632
84.9869
85.112
85.2386
85.3665
85.4956
85.6257
85.7567
85.8886
86.0209
86.1546
86.2852
86.4238
86.5487
86.6879
86.8193
86.9466
87.08
87.2157
87.3413
87.4682
87.6015
87.733
87.856
87.9783
88.1064
88.2342
88.3538
88.469
88.5888
88.7101
88.8227
88.9315
89.0448
89.153
89.2555
89.3609
89.4606
89.5565
89.6537
89.7433
89.833
89.9194
90.0001
90.0818
90.1558
90.2297
90.2986
90.3636
90.4271
90.4836
90.5403
90.5891
90.638
90.6796
90.7199
90.7544
90.7858
90.8129
90.8355
90.855
90.8688
90.8802
90.8855
90.8887
89.7861
89.7846
89.7773
89.7672
89.7509
89.7325
89.7072
89.6805
89.6463
89.6115
89.5687
89.5257
89.475
89.4234
89.3656
89.3049
89.2409
89.1712
89.1011
89.0233
88.946
88.8625
88.7762
88.6886
88.5938
88.5004
88.4013
88.2985
88.197
88.0878
87.9778
87.8691
87.7519
87.6324
87.5175
87.3989
87.2717
87.1433
87.0196
86.8957
86.7642
86.6282
86.496
86.3676
86.2336
86.0935
85.957
85.8265
85.6879
85.5469
85.4121
85.2777
85.1322
85.0008
84.8583
84.7218
84.5835
84.4464
84.31
84.1746
84.0403
83.9072
83.7754
83.6452
83.5165
83.3895
83.2644
83.1412
83.0202
82.9013
82.7848
82.6708
82.5594
82.4507
82.3448
82.2418
82.1419
82.0452
81.9517
81.8616
81.7749
81.6919
81.6125
81.5368
81.465
81.3971
81.3332
81.2734
81.2177
81.1663
81.1191
81.0762
81.0377
81.0036
80.974
80.9489
80.9283
80.9123
80.9008
80.8939
80.8916
80.8939
80.9008
80.9123
80.9283
80.9489
80.974
81.0036
81.0377
81.0762
81.1191
81.1663
81.2177
81.2734
81.3332
81.3971
81.465
81.5368
81.6125
81.6919
81.7749
81.8616
81.9517
82.0452
82.1419
82.2418
82.3448
82.4507
82.5594
82.6708
82.7848
82.9013
83.0202
83.1412
83.2644
83.3895
83.5165
83.6452
83.7754
83.9072
84.0403
84.1746
84.31
84.4464
84.5835
84.7218
84.8583
85.0008
85.1322
85.2777
85.4121
85.5469
85.6879
85.8265
85.957
86.0935
86.2336
86.3676
86.496
86.6282
86.7642
86.8957
87.0196
87.1433
87.2717
87.3989
87.5175
87.6324
87.7519
87.8691
87.9778
88.0878
88.197
88.2985
88.4013
88.5004
88.5938
88.6886
88.7762
88.8625
88.946
89.0233
89.1011
89.1712
89.2409
89.3049
89.3656
89.4234
89.475
89.5257
89.5687
89.6115
89.6463
89.6805
89.7072
89.7325
89.7509
89.7672
89.7773
89.7846
89.7861
88.6863
88.6858
88.6772
88.6676
88.6498
88.6312
88.6044
88.5768
88.5414
88.5046
88.4609
88.4149
88.3636
88.3081
88.2498
88.185
88.1196
88.0465
87.9732
87.8936
87.8111
87.7264
87.635
87.5444
87.447
87.3475
87.247
87.1389
87.0321
86.9221
86.8048
86.6902
86.5744
86.4496
86.3226
86.1997
86.0758
85.9445
85.8081
85.6742
85.5437
85.4095
85.268
85.1259
84.9894
84.8523
84.708
84.5623
84.4245
84.2832
84.1362
83.993
83.855
83.7041
83.566
83.4195
83.2774
83.1345
82.9928
82.8519
82.7123
82.5738
82.4368
82.3013
82.1674
82.0354
81.9052
81.7771
81.6512
81.5276
81.4064
81.2878
81.1719
81.0588
80.9487
80.8415
80.7376
80.6369
80.5397
80.4459
80.3558
80.2694
80.1867
80.108
80.0333
79.9627
79.8962
79.8339
79.776
79.7225
79.6734
79.6287
79.5887
79.5532
79.5224
79.4963
79.4749
79.4582
79.4462
79.4391
79.4367
79.4391
79.4462
79.4582
79.4749
79.4963
79.5224
79.5532
79.5887
79.6287
79.6734
79.7225
79.776
79.8339
79.8962
79.9627
80.0333
80.108
80.1867
80.2694
80.3558
80.4459
80.5397
80.6369
80.7376
80.8415
80.9487
81.0588
81.1719
81.2878
81.4064
81.5276
81.6512
81.7771
81.9052
82.0354
82.1674
82.3013
82.4368
82.5738
82.7123
82.8519
82.9928
83.1345
83.2774
83.4195
83.566
83.7041
83.855
83.993
84.1362
84.2832
84.4245
84.5623
84.708
84.8523
84.9894
85.1259
85.268
85.4095
85.5437
85.6742
85.8081
85.9445
86.0758
86.1997
86.3226
86.4496
86.5744
86.6902
86.8048
86.9221
87.0321
87.1389
87.247
87.3475
87.447
87.5444
87.635
87.7264
87.8111
87.8936
87.9732
88.0465
88.1196
88.185
88.2498
88.3081
88.3636
88.4149
88.4609
88.5046
88.5414
88.5768
88.6044
88.6312
88.6498
88.6676
88.6772
88.6858
88.6863
87.5888
87.5878
87.5793
87.5687
87.551
87.5307
87.5039
87.4739
87.4384
87.3986
87.3549
87.3053
87.2535
87.1945
87.1347
87.0671
86.9986
86.9238
86.8459
86.7652
86.6778
86.5907
86.4962
86.4004
86.3016
86.1963
86.0923
85.982
85.8678
85.7557
85.6364
85.5118
85.3909
85.2687
85.1384
85.0034
84.8705
84.74
84.6055
84.4638
84.32
84.1801
84.0415
83.897
83.7472
83.6009
83.4584
83.3114
83.1584
83.012
82.8669
82.7156
82.5642
82.4216
82.2662
82.1214
81.9709
81.8235
81.6761
81.5299
81.3848
81.241
81.0987
80.958
80.8189
80.6817
80.5466
80.4135
80.2827
80.1543
80.0284
79.9052
79.7847
79.6672
79.5528
79.4415
79.3335
79.2289
79.1279
79.0304
78.9368
78.847
78.7611
78.6793
78.6017
78.5282
78.4592
78.3945
78.3343
78.2786
78.2276
78.1812
78.1396
78.1028
78.0707
78.0436
78.0213
78.0039
77.9915
77.9841
77.9816
77.9841
77.9915
78.0039
78.0213
78.0436
78.0707
78.1028
78.1396
78.1812
78.2276
78.2786
78.3343
78.3945
78.4592
78.5282
78.6017
78.6793
78.7611
78.847
78.9368
79.0304
79.1279
79.2289
79.3335
79.4415
79.5528
79.6672
79.7847
79.9052
80.0284
80.1543
80.2827
80.4135
80.5466
80.6817
80.8189
80.958
81.0987
81.241
81.3848
81.5299
81.6761
81.8235
81.9709
82.1214
82.2662
82.4216
82.5642
82.7156
82.8669
83.012
83.1584
83.3114
83.4584
83.6009
83.7472
83.897
84.0415
84.1801
84.32
84.4638
84.6055
84.74
84.8705
85.0034
85.1384
85.2687
85.3909
85.5118
85.6364
85.7557
85.8678
85.982
86.0923
86.1963
86.3016
86.4004
86.4962
86.5907
86.6778
86.7652
86.8459
86.9238
86.9986
87.0671
87.1347
87.1945
87.2535
87.3053
87.3549
87.3986
87.4384
87.4739
87.5039
87.5307
87.551
87.5687
87.5793
87.5878
87.5888
86.4996
86.4971
86.4898
86.4773
86.4603
86.4377
86.4113
86.3786
86.3431
86.3004
86.2559
86.2036
86.1501
86.0889
86.026
85.9569
85.8841
85.8082
85.7257
85.6426
85.552
85.4603
85.3641
85.2626
85.1612
85.0524
84.9421
84.8306
84.7109
84.5916
84.4728
84.3456
84.2132
84.0833
83.9544
83.8202
83.679
83.5358
83.3955
83.256
83.1112
82.9603
82.8098
82.6633
82.5157
82.3613
82.2055
82.0548
81.9047
81.7468
81.5914
81.4406
81.286
81.1268
80.9787
80.8191
80.6679
80.5131
80.3606
80.2087
80.0581
79.9088
79.761
79.6148
79.4704
79.328
79.1876
79.0494
78.9135
78.7801
78.6494
78.5214
78.3963
78.2742
78.1553
78.0397
77.9275
77.8189
77.7139
77.6127
77.5154
77.422
77.3328
77.2478
77.1672
77.0909
77.0191
76.9519
76.8893
76.8315
76.7785
76.7303
76.687
76.6487
76.6154
76.5872
76.5641
76.5461
76.5332
76.5254
76.5228
76.5254
76.5332
76.5461
76.5641
76.5872
76.6154
76.6487
76.687
76.7303
76.7785
76.8315
76.8893
76.9519
77.0191
77.0909
77.1672
77.2478
77.3328
77.422
77.5154
77.6127
77.7139
77.8189
77.9275
78.0397
78.1553
78.2742
78.3963
78.5214
78.6494
78.7801
78.9135
79.0494
79.1876
79.328
79.4704
79.6148
79.761
79.9088
80.0581
80.2087
80.3606
80.5131
80.6679
80.8191
80.9787
81.1268
81.286
81.4406
81.5914
81.7468
81.9047
82.0548
82.2055
82.3613
82.5157
82.6633
82.8098
82.9603
83.1112
83.256
83.3955
83.5358
83.679
83.8202
83.9544
84.0833
84.2132
84.3456
84.4728
84.5916
84.7109
84.8306
84.9421
85.0524
85.1612
85.2626
85.3641
85.4603
85.552
85.6426
85.7257
85.8082
85.8841
85.9569
86.026
86.0889
86.1501
86.2036
86.2559
86.3004
86.3431
86.3786
86.4113
86.4377
86.4603
86.4773
86.4898
86.4971
86.4996
85.4091
85.4052
85.3988
85.3846
85.3681
85.3435
85.317
85.2823
85.2458
85.2013
85.1549
85.1011
85.0446
84.9822
84.9154
84.8453
84.7684
84.6904
84.6046
84.5177
84.4252
84.3282
84.23
84.1242
84.018
83.9076
83.7908
83.6757
83.5549
83.4269
83.3007
83.175
83.0424
82.9029
82.7625
82.6244
82.4855
82.3407
82.19
82.0387
81.8906
81.7419
81.5873
81.4282
81.2715
81.1182
80.9609
80.7982
80.638
80.4828
80.3216
80.1584
80.0005
79.8427
79.6769
79.5227
79.3591
79.2019
79.0427
78.8855
78.7293
78.5745
78.4212
78.2696
78.1198
77.972
77.8264
77.683
77.5421
77.4037
77.2681
77.1353
77.0055
76.8789
76.7555
76.6355
76.5191
76.4064
76.2974
76.1924
76.0914
75.9946
75.902
75.8138
75.7301
75.6509
75.5764
75.5066
75.4417
75.3817
75.3266
75.2766
75.2317
75.192
75.1574
75.1281
75.1041
75.0854
75.072
75.064
75.0613
75.064
75.072
75.0854
75.1041
75.1281
75.1574
75.192
75.2317
75.2766
75.3266
75.3817
75.4417
75.5066
75.5764
75.6509
75.7301
75.8138
75.902
75.9946
76.0914
76.1924
76.2974
76.4064
76.5191
76.6355
76.7555
76.8789
77.0055
77.1353
77.2681
77.4037
77.5421
77.683
77.8264
77.972
78.1198
78.2696
78.4212
78.5745
78.7293
78.8855
79.0427
79.2019
79.3591
79.5227
79.6769
79.8427
80.0005
80.1584
80.3216
80.4828
80.638
80.7982
80.9609
81.1182
81.2715
81.4282
81.5873
81.7419
81.8906
82.0387
82.19
82.3407
82.4855
82.6244
82.7625
82.9029
83.0424
83.175
83.3007
83.4269
83.5549
83.6757
83.7908
83.9076
84.018
84.1242
84.23
84.3282
84.4252
84.5177
84.6046
84.6904
84.7684
84.8453
84.9154
84.9822
85.0446
85.1011
85.1549
85.2013
85.2458
85.2823
85.317
85.3435
85.3681
85.3846
85.3988
85.4052
85.4091
84.3283
84.3241
84.3176
84.3027
84.2855
84.2601
84.2322
84.1966
84.158
84.1126
84.0632
84.0086
83.9485
83.8851
83.8145
83.7424
83.6624
83.5809
83.4931
83.4013
83.3069
83.2053
83.1033
82.995
82.8827
82.77
82.6493
82.5264
82.4049
82.2761
82.1401
82.0043
81.8701
81.7329
81.5887
81.4393
81.2899
81.1426
80.9937
80.8389
80.679
80.5199
80.3637
80.2057
80.0415
79.8751
79.7129
79.5516
79.3847
79.2156
79.0529
78.8883
78.7192
78.5531
78.3914
78.22
78.0592
77.8916
77.7286
77.565
77.4032
77.2427
77.0837
76.9265
76.7712
76.6179
76.4669
76.3182
76.172
76.0285
75.8878
75.75
75.6154
75.484
75.356
75.2315
75.1107
74.9938
74.8807
74.7717
74.6669
74.5664
74.4704
74.3788
74.2919
74.2098
74.1324
74.0601
73.9927
73.9304
73.8732
73.8213
73.7747
73.7335
73.6976
73.6672
73.6423
73.6229
73.609
73.6006
73.5978
73.6006
73.609
73.6229
73.6423
73.6672
73.6976
73.7335
73.7747
73.8213
73.8732
73.9304
73.9927
74.0601
74.1324
74.2098
74.2919
74.3788
74.4704
74.5664
74.6669
74.7717
74.8807
74.9938
75.1107
75.2315
75.356
75.484
75.6154
75.75
75.8878
76.0285
76.172
76.3182
76.4669
76.6179
76.7712
76.9265
77.0837
77.2427
77.4032
77.565
77.7286
77.8916
78.0592
78.22
78.3914
78.5531
78.7192
78.8883
79.0529
79.2156
79.3847
79.5516
79.7129
79.8751
80.0415
80.2057
80.3637
80.5199
80.679
80.8389
80.9937
81.1426
81.2899
81.4393
81.5887
81.7329
81.8701
82.0043
82.1401
82.2761
82.4049
82.5264
82.6493
82.77
82.8827
82.995
83.1033
83.2053
83.3069
83.4013
83.4931
83.5809
83.6624
83.7424
83.8145
83.8851
83.9485
84.0086
84.0632
84.1126
84.158
84.1966
84.2322
84.2601
84.2855
84.3027
84.3176
84.3241
84.3283
83.2464
83.2428
83.2353
83.2206
83.2018
83.1764
83.1464
83.1105
83.0691
83.0233
82.9707
82.9152
82.8518
82.7866
82.7133
82.6379
82.556
82.47
82.3805
82.2841
82.1867
82.082
81.9747
81.8646
81.7469
81.6294
81.5079
81.3778
81.2474
81.1183
80.9838
80.8416
80.6956
80.5504
80.4058
80.2578
80.1034
79.9444
79.7856
79.6289
79.4703
79.3058
79.1373
78.9706
78.8064
78.639
78.4659
78.2937
78.1257
77.9556
77.7798
77.6084
77.4393
77.2657
77.0915
76.9252
76.7488
76.5816
76.4099
76.2416
76.0736
75.9074
75.7427
75.5798
75.4188
75.26
75.1035
74.9494
74.7979
74.6491
74.5033
74.3605
74.221
74.0847
73.9521
73.823
73.6978
73.5765
73.4593
73.3463
73.2376
73.1334
73.0338
72.9389
72.8488
72.7636
72.6834
72.6083
72.5384
72.4738
72.4146
72.3608
72.3124
72.2696
72.2324
72.2009
72.175
72.1549
72.1405
72.1318
72.1289
72.1318
72.1405
72.1549
72.175
72.2009
72.2324
72.2696
72.3124
72.3608
72.4146
72.4738
72.5384
72.6083
72.6834
72.7636
72.8488
72.9389
73.0338
73.1334
73.2376
73.3463
73.4593
73.5765
73.6978
73.823
73.9521
74.0847
74.221
74.3605
74.5033
74.6491
74.7979
74.9494
75.1035
75.26
75.4188
75.5798
75.7427
75.9074
76.0736
76.2416
76.4099
76.5816
76.7488
76.9252
77.0915
77.2657
77.4393
77.6084
77.7798
77.9556
78.1257
78.2937
78.4659
78.639
78.8064
78.9706
79.1373
79.3058
79.4703
79.6289
79.7856
79.9444
80.1034
80.2578
80.4058
80.5504
80.6956
80.8416
80.9838
81.1183
81.2474
81.3778
81.5079
81.6294
81.7469
81.8646
81.9747
82.082
82.1867
82.2841
82.3805
82.47
82.556
82.6379
82.7133
82.7866
82.8518
82.9152
82.9707
83.0233
83.0691
83.1105
83.1464
83.1764
83.2018
83.2206
83.2353
83.2428
83.2464
82.1726
82.1699
82.161
82.1469
82.1262
82.1009
82.0685
82.0323
81.9884
81.9415
81.8864
81.8289
81.7633
81.695
81.6199
81.5404
81.4569
81.3664
81.2744
81.1745
81.0726
80.9659
80.8529
80.7396
80.6189
80.4938
80.3702
80.2405
80.1024
79.9622
79.823
79.6824
79.536
79.3831
79.2267
79.0709
78.9158
78.7575
78.5932
78.4247
78.2567
78.0907
77.9225
77.7486
77.572
77.3981
77.2258
77.0488
76.8682
76.6911
76.5167
76.3363
76.1564
75.981
75.8038
75.6222
75.4502
75.2696
75.096
74.92
74.7467
74.5744
74.4039
74.2352
74.0685
73.904
73.7418
73.5822
73.4252
73.2711
73.12
72.9721
72.8275
72.6863
72.5488
72.4151
72.2853
72.1596
72.0381
71.921
71.8084
71.7004
71.5971
71.4987
71.4053
71.317
71.2338
71.156
71.0835
71.0166
70.9551
70.8993
70.8492
70.8048
70.7663
70.7336
70.7068
70.6859
70.6709
70.662
70.659
70.662
70.6709
70.6859
70.7068
70.7336
70.7663
70.8048
70.8492
70.8993
70.9551
71.0166
71.0835
71.156
71.2338
71.317
71.4053
71.4987
71.5971
71.7004
71.8084
71.921
72.0381
72.1596
72.2853
72.4151
72.5488
72.6863
72.8275
72.9721
73.12
73.2711
73.4252
73.5822
73.7418
73.904
74.0685
74.2352
74.4039
74.5744
74.7467
74.92
75.096
75.2696
75.4502
75.6222
75.8038
75.981
76.1564
76.3363
76.5167
76.6911
76.8682
77.0488
77.2258
77.3981
77.572
77.7486
77.9225
78.0907
78.2567
78.4247
78.5932
78.7575
78.9158
79.0709
79.2267
79.3831
79.536
79.6824
79.823
79.9622
80.1024
80.2405
80.3702
80.4938
80.6189
80.7396
80.8529
80.9659
81.0726
81.1745
81.2744
81.3664
81.4569
81.5404
81.6199
81.695
81.7633
81.8289
81.8864
81.9415
81.9884
82.0323
82.0685
82.1009
82.1262
82.1469
82.161
82.1699
82.1726
81.1041
81.1022
81.092
81.0782
81.0559
81.0303
80.9961
80.9588
80.913
80.8642
80.8073
80.7469
80.6798
80.6077
80.531
80.4475
80.3616
80.2676
80.1716
80.0694
79.9622
79.8531
79.7358
79.617
79.4953
79.3644
79.2311
79.099
78.9629
78.8192
78.6697
78.5185
78.3678
78.2158
78.0587
77.8954
77.7285
77.562
77.3963
77.228
77.0539
76.876
76.699
76.524
76.3463
76.1632
75.979
75.7984
75.6175
75.4315
75.2449
75.0637
74.8797
74.6927
74.5096
74.3286
74.1406
73.9623
73.7774
73.5978
73.4175
73.2394
73.0628
72.8881
72.7155
72.5451
72.3772
72.2118
72.0492
71.8896
71.7331
71.5798
71.43
71.2837
71.1413
71.0027
70.8682
70.738
70.6121
70.4907
70.3739
70.262
70.155
70.053
69.9561
69.8646
69.7784
69.6977
69.6226
69.5532
69.4895
69.4316
69.3797
69.3337
69.2937
69.2598
69.232
69.2103
69.1948
69.1855
69.1824
69.1855
69.1948
69.2103
69.232
69.2598
69.2937
69.3337
69.3797
69.4316
69.4895
69.5532
69.6226
69.6977
69.7784
69.8646
69.9561
70.053
70.155
70.262
70.3739
70.4907
70.6121
70.738
70.8682
71.0027
71.1413
71.2837
71.43
71.5798
71.7331
71.8896
72.0492
72.2118
72.3772
72.5451
72.7155
72.8881
73.0628
73.2394
73.4175
73.5978
73.7774
73.9623
74.1406
74.3286
74.5096
74.6927
74.8797
75.0637
75.2449
75.4315
75.6175
75.7984
75.979
76.1632
76.3463
76.524
76.699
76.876
77.0539
77.228
77.3963
77.562
77.7285
77.8954
78.0587
78.2158
78.3678
78.5185
78.6697
78.8192
78.9629
79.099
79.2311
79.3644
79.4953
79.617
79.7358
79.8531
79.9622
80.0694
80.1716
80.2676
80.3616
80.4475
80.531
80.6077
80.6798
80.7469
80.8073
80.8642
80.913
80.9588
80.9961
81.0303
81.0559
81.0782
81.092
81.1022
81.1041
80.038
80.0361
80.0255
80.0111
79.988
79.9612
79.926
79.8868
79.8398
79.7883
79.7303
79.6665
79.5979
79.5221
79.4434
79.3565
79.2672
79.1707
79.0699
78.9656
78.8535
78.7404
78.6207
78.4947
78.3697
78.2398
78.1009
77.9577
77.8142
77.6701
77.5218
77.3669
77.2062
77.0433
76.8807
76.7174
76.55
76.3766
76.1994
76.0223
75.8464
75.6682
75.4846
75.2976
75.1122
74.9285
74.7414
74.5496
74.359
74.1717
73.9819
73.7879
73.5982
73.4098
73.2176
73.0264
72.8409
72.6475
72.4628
72.2737
72.0886
71.9039
71.7214
71.5406
71.362
71.1857
71.012
70.8408
70.6726
70.5073
70.3453
70.1867
70.0316
69.8802
69.7327
69.5892
69.45
69.3151
69.1847
69.059
68.9382
68.8222
68.7114
68.6057
68.5055
68.4106
68.3214
68.2378
68.16
68.088
68.0221
67.9621
67.9083
67.8607
67.8193
67.7841
67.7553
67.7329
67.7168
67.7072
67.704
67.7072
67.7168
67.7329
67.7553
67.7841
67.8193
67.8607
67.9083
67.9621
68.0221
68.088
68.16
68.2378
68.3214
68.4106
68.5055
68.6057
68.7114
68.8222
68.9382
69.059
69.1847
69.3151
69.45
69.5892
69.7327
69.8802
70.0316
70.1867
70.3453
70.5073
70.6726
70.8408
71.012
71.1857
71.362
71.5406
71.7214
71.9039
72.0886
72.2737
72.4628
72.6475
72.8409
73.0264
73.2176
73.4098
73.5982
73.7879
73.9819
74.1717
74.359
74.5496
74.7414
74.9285
75.1122
75.2976
75.4846
75.6682
75.8464
76.0223
76.1994
76.3766
76.55
76.7174
76.8807
77.0433
77.2062
77.3669
77.5218
77.6701
77.8142
77.9577
78.1009
78.2398
78.3697
78.4947
78.6207
78.7404
78.8535
78.9656
79.0699
79.1707
79.2672
79.3565
79.4434
79.5221
79.5979
79.6665
79.7303
79.7883
79.8398
79.8868
79.926
79.9612
79.988
80.0111
80.0255
80.0361
80.038
78.9839
78.9814
78.9709
78.9553
78.932
78.9033
78.8675
78.8258
78.778
78.7234
78.6641
78.597
78.5264
78.4475
78.3656
78.2761
78.1824
78.0838
77.9781
77.8707
77.7552
77.6362
77.5152
77.3846
77.2496
77.1153
76.9781
76.8338
76.6824
76.5271
76.3708
76.2139
76.054
75.8883
75.7166
75.542
75.3673
75.1926
75.0148
74.8313
74.6439
74.4566
74.2707
74.0826
73.8894
73.6937
73.5003
73.3079
73.1113
72.9118
72.7155
72.521
72.3216
72.1232
71.9286
71.7322
71.5332
71.3422
71.1439
70.9527
70.7592
70.5689
70.3797
70.1927
70.0079
69.8254
69.6455
69.4684
69.2942
69.1231
68.9554
68.7911
68.6305
68.4737
68.3209
68.1723
68.0281
67.8884
67.7534
67.6231
67.4979
67.3778
67.2629
67.1535
67.0496
66.9513
66.8588
66.7722
66.6916
66.617
66.5487
66.4866
66.4308
66.3814
66.3385
66.3021
66.2722
66.249
66.2323
66.2223
66.219
66.2223
66.2323
66.249
66.2722
66.3021
66.3385
66.3814
66.4308
66.4866
66.5487
66.617
66.6916
66.7722
66.8588
66.9513
67.0496
67.1535
67.2629
67.3778
67.4979
67.6231
67.7534
67.8884
68.0281
68.1723
68.3209
68.4737
68.6305
68.7911
68.9554
69.1231
69.2942
69.4684
69.6455
69.8254
70.0079
70.1927
70.3797
70.5689
70.7592
70.9527
71.1439
71.3422
71.5332
71.7322
71.9286
72.1232
72.3216
72.521
72.7155
72.9118
73.1113
73.3079
73.5003
73.6937
73.8894
74.0826
74.2707
74.4566
74.6439
74.8313
75.0148
75.1926
75.3673
75.542
75.7166
75.8883
76.054
76.2139
76.3708
76.5271
76.6824
76.8338
76.9781
77.1153
77.2496
77.3846
77.5152
77.6362
77.7552
77.8707
77.9781
78.0838
78.1824
78.2761
78.3656
78.4475
78.5264
78.597
78.6641
78.7234
78.778
78.8258
78.8675
78.9033
78.932
78.9553
78.9709
78.9814
78.9839
77.931
77.9276
77.9175
77.9004
77.877
77.8463
77.81
77.7658
77.7169
77.6595
77.5984
77.5285
77.4551
77.3738
77.288
77.1964
77.0981
76.9969
76.8872
76.7751
76.6574
76.5319
76.4063
76.277
76.1383
75.9935
75.8469
75.6995
75.5492
75.393
75.2302
75.0625
74.893
74.7232
74.5515
74.3751
74.1929
74.0069
73.8206
73.6346
73.4464
73.253
73.0558
72.8587
72.6632
72.4655
72.263
72.0593
71.8585
71.6574
71.4519
71.2462
71.0449
70.8413
70.6356
70.4334
70.2329
70.0272
69.83
69.6273
69.43
69.2321
69.0369
68.8435
68.6524
68.4636
68.2776
68.0944
67.9142
67.7372
67.5636
67.3936
67.2275
67.0652
66.9071
66.7534
66.6041
66.4595
66.3197
66.1849
66.0553
65.9309
65.812
65.6987
65.5911
65.4894
65.3936
65.3039
65.2205
65.1433
65.0725
65.0081
64.9504
64.8992
64.8548
64.8171
64.7862
64.7621
64.7448
64.7345
64.7311
64.7345
64.7448
64.7621
64.7862
64.8171
64.8548
64.8992
64.9504
65.0081
65.0725
65.1433
65.2205
65.3039
65.3936
65.4894
65.5911
65.6987
65.812
65.9309
66.0553
66.1849
66.3197
66.4595
66.6041
66.7534
66.9071
67.0652
67.2275
67.3936
67.5636
67.7372
67.9142
68.0944
68.2776
68.4636
68.6524
68.8435
69.0369
69.2321
69.43
69.6273
69.83
70.0272
70.2329
70.4334
70.6356
70.8413
71.0449
71.2462
71.4519
71.6574
71.8585
72.0593
72.263
72.4655
72.6632
72.8587
73.0558
73.253
73.4464
73.6346
73.8206
74.0069
74.1929
74.3751
74.5515
74.7232
74.893
75.0625
75.2302
75.393
75.5492
75.6995
75.8469
75.9935
76.1383
76.277
76.4063
76.5319
76.6574
76.7751
76.8872
76.9969
77.0981
77.1964
77.288
77.3738
77.4551
77.5285
77.5984
77.6595
77.7169
77.7658
77.81
77.8463
77.877
77.9004
77.9175
77.9276
77.931
76.8859
76.8816
76.8718
76.8533
76.8296
76.7971
76.7597
76.7134
76.6627
76.6031
76.5393
76.4673
76.3904
76.3069
76.2169
76.1229
76.0205
75.9155
75.803
75.6852
75.5656
75.4366
75.3012
75.1656
75.0277
74.8835
74.7318
74.5742
74.4137
74.252
74.0884
73.9206
73.7466
73.5671
73.3847
73.2017
73.0179
72.8307
72.638
72.4411
72.2433
72.0464
71.8478
71.6445
71.4376
71.2313
71.0266
70.8193
70.6078
70.3969
70.1888
69.9788
69.7653
69.5555
69.347
69.1355
68.9252
68.7199
68.5083
68.3046
68.0974
67.8944
67.692
67.4922
67.2945
67.0993
66.9069
66.7173
66.5309
66.3478
66.1683
65.9924
65.8204
65.6525
65.4889
65.3298
65.1753
65.0256
64.8809
64.7413
64.6071
64.4784
64.3553
64.238
64.1266
64.0212
63.922
63.8291
63.7427
63.6627
63.5894
63.5228
63.463
63.41
63.364
63.3249
63.2929
63.2679
63.2501
63.2394
63.2358
63.2394
63.2501
63.2679
63.2929
63.3249
63.364
63.41
63.463
63.5228
63.5894
63.6627
63.7427
63.8291
63.922
64.0212
64.1266
64.238
64.3553
64.4784
64.6071
64.7413
64.8809
65.0256
65.1753
65.3298
65.4889
65.6525
65.8204
65.9924
66.1683
66.3478
66.5309
66.7173
66.9069
67.0993
67.2945
67.4922
67.692
67.8944
68.0974
68.3046
68.5083
68.7199
68.9252
69.1355
69.347
69.5555
69.7653
69.9788
70.1888
70.3969
70.6078
70.8193
71.0266
71.2313
71.4376
71.6445
71.8478
72.0464
72.2433
72.4411
72.638
72.8307
73.0179
73.2017
73.3847
73.5671
73.7466
73.9206
74.0884
74.252
74.4137
74.5742
74.7318
74.8835
75.0277
75.1656
75.3012
75.4366
75.5656
75.6852
75.803
75.9155
76.0205
76.1229
76.2169
76.3069
76.3904
76.4673
76.5393
76.6031
76.6627
76.7134
76.7597
76.7971
76.8296
76.8533
76.8718
76.8816
76.8859
75.8521
75.8473
75.8374
75.8179
75.7933
75.7593
75.7204
75.6723
75.6193
75.5578
75.4908
75.4168
75.3359
75.2502
75.1561
75.0588
74.9531
74.8431
74.7283
74.6045
74.4794
74.3513
74.2141
74.0692
73.9207
73.7706
73.6182
73.461
73.2974
73.1273
72.953
72.7767
72.5993
72.4192
72.2341
72.0432
71.8484
71.6526
71.4565
71.2582
71.055
70.8474
70.6388
70.4312
70.2224
70.0091
69.7928
69.578
69.3643
69.1475
68.9278
68.7105
68.4951
68.2758
68.0573
67.8423
67.626
67.4079
67.1969
66.9801
66.7699
66.5581
66.3497
66.1428
65.9384
65.7366
65.5375
65.3415
65.1487
64.9593
64.7735
64.5915
64.4135
64.2398
64.0705
63.9058
63.7459
63.5909
63.4411
63.2967
63.1577
63.0244
62.897
62.7755
62.6601
62.551
62.4483
62.3522
62.2626
62.1798
62.1039
62.0349
61.9729
61.9181
61.8704
61.8299
61.7967
61.7709
61.7524
61.7413
61.7376
61.7413
61.7524
61.7709
61.7967
61.8299
61.8704
61.9181
61.9729
62.0349
62.1039
62.1798
62.2626
62.3522
62.4483
62.551
62.6601
62.7755
62.897
63.0244
63.1577
63.2967
63.4411
63.5909
63.7459
63.9058
64.0705
64.2398
64.4135
64.5915
64.7735
64.9593
65.1487
65.3415
65.5375
65.7366
65.9384
66.1428
66.3497
66.5581
66.7699
66.9801
67.1969
67.4079
67.626
67.8423
68.0573
68.2758
68.4951
68.7105
68.9278
69.1475
69.3643
69.578
69.7928
70.0091
70.2224
70.4312
70.6388
70.8474
71.055
71.2582
71.4565
71.6526
71.8484
72.0432
72.2341
72.4192
72.5993
72.7767
72.953
73.1273
73.2974
73.461
73.6182
73.7706
73.9207
74.0692
74.2141
74.3513
74.4794
74.6045
74.7283
74.8431
74.9531
75.0588
75.1561
75.2502
75.3359
75.4168
75.4908
75.5578
75.6193
75.6723
75.7204
75.7593
75.7933
75.8179
75.8374
75.8473
75.8521
74.8165
74.8117
74.8011
74.781
74.7552
74.7201
74.6791
74.6297
74.5738
74.5106
74.4401
74.3641
74.2795
74.1909
74.0935
73.992
73.8838
73.7684
73.6511
73.5248
73.3902
73.2543
73.1162
72.9727
72.8217
72.6637
72.5007
72.335
72.1674
71.9969
71.8213
71.6395
71.4522
71.2619
71.0704
70.8775
70.681
70.4791
70.2726
70.0644
69.8563
69.6469
69.4333
69.2153
68.9963
68.7787
68.5598
68.3368
68.1119
67.8891
67.6667
67.4408
67.2141
66.9914
66.7672
66.5413
66.3186
66.0977
65.8727
65.6553
65.4338
65.2174
65.001
64.7876
64.5763
64.3677
64.162
63.9594
63.76
63.5642
63.3721
63.1839
62.9998
62.8202
62.645
62.4747
62.3092
62.1489
61.994
61.8445
61.7007
61.5628
61.4309
61.3052
61.1858
61.0729
60.9666
60.8671
60.7744
60.6887
60.6101
60.5386
60.4745
60.4177
60.3683
60.3264
60.2921
60.2653
60.2462
60.2347
60.2309
60.2347
60.2462
60.2653
60.2921
60.3264
60.3683
60.4177
60.4745
60.5386
60.6101
60.6887
60.7744
60.8671
60.9666
61.0729
61.1858
61.3052
61.4309
61.5628
61.7007
61.8445
61.994
62.1489
62.3092
62.4747
62.645
62.8202
62.9998
63.1839
63.3721
63.5642
63.76
63.9594
64.162
64.3677
64.5763
64.7876
65.001
65.2174
65.4338
65.6553
65.8727
66.0977
66.3186
66.5413
66.7672
66.9914
67.2141
67.4408
67.6667
67.8891
68.1119
68.3368
68.5598
68.7787
68.9963
69.2153
69.4333
69.6469
69.8563
70.0644
70.2726
70.4791
70.681
70.8775
71.0704
71.2619
71.4522
71.6395
71.8213
71.9969
72.1674
72.335
72.5007
72.6637
72.8217
72.9727
73.1162
73.2543
73.3902
73.5248
73.6511
73.7684
73.8838
73.992
74.0935
74.1909
74.2795
74.3641
74.4401
74.5106
74.5738
74.6297
74.6791
74.7201
74.7552
74.781
74.8011
74.8117
74.8165
73.7967
73.7922
73.7806
73.7602
73.7325
73.6966
73.6531
73.6022
73.5433
73.4782
73.4043
73.3255
73.2376
73.1453
73.0449
72.9384
72.8275
72.7067
72.5831
72.4572
72.3224
72.1789
72.0301
71.8783
71.7241
71.566
71.4022
71.2315
71.0548
70.8739
70.6906
70.5055
70.3172
70.1236
69.9243
69.7207
69.5153
69.309
69.1006
68.8876
68.6698
68.4497
68.2298
68.0093
67.7851
67.5569
67.3281
67.1007
66.872
66.6395
66.4065
66.1762
65.945
65.7106
65.4789
65.2491
65.0172
64.7861
64.5599
64.3289
64.1048
63.8784
63.6561
63.435
63.2168
63.0011
62.7884
62.5789
62.3727
62.1702
61.9715
61.7768
61.5865
61.4006
61.2194
61.0431
60.8719
60.706
60.5456
60.391
60.2421
60.0994
59.9628
59.8327
59.7091
59.5922
59.4821
59.3791
59.2831
59.1943
59.1129
59.039
58.9725
58.9137
58.8626
58.8192
58.7837
58.7559
58.7361
58.7242
58.7203
58.7242
58.7361
58.7559
58.7837
58.8192
58.8626
58.9137
58.9725
59.039
59.1129
59.1943
59.2831
59.3791
59.4821
59.5922
59.7091
59.8327
59.9628
60.0994
60.2421
60.391
60.5456
60.706
60.8719
61.0431
61.2194
61.4006
61.5865
61.7768
61.9715
62.1702
62.3727
62.5789
62.7884
63.0011
63.2168
63.435
63.6561
63.8784
64.1048
64.3289
64.5599
64.7861
65.0172
65.2491
65.4789
65.7106
65.945
66.1762
66.4065
66.6395
66.872
67.1007
67.3281
67.5569
67.7851
68.0093
68.2298
68.4497
68.6698
68.8876
69.1006
69.309
69.5153
69.7207
69.9243
70.1236
70.3172
70.5055
70.6906
70.8739
71.0548
71.2315
71.4022
71.566
71.7241
71.8783
72.0301
72.1789
72.3224
72.4572
72.5831
72.7067
72.8275
72.9384
73.0449
73.1453
73.2376
73.3255
73.4043
73.4782
73.5433
73.6022
73.6531
73.6966
73.7325
73.7602
73.7806
73.7922
73.7967
72.783
72.7789
72.7661
72.7454
72.7159
72.679
72.633
72.5805
72.5186
72.4511
72.3741
72.292
72.2011
72.1044
72.0015
71.8899
71.776
71.6534
71.521
71.3857
71.2482
71.1057
70.9562
70.7991
70.6355
70.4673
70.2961
70.1224
69.9447
69.7616
69.5722
69.3773
69.1789
68.9787
68.7765
68.5707
68.3596
68.1436
67.9248
67.7053
67.4847
67.2604
67.0315
66.8
66.5688
66.3375
66.1028
65.8646
65.6265
65.39
65.1516
64.9102
64.6701
64.4324
64.1921
63.9518
63.7148
63.4776
63.2387
63.0063
62.7698
62.5391
62.3079
62.0801
61.8543
61.6314
61.4115
61.1949
60.9817
60.7723
60.5668
60.3655
60.1686
59.9763
59.7889
59.6065
59.4294
59.2577
59.0917
58.9317
58.7777
58.6299
58.4886
58.3538
58.2259
58.1049
57.9909
57.8842
57.7849
57.693
57.6087
57.5321
57.4633
57.4024
57.3494
57.3045
57.2677
57.239
57.2185
57.2062
57.2021
57.2062
57.2185
57.239
57.2677
57.3045
57.3494
57.4024
57.4633
57.5321
57.6087
57.693
57.7849
57.8842
57.9909
58.1049
58.2259
58.3538
58.4886
58.6299
58.7777
58.9317
59.0917
59.2577
59.4294
59.6065
59.7889
59.9763
60.1686
60.3655
60.5668
60.7723
60.9817
61.1949
61.4115
61.6314
61.8543
62.0801
62.3079
62.5391
62.7698
63.0063
63.2387
63.4776
63.7148
63.9518
64.1921
64.4324
64.6701
64.9102
65.1516
65.39
65.6265
65.8646
66.1028
66.3375
66.5688
66.8
67.0315
67.2604
67.4847
67.7053
67.9248
68.1436
68.3596
68.5707
68.7765
68.9787
69.1789
69.3773
69.5722
69.7616
69.9447
70.1224
70.2961
70.4673
70.6355
70.7991
70.9562
71.1057
71.2482
71.3857
71.521
71.6534
71.776
71.8899
72.0015
72.1044
72.2011
72.292
72.3741
72.4511
72.5186
72.5805
72.633
72.679
72.7159
72.7454
72.7661
72.7789
72.783
71.7716
71.7678
71.754
71.7328
71.7014
71.6632
71.6148
71.5602
71.4955
71.4251
71.3452
71.2592
71.1656
71.0639
70.958
70.8416
70.7207
70.5978
70.4664
70.3256
70.1779
70.0257
69.8704
69.7115
69.5476
69.3773
69.2002
69.017
68.8295
68.6392
68.4463
68.2497
68.0479
67.8403
67.6279
67.4128
67.1963
66.9776
66.7547
66.5268
66.2954
66.0631
65.8303
65.5948
65.355
65.1127
64.8708
64.629
64.3842
64.1365
63.8899
63.6446
63.3969
63.1476
62.9017
62.6557
62.4081
62.163
61.9205
61.6747
61.4357
61.194
60.9571
60.7209
60.488
60.2577
60.0305
59.8067
59.5864
59.3699
59.1575
58.9494
58.7458
58.547
58.3532
58.1646
57.9814
57.8039
57.6322
57.4666
57.3073
57.1544
57.0082
56.8688
56.7364
56.6112
56.4933
56.3828
56.28
56.1849
56.0976
56.0184
55.9472
55.8841
55.8293
55.7828
55.7447
55.715
55.6938
55.681
55.6767
55.681
55.6938
55.715
55.7447
55.7828
55.8293
55.8841
55.9472
56.0184
56.0976
56.1849
56.28
56.3828
56.4933
56.6112
56.7364
56.8688
57.0082
57.1544
57.3073
57.4666
57.6322
57.8039
57.9814
58.1646
58.3532
58.547
58.7458
58.9494
59.1575
59.3699
59.5864
59.8067
60.0305
60.2577
60.488
60.7209
60.9571
61.194
61.4357
61.6747
61.9205
62.163
62.4081
62.6557
62.9017
63.1476
63.3969
63.6446
63.8899
64.1365
64.3842
64.629
64.8708
65.1127
65.355
65.5948
65.8303
66.0631
66.2954
66.5268
66.7547
66.9776
67.1963
67.4128
67.6279
67.8403
68.0479
68.2497
68.4463
68.6392
68.8295
69.017
69.2002
69.3773
69.5476
69.7115
69.8704
70.0257
70.1779
70.3256
70.4664
70.5978
70.7207
70.8416
70.958
71.0639
71.1656
71.2592
71.3452
71.4251
71.4955
71.5602
71.6148
71.6632
71.7014
71.7328
71.754
71.7678
71.7716
70.7791
70.7754
70.7607
70.7386
70.7056
70.6656
70.615
70.5577
70.4904
70.4164
70.3338
70.2434
70.147
70.0408
69.9313
69.8136
69.6847
69.5512
69.415
69.2742
69.1268
68.9717
68.8092
68.6404
68.467
68.2903
68.1101
67.9255
67.7351
67.5384
67.336
67.1295
66.9205
66.7091
66.494
66.2738
66.0483
65.8191
65.5882
65.3561
65.1209
64.8811
64.6375
64.3928
64.148
63.9011
63.6504
63.3975
63.1454
62.8934
62.6384
62.3818
62.1272
61.8732
61.6164
61.3612
61.1085
60.8546
60.6011
60.3525
60.1005
59.8544
59.6075
59.3645
59.1234
58.8855
58.6506
58.4192
58.1914
57.9676
57.7479
57.5326
57.322
57.1164
56.9158
56.7207
56.5311
56.3474
56.1698
55.9984
55.8334
55.6752
55.5238
55.3795
55.2425
55.1128
54.9907
54.8763
54.7699
54.6714
54.581
54.4989
54.4252
54.3599
54.3031
54.255
54.2155
54.1847
54.1627
54.1495
54.1451
54.1495
54.1627
54.1847
54.2155
54.255
54.3031
54.3599
54.4252
54.4989
54.581
54.6714
54.7699
54.8763
54.9907
55.1128
55.2425
55.3795
55.5238
55.6752
55.8334
55.9984
56.1698
56.3474
56.5311
56.7207
56.9158
57.1164
57.322
57.5326
57.7479
57.9676
58.1914
58.4192
58.6506
58.8855
59.1234
59.3645
59.6075
59.8544
60.1005
60.3525
60.6011
60.8546
61.1085
61.3612
61.6164
61.8732
62.1272
62.3818
62.6384
62.8934
63.1454
63.3975
63.6504
63.9011
64.148
64.3928
64.6375
64.8811
65.1209
65.3561
65.5882
65.8191
66.0483
66.2738
66.494
66.7091
66.9205
67.1295
67.336
67.5384
67.7351
67.9255
68.1101
68.2903
68.467
68.6404
68.8092
68.9717
69.1268
69.2742
69.415
69.5512
69.6847
69.8136
69.9313
70.0408
70.147
70.2434
70.3338
70.4164
70.4904
70.5577
70.615
70.6656
70.7056
70.7386
70.7607
70.7754
70.7791
69.7919
69.7879
69.7725
69.7492
69.7146
69.6724
69.6196
69.5591
69.4893
69.4112
69.3257
69.2306
69.1306
69.0198
68.9027
68.7836
68.6564
68.5194
68.3743
68.2231
68.0676
67.908
67.744
67.5742
67.3978
67.2144
67.0248
66.8306
66.633
66.4322
66.2274
66.0174
65.8014
65.5802
65.3555
65.1286
64.8993
64.6662
64.428
64.1855
63.9408
63.6951
63.4475
63.1959
62.9406
62.684
62.4276
62.1697
61.9082
61.6453
61.3837
61.1219
60.8573
60.5927
60.3308
60.0677
59.804
59.5432
59.2836
59.0223
58.7669
58.5091
58.2563
58.0042
57.7555
57.5095
57.2668
57.0276
56.7922
56.5608
56.3337
56.1111
55.8934
55.6806
55.4732
55.2714
55.0753
54.8852
54.7014
54.5241
54.3534
54.1896
54.033
53.8836
53.7417
53.6075
53.4811
53.3628
53.2525
53.1505
53.057
52.972
52.8956
52.828
52.7693
52.7194
52.6785
52.6466
52.6239
52.6102
52.6056
52.6102
52.6239
52.6466
52.6785
52.7194
52.7693
52.828
52.8956
52.972
53.057
53.1505
53.2525
53.3628
53.4811
53.6075
53.7417
53.8836
54.033
54.1896
54.3534
54.5241
54.7014
54.8852
55.0753
55.2714
55.4732
55.6806
55.8934
56.1111
56.3337
56.5608
56.7922
57.0276
57.2668
57.5095
57.7555
58.0042
58.2563
58.5091
58.7669
59.0223
59.2836
59.5432
59.804
60.0677
60.3308
60.5927
60.8573
61.1219
61.3837
61.6453
61.9082
62.1697
62.4276
62.684
62.9406
63.1959
63.4475
63.6951
63.9408
64.1855
64.428
64.6662
64.8993
65.1286
65.3555
65.5802
65.8014
66.0174
66.2274
66.4322
66.633
66.8306
67.0248
67.2144
67.3978
67.5742
67.744
67.908
68.0676
68.2231
68.3743
68.5194
68.6564
68.7836
68.9027
69.0198
69.1306
69.2306
69.3257
69.4112
69.4893
69.5591
69.6196
69.6724
69.7146
69.7492
69.7725
69.7879
69.7919
68.8088
68.8043
68.7883
68.7634
68.7274
68.6826
68.6277
68.5637
68.4913
68.4091
68.3206
68.2213
68.1174
68.0057
67.8817
67.7513
67.6172
67.4785
67.3337
67.1814
67.0212
66.8537
66.68
66.5014
66.3189
66.1323
65.9408
65.7434
65.5396
65.3298
65.1153
64.8976
64.6769
64.4525
64.2232
63.9884
63.749
63.5068
63.2629
63.0163
62.7656
62.5103
62.2524
61.9936
61.7336
61.4703
61.2035
60.9356
60.6682
60.3995
60.1277
59.8555
59.585
59.3137
59.0403
58.7692
58.4994
58.2285
57.9592
57.6934
57.4251
57.1627
56.8993
56.6402
56.3829
56.1289
55.8781
55.631
55.3877
55.1486
54.9138
54.6837
54.4586
54.2387
54.0242
53.8155
53.6127
53.4161
53.226
53.0425
52.866
52.6965
52.5344
52.3799
52.2331
52.0942
51.9634
51.8408
51.7267
51.6212
51.5244
51.4364
51.3573
51.2873
51.2265
51.1749
51.1325
51.0995
51.0759
51.0618
51.0571
51.0618
51.0759
51.0995
51.1325
51.1749
51.2265
51.2873
51.3573
51.4364
51.5244
51.6212
51.7267
51.8408
51.9634
52.0942
52.2331
52.3799
52.5344
52.6965
52.866
53.0425
53.226
53.4161
53.6127
53.8155
54.0242
54.2387
54.4586
54.6837
54.9138
55.1486
55.3877
55.631
55.8781
56.1289
56.3829
56.6402
56.8993
57.1627
57.4251
57.6934
57.9592
58.2285
58.4994
58.7692
59.0403
59.3137
59.585
59.8555
60.1277
60.3995
60.6682
60.9356
61.2035
61.4703
61.7336
61.9936
62.2524
62.5103
62.7656
63.0163
63.2629
63.5068
63.749
63.9884
64.2232
64.4525
64.6769
64.8976
65.1153
65.3298
65.5396
65.7434
65.9408
66.1323
66.3189
66.5014
66.68
66.8537
67.0212
67.1814
67.3337
67.4785
67.6172
67.7513
67.8817
68.0057
68.1174
68.2213
68.3206
68.4091
68.4913
68.5637
68.6277
68.6826
68.7274
68.7634
68.7883
68.8043
68.8088
67.8485
67.8432
67.8268
67.7998
67.7623
67.7143
67.6569
67.5889
67.5133
67.4265
67.3337
67.2299
67.1178
67.0033
66.8813
66.7491
66.6079
66.4592
66.3047
66.1453
65.9812
65.8119
65.6364
65.4541
65.2646
65.0689
64.868
64.663
64.4544
64.2414
64.0232
63.7991
63.5693
63.335
63.0978
62.8578
62.6143
62.3659
62.1125
61.8557
61.597
61.3365
61.0728
60.8049
60.5341
60.2625
59.9901
59.7151
59.4369
59.1582
58.8803
58.6009
58.3192
58.0384
57.7592
57.4783
57.1979
56.9201
56.6426
56.3647
56.092
55.8172
55.5475
55.2785
55.0131
54.7504
54.4913
54.2358
53.9842
53.7369
53.4942
53.2562
53.0234
52.7958
52.5739
52.3579
52.1481
51.9447
51.7479
51.558
51.3752
51.1998
51.032
50.872
50.7199
50.5761
50.4407
50.3138
50.1956
50.0863
49.986
49.8948
49.813
49.7405
49.6774
49.6239
49.5801
49.5459
49.5215
49.5068
49.5019
49.5068
49.5215
49.5459
49.5801
49.6239
49.6774
49.7405
49.813
49.8948
49.986
50.0863
50.1956
50.3138
50.4407
50.5761
50.7199
50.872
51.032
51.1998
51.3752
51.558
51.7479
51.9447
52.1481
52.3579
52.5739
52.7958
53.0234
53.2562
53.4942
53.7369
53.9842
54.2358
54.4913
54.7504
55.0131
55.2785
55.5475
55.8172
56.092
56.3647
56.6426
56.9201
57.1979
57.4783
57.7592
58.0384
58.3192
58.6009
58.8803
59.1582
59.4369
59.7151
59.9901
60.2625
60.5341
60.8049
61.0728
61.3365
61.597
61.8557
62.1125
62.3659
62.6143
62.8578
63.0978
63.335
63.5693
63.7991
64.0232
64.2414
64.4544
64.663
64.868
65.0689
65.2646
65.4541
65.6364
65.8119
65.9812
66.1453
66.3047
66.4592
66.6079
66.7491
66.8813
67.0033
67.1178
67.2299
67.3337
67.4265
67.5133
67.5889
67.6569
67.7143
67.7623
67.7998
67.8268
67.8432
67.8485
66.8938
66.8877
66.8707
66.8416
66.8024
66.7512
66.6911
66.6193
66.5402
66.4495
66.3524
66.2479
66.1299
66.0037
65.8726
65.7364
65.5942
65.4449
65.2878
65.1228
64.9504
64.7716
64.5876
64.3989
64.2057
64.0073
63.8029
63.592
63.3748
63.1524
62.9258
62.6957
62.4618
62.2232
61.9789
61.7295
61.4761
61.2202
60.9616
60.6994
60.4325
60.1616
59.8886
59.6143
59.3376
59.0572
58.7739
58.49
58.2058
57.9192
57.6302
57.3413
57.0533
56.7637
56.473
56.1845
55.8964
55.6077
55.3211
55.0368
54.7513
54.4711
54.1901
53.9135
53.6387
53.3676
53.0997
52.8356
52.5756
52.32
52.069
51.8229
51.5821
51.3467
51.1172
50.8938
50.6767
50.4662
50.2625
50.066
49.8769
49.6953
49.5216
49.3559
49.1986
49.0496
48.9094
48.778
48.6556
48.5424
48.4386
48.3442
48.2594
48.1843
48.119
48.0636
48.0182
47.9828
47.9575
47.9423
47.9372
47.9423
47.9575
47.9828
48.0182
48.0636
48.119
48.1843
48.2594
48.3442
48.4386
48.5424
48.6556
48.778
48.9094
49.0496
49.1986
49.3559
49.5216
49.6953
49.8769
50.066
50.2625
50.4662
50.6767
50.8938
51.1172
51.3467
51.5821
51.8229
52.069
52.32
52.5756
52.8356
53.0997
53.3676
53.6387
53.9135
54.1901
54.4711
54.7513
55.0368
55.3211
55.6077
55.8964
56.1845
56.473
56.7637
57.0533
57.3413
57.6302
57.9192
58.2058
58.49
58.7739
59.0572
59.3376
59.6143
59.8886
60.1616
60.4325
60.6994
60.9616
61.2202
61.4761
61.7295
61.9789
62.2232
62.4618
62.6957
62.9258
63.1524
63.3748
63.592
63.8029
64.0073
64.2057
64.3989
64.5876
64.7716
64.9504
65.1228
65.2878
65.4449
65.5942
65.7364
65.8726
66.0037
66.1299
66.2479
66.3524
66.4495
66.5402
66.6193
66.6911
66.7512
66.8024
66.8416
66.8707
66.8877
66.8938
65.9442
65.9374
65.9195
65.888
65.8463
65.7915
65.7279
65.6516
65.5675
65.4721
65.3662
65.2572
65.1409
65.0144
64.8782
64.7334
64.5813
64.4231
64.2595
64.0906
63.9159
63.7347
63.5466
63.3514
63.1496
62.9421
62.7298
62.5133
62.2923
62.066
61.8337
61.5955
61.3521
61.1047
60.854
60.5998
60.341
60.0771
59.8086
59.537
59.2632
58.9868
58.7064
58.422
58.1352
57.8474
57.5579
57.2652
56.97
56.6745
56.3788
56.0812
55.7819
55.4836
55.186
54.8869
54.5887
54.2926
53.9965
53.7011
53.4097
53.1171
52.8294
52.5424
52.2593
51.9789
51.7023
51.4294
51.1607
50.8965
50.6371
50.3827
50.1338
49.8904
49.6531
49.422
49.1975
48.9797
48.7691
48.5657
48.37
48.1822
48.0024
47.831
47.6681
47.514
47.3688
47.2328
47.1061
46.9889
46.8814
46.7837
46.6959
46.6181
46.5505
46.4932
46.4461
46.4095
46.3833
46.3675
46.3623
46.3675
46.3833
46.4095
46.4461
46.4932
46.5505
46.6181
46.6959
46.7837
46.8814
46.9889
47.1061
47.2328
47.3688
47.514
47.6681
47.831
48.0024
48.1822
48.37
48.5657
48.7691
48.9797
49.1975
49.422
49.6531
49.8904
50.1338
50.3827
50.6371
50.8965
51.1607
51.4294
51.7023
51.9789
52.2593
52.5424
52.8294
53.1171
53.4097
53.7011
53.9965
54.2926
54.5887
54.8869
55.186
55.4836
55.7819
56.0812
56.3788
56.6745
56.97
57.2652
57.5579
57.8474
58.1352
58.422
58.7064
58.9868
59.2632
59.537
59.8086
60.0771
60.341
60.5998
60.854
61.1047
61.3521
61.5955
61.8337
62.066
62.2923
62.5133
62.7298
62.9421
63.1496
63.3514
63.5466
63.7347
63.9159
64.0906
64.2595
64.4231
64.5813
64.7334
64.8782
65.0144
65.1409
65.2572
65.3662
65.4721
65.5675
65.6516
65.7279
65.7915
65.8463
65.888
65.9195
65.9374
65.9442
65.0187
65.0111
64.992
64.9582
64.9137
64.8554
64.7878
64.7078
64.6191
64.523
64.4123
64.2915
64.1643
64.0311
63.8917
63.7454
63.5916
63.4298
63.2601
63.0829
62.899
62.7094
62.5146
62.3147
62.1095
61.8982
61.6803
61.456
61.2258
60.9907
60.7514
60.5079
60.2598
60.0062
59.747
59.4829
59.2152
58.9445
58.6703
58.3917
58.1084
57.8216
57.5326
57.2416
56.9475
56.6497
56.3494
56.0483
55.7461
55.4411
55.1342
54.8275
54.5208
54.2124
53.9035
53.5964
53.2891
52.9817
52.6765
52.373
52.069
51.7699
51.4703
51.1752
50.882
50.5925
50.3064
50.0244
49.7466
49.4734
49.205
48.9419
48.6844
48.4327
48.1871
47.9479
47.7155
47.4902
47.2721
47.0616
46.859
46.6645
46.4784
46.3008
46.1321
45.9725
45.8222
45.6813
45.55
45.4286
45.3172
45.216
45.125
45.0445
44.9744
44.915
44.8663
44.8283
44.8011
44.7848
44.7794
44.7848
44.8011
44.8283
44.8663
44.915
44.9744
45.0445
45.125
45.216
45.3172
45.4286
45.55
45.6813
45.8222
45.9725
46.1321
46.3008
46.4784
46.6645
46.859
47.0616
47.2721
47.4902
47.7155
47.9479
48.1871
48.4327
48.6844
48.9419
49.205
49.4734
49.7466
50.0244
50.3064
50.5925
50.882
51.1752
51.4703
51.7699
52.069
52.373
52.6765
52.9817
53.2891
53.5964
53.9035
54.2124
54.5208
54.8275
55.1342
55.4411
55.7461
56.0483
56.3494
56.6497
56.9475
57.2416
57.5326
57.8216
58.1084
58.3917
58.6703
58.9445
59.2152
59.4829
59.747
60.0062
60.2598
60.5079
60.7514
60.9907
61.2258
61.456
61.6803
61.8982
62.1095
62.3147
62.5146
62.7094
62.899
63.0829
63.2601
63.4298
63.5916
63.7454
63.8917
64.0311
64.1643
64.2915
64.4123
64.523
64.6191
64.7078
64.7878
64.8554
64.9137
64.9582
64.992
65.0111
65.0187
64.1084
64.1001
64.0792
64.0424
63.9938
63.931
63.8575
63.772
63.6733
63.5702
63.4599
63.3393
63.2087
63.0686
62.92
62.764
62.6014
62.433
62.2587
62.0783
61.8914
61.6974
61.4963
61.2883
61.0741
60.8545
60.6301
60.4007
60.1661
59.9256
59.679
59.4265
59.1691
58.9076
58.6423
58.3726
58.0979
57.818
57.5337
57.2464
56.9563
56.6627
56.3648
56.0632
55.7593
55.4539
55.146
54.8349
54.5216
54.2078
53.8931
53.5763
53.2582
52.9409
52.6236
52.305
51.9877
51.6718
51.3559
51.0413
50.73
50.4182
50.1109
49.8046
49.5023
49.2028
48.9073
48.6157
48.3284
48.0459
47.7684
47.4963
47.2298
46.9694
46.7152
46.4678
46.2273
45.994
45.7683
45.5504
45.3406
45.1392
44.9464
44.7626
44.5879
44.4225
44.2668
44.1208
43.9849
43.8591
43.7437
43.6388
43.5445
43.4611
43.3885
43.3269
43.2764
43.2371
43.2089
43.192
43.1864
43.192
43.2089
43.2371
43.2764
43.3269
43.3885
43.4611
43.5445
43.6388
43.7437
43.8591
43.9849
44.1208
44.2668
44.4225
44.5879
44.7626
44.9464
45.1392
45.3406
45.5504
45.7683
45.994
46.2273
46.4678
46.7152
46.9694
47.2298
47.4963
47.7684
48.0459
48.3284
48.6157
48.9073
49.2028
49.5023
49.8046
50.1109
50.4182
50.73
51.0413
51.3559
51.6718
51.9877
52.305
52.6236
52.9409
53.2582
53.5763
53.8931
54.2078
54.5216
54.8349
55.146
55.4539
55.7593
56.0632
56.3648
56.6627
56.9563
57.2464
57.5337
57.818
58.0979
58.3726
58.6423
58.9076
59.1691
59.4265
59.679
59.9256
60.1661
60.4007
60.6301
60.8545
61.0741
61.2883
61.4963
61.6974
61.8914
62.0783
62.2587
62.433
62.6014
62.764
62.92
63.0686
63.2087
63.3393
63.4599
63.5702
63.6733
63.772
63.8575
63.931
63.9938
64.0424
64.0792
64.1001
64.1084
63.1968
63.188
63.1649
63.1252
63.0726
63.006
62.9275
62.8411
62.7389
62.6245
62.5019
62.372
62.2354
62.0917
61.9407
61.782
61.6153
61.4407
61.2586
61.0695
60.8742
60.6731
60.4666
60.2544
60.0361
59.8114
59.58
59.3423
59.099
58.8506
58.5977
58.34
58.0769
57.8081
57.5337
57.2546
56.9717
56.6852
56.3945
56.099
55.799
55.4955
55.1895
54.8808
54.5685
54.2526
53.9344
53.6149
53.2936
52.9696
52.6438
52.318
51.9915
51.6634
51.3351
51.0081
50.6807
50.3535
50.0283
49.7044
49.3809
49.0614
48.7422
48.4271
48.1142
47.8052
47.4997
47.1984
46.9016
46.6095
46.3227
46.0413
45.7658
45.4965
45.2337
44.9777
44.7289
44.4875
44.254
44.0285
43.8114
43.6029
43.4034
43.2131
43.0322
42.8611
42.6998
42.5487
42.4079
42.2777
42.1582
42.0495
41.9519
41.8654
41.7903
41.7265
41.6742
41.6334
41.6043
41.5868
41.5809
41.5868
41.6043
41.6334
41.6742
41.7265
41.7903
41.8654
41.9519
42.0495
42.1582
42.2777
42.4079
42.5487
42.6998
42.8611
43.0322
43.2131
43.4034
43.6029
43.8114
44.0285
44.254
44.4875
44.7289
44.9777
45.2337
45.4965
45.7658
46.0413
46.3227
46.6095
46.9016
47.1984
47.4997
47.8052
48.1142
48.4271
48.7422
49.0614
49.3809
49.7044
50.0283
50.3535
50.6807
51.0081
51.3351
51.6634
51.9915
52.318
52.6438
52.9696
53.2936
53.6149
53.9344
54.2526
54.5685
54.8808
55.1895
55.4955
55.799
56.099
56.3945
56.6852
56.9717
57.2546
57.5337
57.8081
58.0769
58.34
58.5977
58.8506
59.099
59.3423
59.58
59.8114
60.0361
60.2544
60.4666
60.6731
60.8742
61.0695
61.2586
61.4407
61.6153
61.782
61.9407
62.0917
62.2354
62.372
62.5019
62.6245
62.7389
62.8411
62.9275
63.006
63.0726
63.1252
63.1649
63.188
63.1968
62.3147
62.3051
62.2784
62.2342
62.1746
62.1011
62.011
61.9143
61.8099
61.695
61.5698
61.4346
61.2901
61.1372
60.9767
60.8094
60.6356
60.4557
60.2694
60.0765
59.8767
59.6697
59.4558
59.2352
59.0087
58.7766
58.5392
58.2963
58.0477
57.7928
57.5318
57.2651
56.9933
56.7171
56.4364
56.1508
55.8598
55.5637
55.2633
54.9594
54.6521
54.3408
54.0252
53.7059
53.3841
53.0601
52.7331
52.403
52.0708
51.7377
51.4031
51.0664
50.7287
50.3913
50.0534
49.7146
49.3769
49.0402
48.7037
48.3688
48.0364
47.7043
47.3764
47.0498
46.7271
46.4074
46.0918
45.7803
45.4735
45.1715
44.8748
44.5838
44.2988
44.0202
43.7483
43.4834
43.2259
42.9761
42.7343
42.5009
42.2761
42.0602
41.8536
41.6565
41.4692
41.2919
41.1249
40.9683
40.8225
40.6876
40.5637
40.4512
40.35
40.2604
40.1825
40.1164
40.0622
40.02
39.9898
39.9716
39.9656
39.9716
39.9898
40.02
40.0622
40.1164
40.1825
40.2604
40.35
40.4512
40.5637
40.6876
40.8225
40.9683
41.1249
41.2919
41.4692
41.6565
41.8536
42.0602
42.2761
42.5009
42.7343
42.9761
43.2259
43.4834
43.7483
44.0202
44.2988
44.5838
44.8748
45.1715
45.4735
45.7803
46.0918
46.4074
46.7271
47.0498
47.3764
47.7043
48.0364
48.3688
48.7037
49.0402
49.3769
49.7146
50.0534
50.3913
50.7287
51.0664
51.4031
51.7377
52.0708
52.403
52.7331
53.0601
53.3841
53.7059
54.0252
54.3408
54.6521
54.9594
55.2633
55.5637
55.8598
56.1508
56.4364
56.7171
56.9933
57.2651
57.5318
57.7928
58.0477
58.2963
58.5392
58.7766
59.0087
59.2352
59.4558
59.6697
59.8767
60.0765
60.2694
60.4557
60.6356
60.8094
60.9767
61.1372
61.2901
61.4346
61.5698
61.695
61.8099
61.9143
62.011
62.1011
62.1746
62.2342
62.2784
62.3051
62.3147
61.4534
61.443
61.4125
61.3641
61.2988
61.2233
61.1304
61.0228
60.905
60.7784
60.6439
60.5019
60.3526
60.1958
60.0313
59.8591
59.6792
59.4917
59.2971
59.0959
58.8884
58.6751
58.4558
58.2303
57.9985
57.76
57.5149
57.2636
57.0065
56.7442
56.4767
56.2039
55.9253
55.6408
55.3508
55.0559
54.7568
54.4534
54.1453
53.8324
53.5148
53.1937
52.8694
52.5418
52.2104
51.8755
51.5381
51.1989
50.8574
50.5132
50.1673
49.8209
49.4734
49.1244
48.7752
48.4267
48.0779
47.7294
47.3827
47.0371
46.6924
46.3511
46.0106
45.6741
45.34
45.0099
44.6834
44.3614
44.044
43.7316
43.4247
43.1236
42.8287
42.5403
42.2588
41.9846
41.7179
41.4593
41.2089
40.9671
40.7343
40.5107
40.2967
40.0925
39.8984
39.7147
39.5416
39.3793
39.2282
39.0883
38.96
38.8433
38.7384
38.6455
38.5648
38.4963
38.4401
38.3963
38.3649
38.3461
38.3398
38.3461
38.3649
38.3963
38.4401
38.4963
38.5648
38.6455
38.7384
38.8433
38.96
39.0883
39.2282
39.3793
39.5416
39.7147
39.8984
40.0925
40.2967
40.5107
40.7343
40.9671
41.2089
41.4593
41.7179
41.9846
42.2588
42.5403
42.8287
43.1236
43.4247
43.7316
44.044
44.3614
44.6834
45.0099
45.34
45.6741
46.0106
46.3511
46.6924
47.0371
47.3827
47.7294
48.0779
48.4267
48.7752
49.1244
49.4734
49.8209
50.1673
50.5132
50.8574
51.1989
51.5381
51.8755
52.2104
52.5418
52.8694
53.1937
53.5148
53.8324
54.1453
54.4534
54.7568
55.0559
55.3508
55.6408
55.9253
56.2039
56.4767
56.7442
57.0065
57.2636
57.5149
57.76
57.9985
58.2303
58.4558
58.6751
58.8884
59.0959
59.2971
59.4917
59.6792
59.8591
60.0313
60.1958
60.3526
60.5019
60.6439
60.7784
60.905
61.0228
61.1304
61.2233
61.2988
61.3641
61.4125
61.443
61.4534
60.6051
60.5926
60.5549
60.4974
60.4175
60.3268
60.2269
60.1158
59.9942
59.8624
59.7212
59.571
59.4126
59.2466
59.0735
58.8938
58.7076
58.5149
58.3156
58.1095
57.8965
57.6764
57.4496
57.2162
56.9767
56.7314
56.4803
56.2233
55.9601
55.6906
55.4149
55.1334
54.8466
54.5547
54.2579
53.9556
53.6479
53.335
53.0175
52.6961
52.3706
52.0407
51.7065
51.3685
51.0275
50.6838
50.3368
49.9867
49.6343
49.2805
48.9248
48.5671
48.2083
47.8493
47.4896
47.1292
46.7697
46.4108
46.0523
45.6953
45.3406
44.9867
44.6364
44.288
43.9434
43.602
43.2648
42.9319
42.6038
42.2809
41.9636
41.6522
41.3471
41.0488
40.7576
40.4739
40.198
39.9303
39.6711
39.4209
39.1799
38.9484
38.7267
38.5153
38.3143
38.124
37.9447
37.7766
37.6201
37.4752
37.3422
37.2213
37.1127
37.0164
36.9328
36.8618
36.8035
36.7581
36.7257
36.7062
36.6997
36.7062
36.7257
36.7581
36.8035
36.8618
36.9328
37.0164
37.1127
37.2213
37.3422
37.4752
37.6201
37.7766
37.9447
38.124
38.3143
38.5153
38.7267
38.9484
39.1799
39.4209
39.6711
39.9303
40.198
40.4739
40.7576
41.0488
41.3471
41.6522
41.9636
42.2809
42.6038
42.9319
43.2648
43.602
43.9434
44.288
44.6364
44.9867
45.3406
45.6953
46.0523
46.4108
46.7697
47.1292
47.4896
47.8493
48.2083
48.5671
48.9248
49.2805
49.6343
49.9867
50.3368
50.6838
51.0275
51.3685
51.7065
52.0407
52.3706
52.6961
53.0175
53.335
53.6479
53.9556
54.2579
54.5547
54.8466
55.1334
55.4149
55.6906
55.9601
56.2233
56.4803
56.7314
56.9767
57.2162
57.4496
57.6764
57.8965
58.1095
58.3156
58.5149
58.7076
58.8938
59.0735
59.2466
59.4126
59.571
59.7212
59.8624
59.9942
60.1158
60.2269
60.3268
60.4175
60.4974
60.5549
60.5926
60.6051
59.7593
59.7441
59.699
59.6368
59.5531
59.4512
59.3369
59.2121
59.0783
58.9365
58.7872
58.6305
58.4666
58.2955
58.117
57.9311
57.7381
57.5379
57.3309
57.1174
56.8975
56.6714
56.4391
56.2003
55.9549
55.7029
55.4443
55.1794
54.9085
54.6318
54.3495
54.0614
53.7672
53.4671
53.1614
52.8504
52.5346
52.214
51.8884
51.5577
51.2223
50.8829
50.5398
50.1929
49.842
49.4876
49.1303
48.7707
48.4083
48.0434
47.6766
47.3087
46.9395
46.5688
46.1978
45.8271
45.456
45.0853
44.716
44.3478
43.9808
43.6167
43.2541
42.895
42.5387
42.1864
41.8379
41.494
41.155
40.8212
40.4932
40.1713
39.8559
39.5474
39.2462
38.9527
38.6673
38.3903
38.1221
37.8632
37.6137
37.3741
37.1447
36.9257
36.7176
36.5206
36.3349
36.1609
35.9987
35.8487
35.7109
35.5857
35.4732
35.3735
35.2868
35.2132
35.1529
35.1059
35.0722
35.0521
35.0453
35.0521
35.0722
35.1059
35.1529
35.2132
35.2868
35.3735
35.4732
35.5857
35.7109
35.8487
35.9987
36.1609
36.3349
36.5206
36.7176
36.9257
37.1447
37.3741
37.6137
37.8632
38.1221
38.3903
38.6673
38.9527
39.2462
39.5474
39.8559
40.1713
40.4932
40.8212
41.155
41.494
41.8379
42.1864
42.5387
42.895
43.2541
43.6167
43.9808
44.3478
44.716
45.0853
45.456
45.8271
46.1978
46.5688
46.9395
47.3087
47.6766
48.0434
48.4083
48.7707
49.1303
49.4876
49.842
50.1929
50.5398
50.8829
51.2223
51.5577
51.8884
52.214
52.5346
52.8504
53.1614
53.4671
53.7672
54.0614
54.3495
54.6318
54.9085
55.1794
55.4443
55.7029
55.9549
56.2003
56.4391
56.6714
56.8975
57.1174
57.3309
57.5379
57.7381
57.9311
58.117
58.2955
58.4666
58.6305
58.7872
58.9365
59.0783
59.2121
59.3369
59.4512
59.5531
59.6368
59.699
59.7441
59.7593
58.9728
58.9488
58.883
58.7962
58.6961
58.5834
58.4602
58.3274
58.1856
58.0356
57.8776
57.712
57.5393
57.3596
57.1732
56.9804
56.781
56.5751
56.3626
56.1433
55.9172
55.6843
55.4446
55.1984
54.9459
54.6871
54.4221
54.1508
53.873
53.5889
53.2985
53.002
52.6998
52.392
52.0786
51.7595
51.4349
51.1048
50.7698
50.4302
50.086
49.7372
49.3839
49.0266
48.6657
48.3015
47.9339
47.5631
47.1898
46.8143
46.4368
46.0572
45.6763
45.2948
44.9123
44.5294
44.1468
43.7647
43.3831
43.003
42.6247
42.2479
41.8741
41.5027
41.1349
40.7706
40.4106
40.055
39.7045
39.3595
39.0202
38.6872
38.361
38.0418
37.7301
37.4264
37.131
36.8443
36.5666
36.2985
36.0402
35.792
35.5544
35.3276
35.112
34.9079
34.7156
34.5353
34.3672
34.2117
34.069
33.9392
33.8226
33.7193
33.6294
33.5532
33.4906
33.4419
33.407
33.3861
33.3791
33.3861
33.407
33.4419
33.4906
33.5532
33.6294
33.7193
33.8226
33.9392
34.069
34.2117
34.3672
34.5353
34.7156
34.9079
35.112
35.3276
35.5544
35.792
36.0402
36.2985
36.5666
36.8443
37.131
37.4264
37.7301
38.0418
38.361
38.6872
39.0202
39.3595
39.7045
40.055
40.4106
40.7706
41.1349
41.5027
41.8741
42.2479
42.6247
43.003
43.3831
43.7647
44.1468
44.5294
44.9123
45.2948
45.6763
46.0572
46.4368
46.8143
47.1898
47.5631
47.9339
48.3015
48.6657
49.0266
49.3839
49.7372
50.086
50.4302
50.7698
51.1048
51.4349
51.7595
52.0786
52.392
52.6998
53.002
53.2985
53.5889
53.873
54.1508
54.4221
54.6871
54.9459
55.1984
55.4446
55.6843
55.9172
56.1433
56.3626
56.5751
56.781
56.9804
57.1732
57.3596
57.5393
57.712
57.8776
58.0356
58.1856
58.3274
58.4602
58.5834
58.6961
58.7962
58.883
58.9488
58.9728
58.2108
58.1686
58.0858
57.9796
57.8599
57.7298
57.5912
57.4451
57.2919
57.1321
56.9656
56.7926
56.6131
56.4269
56.234
56.0345
55.8282
55.6152
55.3956
55.1694
54.9368
54.6975
54.4518
54.1994
53.9404
53.6747
53.4024
53.1235
52.8383
52.5468
52.2492
51.9453
51.6352
51.3191
50.997
50.6692
50.3359
49.9973
49.6534
49.3042
48.9502
48.5915
48.2286
47.8614
47.4901
47.1151
46.7367
46.3553
45.9711
45.5842
45.1951
44.8044
44.412
44.0184
43.6241
43.2295
42.8347
42.4403
42.0469
41.6545
41.2636
40.8751
40.4886
40.1053
39.7252
39.3489
38.9768
38.6093
38.247
37.8902
37.5394
37.195
36.8575
36.5273
36.2048
35.8905
35.5847
35.2879
35.0005
34.7229
34.4554
34.1984
33.9523
33.7175
33.4941
33.2827
33.0834
32.8966
32.7225
32.5613
32.4134
32.2789
32.158
32.0509
31.9578
31.8788
31.814
31.7634
31.7273
31.7056
31.6984
31.7056
31.7273
31.7634
31.814
31.8788
31.9578
32.0509
32.158
32.2789
32.4134
32.5613
32.7225
32.8966
33.0834
33.2827
33.4941
33.7175
33.9523
34.1984
34.4554
34.7229
35.0005
35.2879
35.5847
35.8905
36.2048
36.5273
36.8575
37.195
37.5394
37.8902
38.247
38.6093
38.9768
39.3489
39.7252
40.1053
40.4886
40.8751
41.2636
41.6545
42.0469
42.4403
42.8347
43.2295
43.6241
44.0184
44.412
44.8044
45.1951
45.5842
45.9711
46.3553
46.7367
47.1151
47.4901
47.8614
48.2286
48.5915
48.9502
49.3042
49.6534
49.9973
50.3359
50.6692
50.997
51.3191
51.6352
51.9453
52.2492
52.5468
52.8383
53.1235
53.4024
53.6747
53.9404
54.1994
54.4518
54.6975
54.9368
55.1694
55.3956
55.6152
55.8282
56.0345
56.234
56.4269
56.6131
56.7926
56.9656
57.1321
57.2919
57.4451
57.5912
57.7298
57.8599
57.9796
58.0858
58.1686
58.2108
57.5375
57.4118
57.2812
57.1454
57.0042
56.8577
56.7057
56.548
56.3846
56.2154
56.0402
55.859
55.6716
55.478
55.2782
55.0719
54.8593
54.6401
54.4144
54.1821
53.9431
53.6975
53.4452
53.1862
52.9205
52.6482
52.3692
52.0835
51.7913
51.4925
51.1873
50.8756
50.5577
50.2336
49.9034
49.5673
49.2253
48.8778
48.5247
48.1663
47.8029
47.4346
47.0616
46.6843
46.3027
45.9173
45.5283
45.1359
44.7406
44.3425
43.9422
43.5398
43.1357
42.7304
42.3242
41.9175
41.5106
41.1041
40.6982
40.2935
39.8904
39.4893
39.0906
38.6949
38.3025
37.9139
37.5296
37.1501
36.7757
36.4071
36.0445
35.6886
35.3396
34.9982
34.6647
34.3396
34.0234
33.7163
33.419
33.1317
32.8549
32.5889
32.3342
32.0911
31.8599
31.6409
31.4346
31.2411
31.0608
30.8939
30.7407
30.6014
30.4762
30.3653
30.2688
30.1869
30.1198
30.0674
30.03
30.0075
30
30.0075
30.03
30.0674
30.1198
30.1869
30.2688
30.3653
30.4762
30.6014
30.7407
30.8939
31.0608
31.2411
31.4346
31.6409
31.8599
32.0911
32.3342
32.5889
32.8549
33.1317
33.419
33.7163
34.0234
34.3396
34.6647
34.9982
35.3396
35.6886
36.0445
36.4071
36.7757
37.1501
37.5296
37.9139
38.3025
38.6949
39.0906
39.4893
39.8904
40.2935
40.6982
41.1041
41.5106
41.9175
42.3242
42.7304
43.1357
43.5398
43.9422
44.3425
44.7406
45.1359
45.5283
45.9173
46.3027
46.6843
47.0616
47.4346
47.8029
48.1663
48.5247
48.8778
49.2253
49.5673
49.9034
50.2336
50.5577
50.8756
51.1873
51.4925
51.7913
52.0835
52.3692
52.6482
52.9205
53.1862
53.4452
53.6975
53.9431
54.1821
54.4144
54.6401
54.8593
55.0719
55.2782
55.478
55.6716
55.859
56.0402
56.2154
56.3846
56.548
56.7057
56.8577
57.0042
57.1454
57.2812
57.4118
57.5375
