200
200
200
200
200
200
200
200
200
200
200
200
200
200
200
200
200
200
200
200
200
200
200
200
200
200
200
200
200
200
200
200
200
200
200
200
200
200
200
200
200
200
200
200
200
200
200
200
200
200
200
200
200
200
200
200
200
200
200
200
200
200
200
200
200
200
200
200
200
200
200
200
200
200
200
200
200
200
200
200
200
200
200
200
200
200
200
200
200
200
200
200
200
200
200
200
200
200
200
200
200
200
200
200
200
200
200
200
200
200
200
200
200
200
200
200
200
200
200
200
200
200
200
200
200
200
200
200
200
200
200
200
200
200
200
200
200
200
200
200
200
200
200
200
200
200
200
200
200
200
200
196.745
196.745
196.745
196.745
196.744
196.744
196.743
196.742
196.741
196.74
196.738
196.737
196.735
196.734
196.732
196.73
196.728
196.726
196.723
196.721
196.718
196.716
196.713
196.71
196.707
196.704
196.7
196.697
196.693
196.69
196.686
196.682
196.679
196.675
196.671
196.667
196.662
196.659
196.654
196.65
196.646
196.641
196.637
196.633
196.628
196.624
196.62
196.615
196.611
196.607
196.603
196.598
196.595
196.591
196.587
196.583
196.58
196.577
196.573
196.569
196.567
196.564
196.561
196.558
196.556
196.553
196.552
196.55
196.548
196.547
196.546
196.545
196.544
196.543
196.543
196.543
196.543
196.543
196.544
196.545
196.546
196.547
196.548
196.55
196.552
196.553
196.556
196.558
196.561
196.564
196.567
196.569
196.573
196.577
196.58
196.583
196.587
196.591
196.595
196.598
196.603
196.607
196.611
196.615
196.62
196.624
196.628
196.633
196.637
196.641
196.646
196.65
196.654
196.659
196.662
196.667
196.671
196.675
196.679
196.682
196.686
196.69
196.693
196.697
196.7
196.704
196.707
196.71
196.713
196.716
196.718
196.721
196.723
196.726
196.728
196.73
196.732
196.734
196.735
196.737
196.738
196.74
196.741
196.742
196.743
196.744
196.744
196.745
196.745
196.745
196.745
193.49
193.49
193.49
193.489
193.488
193.487
193.485
193.484
193.481
193.479
193.477
193.474
193.471
193.467
193.464
193.46
193.456
193.451
193.447
193.442
193.437
193.431
193.426
193.42
193.414
193.407
193.401
193.394
193.387
193.38
193.373
193.365
193.358
193.35
193.342
193.334
193.325
193.317
193.309
193.3
193.292
193.283
193.274
193.266
193.257
193.248
193.24
193.231
193.222
193.214
193.206
193.198
193.189
193.181
193.174
193.167
193.159
193.152
193.145
193.139
193.132
193.126
193.122
193.116
193.111
193.107
193.103
193.099
193.096
193.093
193.09
193.088
193.087
193.086
193.085
193.085
193.085
193.086
193.087
193.088
193.09
193.093
193.096
193.099
193.103
193.107
193.111
193.116
193.122
193.126
193.132
193.139
193.145
193.152
193.159
193.167
193.174
193.181
193.189
193.198
193.206
193.214
193.222
193.231
193.24
193.248
193.257
193.266
193.274
193.283
193.292
193.3
193.309
193.317
193.325
193.334
193.342
193.35
193.358
193.365
193.373
193.38
193.387
193.394
193.401
193.407
193.414
193.42
193.426
193.431
193.437
193.442
193.447
193.451
193.456
193.46
193.464
193.467
193.471
193.474
193.477
193.479
193.481
193.484
193.485
193.487
193.488
193.489
193.49
193.49
193.49
190.236
190.236
190.235
190.234
190.233
190.231
190.229
190.226
190.223
190.22
190.216
190.211
190.207
190.202
190.196
190.19
190.184
190.178
190.171
190.163
190.155
190.147
190.139
190.13
190.121
190.111
190.102
190.092
190.081
190.07
190.059
190.048
190.036
190.025
190.013
190.001
189.988
189.976
189.963
189.95
189.937
189.924
189.911
189.898
189.885
189.872
189.859
189.846
189.834
189.821
189.808
189.796
189.784
189.772
189.761
189.75
189.738
189.728
189.718
189.708
189.699
189.69
189.682
189.674
189.667
189.66
189.654
189.649
189.643
189.639
189.635
189.633
189.63
189.628
189.627
189.627
189.627
189.628
189.63
189.633
189.635
189.639
189.643
189.649
189.654
189.66
189.667
189.674
189.682
189.69
189.699
189.708
189.718
189.728
189.738
189.75
189.761
189.772
189.784
189.796
189.808
189.821
189.834
189.846
189.859
189.872
189.885
189.898
189.911
189.924
189.937
189.95
189.963
189.976
189.988
190.001
190.013
190.025
190.036
190.048
190.059
190.07
190.081
190.092
190.102
190.111
190.121
190.13
190.139
190.147
190.155
190.163
190.171
190.178
190.184
190.19
190.196
190.202
190.207
190.211
190.216
190.22
190.223
190.226
190.229
190.231
190.233
190.234
190.235
190.236
190.236
186.982
186.981
186.981
186.979
186.978
186.975
186.972
186.968
186.965
186.96
186.955
186.949
186.943
186.936
186.929
186.921
186.913
186.904
186.894
186.885
186.874
186.864
186.852
186.841
186.828
186.816
186.803
186.789
186.775
186.761
186.746
186.731
186.715
186.7
186.684
186.668
186.651
186.634
186.617
186.6
186.583
186.566
186.548
186.531
186.514
186.496
186.479
186.462
186.444
186.428
186.411
186.394
186.378
186.363
186.347
186.332
186.317
186.304
186.29
186.276
186.264
186.253
186.241
186.231
186.221
186.213
186.204
186.197
186.19
186.184
186.18
186.176
186.172
186.17
186.169
186.168
186.169
186.17
186.172
186.176
186.18
186.184
186.19
186.197
186.204
186.213
186.221
186.231
186.241
186.253
186.264
186.276
186.29
186.304
186.317
186.332
186.347
186.363
186.378
186.394
186.411
186.428
186.444
186.462
186.479
186.496
186.514
186.531
186.548
186.566
186.583
186.6
186.617
186.634
186.651
186.668
186.684
186.7
186.715
186.731
186.746
186.761
186.775
186.789
186.803
186.816
186.828
186.841
186.852
186.864
186.874
186.885
186.894
186.904
186.913
186.921
186.929
186.936
186.943
186.949
186.955
186.96
186.965
186.968
186.972
186.975
186.978
186.979
186.981
186.981
186.982
183.729
183.728
183.727
183.726
183.723
183.72
183.717
183.712
183.707
183.701
183.695
183.688
183.68
183.671
183.662
183.653
183.642
183.631
183.619
183.607
183.594
183.581
183.567
183.552
183.537
183.521
183.504
183.487
183.47
183.452
183.434
183.415
183.395
183.376
183.356
183.335
183.315
183.294
183.273
183.251
183.229
183.208
183.186
183.164
183.142
183.12
183.099
183.077
183.055
183.034
183.013
182.992
182.972
182.952
182.933
182.914
182.896
182.878
182.861
182.845
182.829
182.814
182.801
182.787
182.775
182.764
182.754
182.744
182.736
182.729
182.722
182.718
182.714
182.711
182.709
182.709
182.709
182.711
182.714
182.718
182.722
182.729
182.736
182.744
182.754
182.764
182.775
182.787
182.801
182.814
182.829
182.845
182.861
182.878
182.896
182.914
182.933
182.952
182.972
182.992
183.013
183.034
183.055
183.077
183.099
183.12
183.142
183.164
183.186
183.208
183.229
183.251
183.273
183.294
183.315
183.335
183.356
183.376
183.395
183.415
183.434
183.452
183.47
183.487
183.504
183.521
183.537
183.552
183.567
183.581
183.594
183.607
183.619
183.631
183.642
183.653
183.662
183.671
183.68
183.688
183.695
183.701
183.707
183.712
183.717
183.72
183.723
183.726
183.727
183.728
183.729
180.476
180.476
180.474
180.472
180.47
180.466
180.461
180.456
180.45
180.443
180.435
180.427
180.418
180.407
180.396
180.385
180.372
180.359
180.345
180.33
180.315
180.298
180.281
180.264
180.245
180.226
180.206
180.186
180.165
180.143
180.121
180.099
180.076
180.052
180.028
180.003
179.978
179.953
179.927
179.901
179.876
179.849
179.823
179.797
179.77
179.744
179.718
179.692
179.666
179.64
179.615
179.591
179.566
179.542
179.519
179.496
179.474
179.453
179.432
179.412
179.394
179.376
179.359
179.343
179.329
179.315
179.303
179.292
179.282
179.273
179.266
179.259
179.255
179.251
179.249
179.249
179.249
179.251
179.255
179.259
179.266
179.273
179.282
179.292
179.303
179.315
179.329
179.343
179.359
179.376
179.394
179.412
179.432
179.453
179.474
179.496
179.519
179.542
179.566
179.591
179.615
179.64
179.666
179.692
179.718
179.744
179.77
179.797
179.823
179.849
179.876
179.901
179.927
179.953
179.978
180.003
180.028
180.052
180.076
180.099
180.121
180.143
180.165
180.186
180.206
180.226
180.245
180.264
180.281
180.298
180.315
180.33
180.345
180.359
180.372
180.385
180.396
180.407
180.418
180.427
180.435
180.443
180.45
180.456
180.461
180.466
180.47
180.472
180.474
180.476
180.476
177.224
177.224
177.223
177.22
177.217
177.213
177.207
177.201
177.194
177.186
177.177
177.167
177.156
177.144
177.131
177.118
177.103
177.088
177.071
177.054
177.036
177.017
176.997
176.976
176.955
176.933
176.909
176.886
176.861
176.836
176.81
176.783
176.756
176.728
176.7
176.671
176.642
176.613
176.583
176.553
176.522
176.491
176.461
176.43
176.399
176.368
176.337
176.307
176.277
176.247
176.217
176.188
176.159
176.131
176.104
176.077
176.051
176.027
176.002
175.979
175.957
175.936
175.917
175.898
175.88
175.865
175.85
175.837
175.825
175.815
175.806
175.799
175.794
175.79
175.787
175.786
175.787
175.79
175.794
175.799
175.806
175.815
175.825
175.837
175.85
175.865
175.88
175.898
175.917
175.936
175.957
175.979
176.002
176.027
176.051
176.077
176.104
176.131
176.159
176.188
176.217
176.247
176.277
176.307
176.337
176.368
176.399
176.43
176.461
176.491
176.522
176.553
176.583
176.613
176.642
176.671
176.7
176.728
176.756
176.783
176.81
176.836
176.861
176.886
176.909
176.933
176.955
176.976
176.997
177.017
177.036
177.054
177.071
177.088
177.103
177.118
177.131
177.144
177.156
177.167
177.177
177.186
177.194
177.201
177.207
177.213
177.217
177.22
177.223
177.224
177.224
173.974
173.974
173.972
173.969
173.966
173.961
173.955
173.948
173.939
173.93
173.92
173.909
173.896
173.882
173.868
173.852
173.835
173.818
173.799
173.779
173.758
173.736
173.714
173.69
173.665
173.64
173.613
173.586
173.558
173.529
173.499
173.469
173.438
173.406
173.374
173.341
173.307
173.273
173.239
173.204
173.169
173.134
173.099
173.063
173.028
172.992
172.957
172.922
172.887
172.852
172.819
172.785
172.752
172.72
172.688
172.658
172.628
172.599
172.571
172.545
172.519
172.495
172.472
172.451
172.431
172.413
172.396
172.381
172.367
172.356
172.346
172.337
172.331
172.326
172.324
172.323
172.324
172.326
172.331
172.337
172.346
172.356
172.367
172.381
172.396
172.413
172.431
172.451
172.472
172.495
172.519
172.545
172.571
172.599
172.628
172.658
172.688
172.72
172.752
172.785
172.819
172.852
172.887
172.922
172.957
172.992
173.028
173.063
173.099
173.134
173.169
173.204
173.239
173.273
173.307
173.341
173.374
173.406
173.438
173.469
173.499
173.529
173.558
173.586
173.613
173.64
173.665
173.69
173.714
173.736
173.758
173.779
173.799
173.818
173.835
173.852
173.868
173.882
173.896
173.909
173.92
173.93
173.939
173.948
173.955
173.961
173.966
173.969
173.972
173.974
173.974
170.725
170.724
170.723
170.719
170.715
170.71
170.703
170.695
170.686
170.675
170.664
170.651
170.637
170.621
170.605
170.587
170.568
170.549
170.527
170.505
170.481
170.457
170.431
170.404
170.377
170.348
170.318
170.287
170.255
170.223
170.189
170.155
170.119
170.084
170.047
170.01
169.972
169.933
169.895
169.855
169.816
169.776
169.736
169.696
169.656
169.616
169.576
169.536
169.497
169.458
169.419
169.381
169.344
169.307
169.272
169.237
169.203
169.171
169.14
169.109
169.081
169.054
169.028
169.003
168.981
168.96
168.941
168.924
168.909
168.896
168.884
168.875
168.868
168.863
168.859
168.858
168.859
168.863
168.868
168.875
168.884
168.896
168.909
168.924
168.941
168.96
168.981
169.003
169.028
169.054
169.081
169.109
169.14
169.171
169.203
169.237
169.272
169.307
169.344
169.381
169.419
169.458
169.497
169.536
169.576
169.616
169.656
169.696
169.736
169.776
169.816
169.855
169.895
169.933
169.972
170.01
170.047
170.084
170.119
170.155
170.189
170.223
170.255
170.287
170.318
170.348
170.377
170.404
170.431
170.457
170.481
170.505
170.527
170.549
170.568
170.587
170.605
170.621
170.637
170.651
170.664
170.675
170.686
170.695
170.703
170.71
170.715
170.719
170.723
170.724
170.725
167.478
167.477
167.475
167.471
167.467
167.46
167.453
167.444
167.434
167.422
167.409
167.395
167.379
167.362
167.344
167.324
167.303
167.281
167.257
167.233
167.206
167.179
167.15
167.121
167.09
167.057
167.024
166.99
166.954
166.918
166.881
166.842
166.803
166.763
166.722
166.68
166.638
166.595
166.552
166.508
166.464
166.419
166.374
166.33
166.285
166.24
166.195
166.15
166.107
166.063
166.02
165.977
165.935
165.895
165.855
165.816
165.778
165.742
165.706
165.673
165.64
165.61
165.581
165.554
165.529
165.505
165.484
165.465
165.448
165.433
165.42
165.41
165.402
165.396
165.392
165.391
165.392
165.396
165.402
165.41
165.42
165.433
165.448
165.465
165.484
165.505
165.529
165.554
165.581
165.61
165.64
165.673
165.706
165.742
165.778
165.816
165.855
165.895
165.935
165.977
166.02
166.063
166.107
166.15
166.195
166.24
166.285
166.33
166.374
166.419
166.464
166.508
166.552
166.595
166.638
166.68
166.722
166.763
166.803
166.842
166.881
166.918
166.954
166.99
167.024
167.057
167.09
167.121
167.15
167.179
167.206
167.233
167.257
167.281
167.303
167.324
167.344
167.362
167.379
167.395
167.409
167.422
167.434
167.444
167.453
167.46
167.467
167.471
167.475
167.477
167.478
164.231
164.231
164.228
164.225
164.219
164.212
164.204
164.194
164.183
164.17
164.156
164.14
164.123
164.104
164.084
164.062
164.039
164.015
163.989
163.961
163.933
163.902
163.871
163.838
163.804
163.768
163.731
163.693
163.654
163.614
163.573
163.53
163.487
163.442
163.397
163.351
163.304
163.257
163.209
163.16
163.112
163.062
163.013
162.963
162.913
162.864
162.814
162.765
162.716
162.667
162.62
162.573
162.526
162.481
162.436
162.393
162.352
162.311
162.272
162.234
162.199
162.165
162.132
162.102
162.074
162.048
162.025
162.004
161.984
161.968
161.954
161.942
161.933
161.927
161.923
161.921
161.923
161.927
161.933
161.942
161.954
161.968
161.984
162.004
162.025
162.048
162.074
162.102
162.132
162.165
162.199
162.234
162.272
162.311
162.352
162.393
162.436
162.481
162.526
162.573
162.62
162.667
162.716
162.765
162.814
162.864
162.913
162.963
163.013
163.062
163.112
163.16
163.209
163.257
163.304
163.351
163.397
163.442
163.487
163.53
163.573
163.614
163.654
163.693
163.731
163.768
163.804
163.838
163.871
163.902
163.933
163.961
163.989
164.015
164.039
164.062
164.084
164.104
164.123
164.14
164.156
164.17
164.183
164.194
164.204
164.212
164.219
164.225
164.228
164.231
164.231
160.987
160.986
160.984
160.98
160.974
160.967
160.957
160.947
160.934
160.921
160.905
160.888
160.869
160.848
160.826
160.803
160.777
160.75
160.722
160.692
160.66
160.627
160.593
160.556
160.519
160.48
160.44
160.398
160.355
160.311
160.266
160.219
160.172
160.123
160.074
160.023
159.972
159.92
159.867
159.814
159.76
159.706
159.651
159.597
159.542
159.487
159.433
159.379
159.325
159.272
159.219
159.167
159.117
159.066
159.017
158.97
158.924
158.879
158.836
158.795
158.755
158.718
158.683
158.649
158.619
158.59
158.564
158.54
158.52
158.502
158.486
158.473
158.463
158.456
158.452
158.45
158.452
158.456
158.463
158.473
158.486
158.502
158.52
158.54
158.564
158.59
158.619
158.649
158.683
158.718
158.755
158.795
158.836
158.879
158.924
158.97
159.017
159.066
159.117
159.167
159.219
159.272
159.325
159.379
159.433
159.487
159.542
159.597
159.651
159.706
159.76
159.814
159.867
159.92
159.972
160.023
160.074
160.123
160.172
160.219
160.266
160.311
160.355
160.398
160.44
160.48
160.519
160.556
160.593
160.627
160.66
160.692
160.722
160.75
160.777
160.803
160.826
160.848
160.869
160.888
160.905
160.921
160.934
160.947
160.957
160.967
160.974
160.98
160.984
160.986
160.987
157.744
157.744
157.741
157.736
157.73
157.722
157.712
157.701
157.687
157.672
157.655
157.637
157.616
157.594
157.57
157.544
157.516
157.487
157.456
157.424
157.39
157.354
157.316
157.277
157.236
157.194
157.15
157.105
157.058
157.01
156.96
156.91
156.858
156.805
156.751
156.696
156.64
156.583
156.525
156.467
156.408
156.349
156.29
156.23
156.171
156.111
156.051
155.992
155.933
155.875
155.817
155.761
155.705
155.65
155.597
155.545
155.494
155.446
155.399
155.354
155.31
155.269
155.23
155.194
155.16
155.129
155.101
155.075
155.052
155.032
155.015
155.001
154.99
154.982
154.977
154.976
154.977
154.982
154.99
155.001
155.015
155.032
155.052
155.075
155.101
155.129
155.16
155.194
155.23
155.269
155.31
155.354
155.399
155.446
155.494
155.545
155.597
155.65
155.705
155.761
155.817
155.875
155.933
155.992
156.051
156.111
156.171
156.23
156.29
156.349
156.408
156.467
156.525
156.583
156.64
156.696
156.751
156.805
156.858
156.91
156.96
157.01
157.058
157.105
157.15
157.194
157.236
157.277
157.316
157.354
157.39
157.424
157.456
157.487
157.516
157.544
157.57
157.594
157.616
157.637
157.655
157.672
157.687
157.701
157.712
157.722
157.73
157.736
157.741
157.744
157.744
154.504
154.502
154.5
154.495
154.488
154.479
154.469
154.456
154.442
154.426
154.407
154.387
154.365
154.341
154.315
154.287
154.258
154.226
154.193
154.158
154.121
154.082
154.041
153.999
153.955
153.909
153.862
153.812
153.762
153.71
153.656
153.601
153.545
153.488
153.429
153.37
153.309
153.247
153.185
153.121
153.058
152.994
152.929
152.864
152.799
152.735
152.67
152.605
152.542
152.478
152.415
152.354
152.293
152.234
152.175
152.118
152.063
152.01
151.959
151.909
151.862
151.818
151.775
151.736
151.699
151.665
151.634
151.605
151.58
151.558
151.54
151.525
151.513
151.504
151.499
151.497
151.499
151.504
151.513
151.525
151.54
151.558
151.58
151.605
151.634
151.665
151.699
151.736
151.775
151.818
151.862
151.909
151.959
152.01
152.063
152.118
152.175
152.234
152.293
152.354
152.415
152.478
152.542
152.605
152.67
152.735
152.799
152.864
152.929
152.994
153.058
153.121
153.185
153.247
153.309
153.37
153.429
153.488
153.545
153.601
153.656
153.71
153.762
153.812
153.862
153.909
153.955
153.999
154.041
154.082
154.121
154.158
154.193
154.226
154.258
154.287
154.315
154.341
154.365
154.387
154.407
154.426
154.442
154.456
154.469
154.479
154.488
154.495
154.5
154.502
154.504
151.264
151.263
151.26
151.255
151.248
151.239
151.227
151.214
151.198
151.181
151.161
151.14
151.116
151.09
151.062
151.032
151.001
150.967
150.931
150.893
150.853
150.811
150.768
150.722
150.675
150.626
150.574
150.522
150.467
150.411
150.354
150.294
150.234
150.172
150.108
150.044
149.978
149.912
149.844
149.776
149.707
149.638
149.568
149.498
149.428
149.358
149.287
149.218
149.149
149.08
149.012
148.945
148.88
148.815
148.752
148.69
148.63
148.573
148.517
148.464
148.412
148.364
148.318
148.275
148.235
148.198
148.164
148.134
148.106
148.083
148.063
148.046
148.033
148.024
148.018
148.016
148.018
148.024
148.033
148.046
148.063
148.083
148.106
148.134
148.164
148.198
148.235
148.275
148.318
148.364
148.412
148.464
148.517
148.573
148.63
148.69
148.752
148.815
148.88
148.945
149.012
149.08
149.149
149.218
149.287
149.358
149.428
149.498
149.568
149.638
149.707
149.776
149.844
149.912
149.978
150.044
150.108
150.172
150.234
150.294
150.354
150.411
150.467
150.522
150.574
150.626
150.675
150.722
150.768
150.811
150.853
150.893
150.931
150.967
151.001
151.032
151.062
151.09
151.116
151.14
151.161
151.181
151.198
151.214
151.227
151.239
151.248
151.255
151.26
151.263
151.264
148.027
148.026
148.022
148.017
148.009
147.999
147.987
147.973
147.956
147.938
147.917
147.893
147.868
147.841
147.811
147.779
147.745
147.709
147.67
147.63
147.587
147.542
147.496
147.447
147.396
147.343
147.288
147.232
147.173
147.113
147.051
146.988
146.923
146.856
146.789
146.719
146.649
146.577
146.505
146.431
146.357
146.282
146.207
146.132
146.056
145.98
145.905
145.83
145.755
145.681
145.607
145.536
145.464
145.395
145.327
145.26
145.196
145.133
145.073
145.015
144.96
144.908
144.858
144.811
144.768
144.728
144.691
144.658
144.629
144.603
144.581
144.563
144.549
144.539
144.533
144.531
144.533
144.539
144.549
144.563
144.581
144.603
144.629
144.658
144.691
144.728
144.768
144.811
144.858
144.908
144.96
145.015
145.073
145.133
145.196
145.26
145.327
145.395
145.464
145.536
145.607
145.681
145.755
145.83
145.905
145.98
146.056
146.132
146.207
146.282
146.357
146.431
146.505
146.577
146.649
146.719
146.789
146.856
146.923
146.988
147.051
147.113
147.173
147.232
147.288
147.343
147.396
147.447
147.496
147.542
147.587
147.63
147.67
147.709
147.745
147.779
147.811
147.841
147.868
147.893
147.917
147.938
147.956
147.973
147.987
147.999
148.009
148.017
148.022
148.026
148.027
144.791
144.79
144.787
144.781
144.772
144.762
144.749
144.734
144.716
144.696
144.674
144.65
144.622
144.593
144.562
144.528
144.491
144.453
144.412
144.369
144.323
144.276
144.226
144.174
144.12
144.063
144.005
143.944
143.882
143.818
143.752
143.684
143.614
143.543
143.47
143.396
143.321
143.244
143.166
143.087
143.008
142.928
142.847
142.766
142.684
142.603
142.522
142.441
142.361
142.281
142.202
142.124
142.048
141.973
141.899
141.828
141.758
141.691
141.626
141.564
141.504
141.447
141.394
141.344
141.297
141.254
141.214
141.178
141.146
141.119
141.095
141.075
141.06
141.049
141.043
141.041
141.043
141.049
141.06
141.075
141.095
141.119
141.146
141.178
141.214
141.254
141.297
141.344
141.394
141.447
141.504
141.564
141.626
141.691
141.758
141.828
141.899
141.973
142.048
142.124
142.202
142.281
142.361
142.441
142.522
142.603
142.684
142.766
142.847
142.928
143.008
143.087
143.166
143.244
143.321
143.396
143.47
143.543
143.614
143.684
143.752
143.818
143.882
143.944
144.005
144.063
144.12
144.174
144.226
144.276
144.323
144.369
144.412
144.453
144.491
144.528
144.562
144.593
144.622
144.65
144.674
144.696
144.716
144.734
144.749
144.762
144.772
144.781
144.787
144.79
144.791
141.558
141.556
141.553
141.546
141.538
141.526
141.513
141.496
141.478
141.457
141.433
141.407
141.379
141.348
141.314
141.278
141.24
141.199
141.155
141.11
141.061
141.011
140.958
140.902
140.845
140.785
140.723
140.658
140.592
140.523
140.453
140.38
140.306
140.23
140.153
140.074
139.993
139.911
139.828
139.744
139.659
139.573
139.487
139.4
139.313
139.226
139.138
139.052
138.966
138.88
138.796
138.712
138.63
138.549
138.47
138.393
138.319
138.246
138.176
138.109
138.045
137.984
137.926
137.872
137.822
137.775
137.733
137.694
137.66
137.63
137.605
137.583
137.567
137.555
137.548
137.546
137.548
137.555
137.567
137.583
137.605
137.63
137.66
137.694
137.733
137.775
137.822
137.872
137.926
137.984
138.045
138.109
138.176
138.246
138.319
138.393
138.47
138.549
138.63
138.712
138.796
138.88
138.966
139.052
139.138
139.226
139.313
139.4
139.487
139.573
139.659
139.744
139.828
139.911
139.993
140.074
140.153
140.23
140.306
140.38
140.453
140.523
140.592
140.658
140.723
140.785
140.845
140.902
140.958
141.011
141.061
141.11
141.155
141.199
141.24
141.278
141.314
141.348
141.379
141.407
141.433
141.457
141.478
141.496
141.513
141.526
141.538
141.546
141.553
141.556
141.558
138.327
138.325
138.321
138.315
138.306
138.294
138.279
138.262
138.243
138.22
138.196
138.168
138.138
138.105
138.07
138.031
137.991
137.947
137.901
137.853
137.802
137.748
137.692
137.633
137.572
137.509
137.443
137.375
137.304
137.231
137.156
137.079
137
136.919
136.837
136.752
136.667
136.579
136.491
136.401
136.31
136.219
136.127
136.034
135.941
135.848
135.755
135.662
135.57
135.478
135.388
135.299
135.211
135.124
135.039
134.957
134.877
134.799
134.724
134.652
134.584
134.518
134.456
134.398
134.344
134.294
134.248
134.207
134.17
134.138
134.11
134.088
134.07
134.058
134.05
134.048
134.05
134.058
134.07
134.088
134.11
134.138
134.17
134.207
134.248
134.294
134.344
134.398
134.456
134.518
134.584
134.652
134.724
134.799
134.877
134.957
135.039
135.124
135.211
135.299
135.388
135.478
135.57
135.662
135.755
135.848
135.941
136.034
136.127
136.219
136.31
136.401
136.491
136.579
136.667
136.752
136.837
136.919
137
137.079
137.156
137.231
137.304
137.375
137.443
137.509
137.572
137.633
137.692
137.748
137.802
137.853
137.901
137.947
137.991
138.031
138.07
138.105
138.138
138.168
138.196
138.22
138.243
138.262
138.279
138.294
138.306
138.315
138.321
138.325
138.327
135.098
135.097
135.093
135.086
135.076
135.064
135.048
135.031
135.01
134.986
134.96
134.931
134.899
134.865
134.827
134.787
134.744
134.699
134.65
134.599
134.545
134.488
134.429
134.367
134.303
134.235
134.165
134.093
134.018
133.941
133.862
133.78
133.696
133.611
133.523
133.433
133.343
133.249
133.155
133.06
132.963
132.866
132.767
132.669
132.569
132.47
132.371
132.272
132.174
132.076
131.979
131.883
131.79
131.697
131.607
131.518
131.433
131.349
131.269
131.192
131.118
131.048
130.982
130.92
130.862
130.808
130.759
130.715
130.675
130.64
130.611
130.587
130.568
130.554
130.547
130.543
130.547
130.554
130.568
130.587
130.611
130.64
130.675
130.715
130.759
130.808
130.862
130.92
130.982
131.048
131.118
131.192
131.269
131.349
131.433
131.518
131.607
131.697
131.79
131.883
131.979
132.076
132.174
132.272
132.371
132.47
132.569
132.669
132.767
132.866
132.963
133.06
133.155
133.249
133.343
133.433
133.523
133.611
133.696
133.78
133.862
133.941
134.018
134.093
134.165
134.235
134.303
134.367
134.429
134.488
134.545
134.599
134.65
134.699
134.744
134.787
134.827
134.865
134.899
134.931
134.96
134.986
135.01
135.031
135.048
135.064
135.076
135.086
135.093
135.097
135.098
131.873
131.872
131.867
131.86
131.85
131.837
131.821
131.802
131.78
131.756
131.728
131.698
131.664
131.628
131.589
131.547
131.501
131.453
131.402
131.349
131.292
131.232
131.17
131.104
131.036
130.965
130.891
130.815
130.736
130.654
130.571
130.484
130.396
130.305
130.212
130.117
130.02
129.922
129.822
129.72
129.618
129.514
129.41
129.304
129.199
129.093
128.988
128.882
128.777
128.673
128.57
128.468
128.367
128.268
128.172
128.077
127.986
127.897
127.811
127.728
127.649
127.574
127.503
127.436
127.374
127.317
127.264
127.217
127.174
127.137
127.106
127.08
127.059
127.045
127.036
127.033
127.036
127.045
127.059
127.08
127.106
127.137
127.174
127.217
127.264
127.317
127.374
127.436
127.503
127.574
127.649
127.728
127.811
127.897
127.986
128.077
128.172
128.268
128.367
128.468
128.57
128.673
128.777
128.882
128.988
129.093
129.199
129.304
129.41
129.514
129.618
129.72
129.822
129.922
130.02
130.117
130.212
130.305
130.396
130.484
130.571
130.654
130.736
130.815
130.891
130.965
131.036
131.104
131.17
131.232
131.292
131.349
131.402
131.453
131.501
131.547
131.589
131.628
131.664
131.698
131.728
131.756
131.78
131.802
131.821
131.837
131.85
131.86
131.867
131.872
131.873
128.651
128.649
128.644
128.637
128.626
128.612
128.596
128.576
128.554
128.528
128.499
128.467
128.432
128.394
128.353
128.308
128.261
128.21
128.157
128.1
128.041
127.978
127.912
127.844
127.771
127.697
127.619
127.539
127.456
127.37
127.281
127.19
127.096
127
126.902
126.801
126.699
126.595
126.489
126.382
126.272
126.163
126.052
125.94
125.828
125.716
125.603
125.491
125.379
125.268
125.158
125.05
124.943
124.838
124.734
124.634
124.536
124.441
124.349
124.261
124.177
124.097
124.021
123.949
123.883
123.821
123.765
123.714
123.669
123.629
123.596
123.568
123.546
123.531
123.521
123.518
123.521
123.531
123.546
123.568
123.596
123.629
123.669
123.714
123.765
123.821
123.883
123.949
124.021
124.097
124.177
124.261
124.349
124.441
124.536
124.634
124.734
124.838
124.943
125.05
125.158
125.268
125.379
125.491
125.603
125.716
125.828
125.94
126.052
126.163
126.272
126.382
126.489
126.595
126.699
126.801
126.902
127
127.096
127.19
127.281
127.37
127.456
127.539
127.619
127.697
127.771
127.844
127.912
127.978
128.041
128.1
128.157
128.21
128.261
128.308
128.353
128.394
128.432
128.467
128.499
128.528
128.554
128.576
128.596
128.612
128.626
128.637
128.644
128.649
128.651
125.431
125.429
125.424
125.417
125.405
125.391
125.374
125.353
125.329
125.303
125.272
125.239
125.202
125.162
125.119
125.073
125.024
124.97
124.915
124.855
124.793
124.727
124.658
124.586
124.51
124.432
124.35
124.265
124.178
124.087
123.994
123.898
123.799
123.697
123.594
123.488
123.38
123.269
123.158
123.043
122.928
122.812
122.695
122.576
122.457
122.338
122.218
122.099
121.981
121.863
121.746
121.63
121.516
121.405
121.295
121.188
121.083
120.982
120.884
120.791
120.701
120.615
120.534
120.458
120.387
120.321
120.261
120.207
120.159
120.116
120.08
120.051
120.027
120.011
120.001
119.998
120.001
120.011
120.027
120.051
120.08
120.116
120.159
120.207
120.261
120.321
120.387
120.458
120.534
120.615
120.701
120.791
120.884
120.982
121.083
121.188
121.295
121.405
121.516
121.63
121.746
121.863
121.981
122.099
122.218
122.338
122.457
122.576
122.695
122.812
122.928
123.043
123.158
123.269
123.38
123.488
123.594
123.697
123.799
123.898
123.994
124.087
124.178
124.265
124.35
124.432
124.51
124.586
124.658
124.727
124.793
124.855
124.915
124.97
125.024
125.073
125.119
125.162
125.202
125.239
125.272
125.303
125.329
125.353
125.374
125.391
125.405
125.417
125.424
125.429
125.431
122.214
122.212
122.207
122.199
122.187
122.173
122.154
122.133
122.108
122.08
122.049
122.014
121.976
121.934
121.889
121.841
121.789
121.734
121.675
121.613
121.548
121.479
121.407
121.331
121.252
121.169
121.084
120.995
120.903
120.808
120.71
120.609
120.505
120.398
120.288
120.177
120.062
119.946
119.828
119.708
119.586
119.463
119.338
119.213
119.087
118.961
118.834
118.708
118.582
118.456
118.332
118.209
118.088
117.969
117.852
117.738
117.627
117.519
117.415
117.315
117.219
117.128
117.042
116.961
116.885
116.815
116.751
116.693
116.641
116.596
116.557
116.526
116.501
116.483
116.473
116.469
116.473
116.483
116.501
116.526
116.557
116.596
116.641
116.693
116.751
116.815
116.885
116.961
117.042
117.128
117.219
117.315
117.415
117.519
117.627
117.738
117.852
117.969
118.088
118.209
118.332
118.456
118.582
118.708
118.834
118.961
119.087
119.213
119.338
119.463
119.586
119.708
119.828
119.946
120.062
120.177
120.288
120.398
120.505
120.609
120.71
120.808
120.903
120.995
121.084
121.169
121.252
121.331
121.407
121.479
121.548
121.613
121.675
121.734
121.789
121.841
121.889
121.934
121.976
122.014
122.049
122.08
122.108
122.133
122.154
122.173
122.187
122.199
122.207
122.212
122.214
119.001
118.999
118.994
118.985
118.973
118.958
118.939
118.917
118.891
118.862
118.829
118.793
118.753
118.71
118.663
118.612
118.558
118.501
118.44
118.375
118.307
118.235
118.159
118.08
117.997
117.911
117.821
117.729
117.632
117.532
117.429
117.323
117.214
117.101
116.987
116.868
116.749
116.626
116.501
116.374
116.245
116.115
115.984
115.851
115.718
115.584
115.45
115.316
115.182
115.049
114.917
114.787
114.658
114.532
114.407
114.286
114.167
114.053
113.942
113.835
113.733
113.636
113.544
113.457
113.376
113.301
113.233
113.171
113.116
113.068
113.026
112.993
112.966
112.947
112.936
112.932
112.936
112.947
112.966
112.993
113.026
113.068
113.116
113.171
113.233
113.301
113.376
113.457
113.544
113.636
113.733
113.835
113.942
114.053
114.167
114.286
114.407
114.532
114.658
114.787
114.917
115.049
115.182
115.316
115.45
115.584
115.718
115.851
115.984
116.115
116.245
116.374
116.501
116.626
116.749
116.868
116.987
117.101
117.214
117.323
117.429
117.532
117.632
117.729
117.821
117.911
117.997
118.08
118.159
118.235
118.307
118.375
118.44
118.501
118.558
118.612
118.663
118.71
118.753
118.793
118.829
118.862
118.891
118.917
118.939
118.958
118.973
118.985
118.994
118.999
119.001
115.79
115.789
115.783
115.774
115.762
115.746
115.727
115.703
115.677
115.646
115.612
115.575
115.534
115.488
115.44
115.387
115.331
115.271
115.208
115.14
115.069
114.994
114.915
114.833
114.746
114.656
114.563
114.465
114.364
114.26
114.151
114.04
113.925
113.808
113.686
113.563
113.436
113.307
113.176
113.042
112.906
112.769
112.63
112.49
112.349
112.207
112.065
111.923
111.782
111.641
111.501
111.363
111.226
111.091
110.96
110.831
110.705
110.583
110.465
110.351
110.243
110.139
110.041
109.949
109.863
109.783
109.71
109.644
109.585
109.533
109.49
109.453
109.425
109.405
109.393
109.389
109.393
109.405
109.425
109.453
109.49
109.533
109.585
109.644
109.71
109.783
109.863
109.949
110.041
110.139
110.243
110.351
110.465
110.583
110.705
110.831
110.96
111.091
111.226
111.363
111.501
111.641
111.782
111.923
112.065
112.207
112.349
112.49
112.63
112.769
112.906
113.042
113.176
113.307
113.436
113.563
113.686
113.808
113.925
114.04
114.151
114.26
114.364
114.465
114.563
114.656
114.746
114.833
114.915
114.994
115.069
115.14
115.208
115.271
115.331
115.387
115.44
115.488
115.534
115.575
115.612
115.646
115.677
115.703
115.727
115.746
115.762
115.774
115.783
115.789
115.79
112.584
112.582
112.576
112.567
112.554
112.538
112.518
112.494
112.466
112.435
112.399
112.361
112.318
112.271
112.221
112.166
112.108
112.046
111.979
111.91
111.835
111.757
111.675
111.589
111.499
111.405
111.307
111.205
111.1
110.99
110.877
110.76
110.64
110.516
110.389
110.259
110.126
109.99
109.852
109.711
109.568
109.423
109.277
109.129
108.98
108.83
108.68
108.531
108.381
108.232
108.083
107.937
107.792
107.649
107.509
107.372
107.239
107.109
106.984
106.863
106.748
106.637
106.533
106.435
106.343
106.258
106.181
106.111
106.048
105.993
105.946
105.908
105.878
105.856
105.843
105.839
105.843
105.856
105.878
105.908
105.946
105.993
106.048
106.111
106.181
106.258
106.343
106.435
106.533
106.637
106.748
106.863
106.984
107.109
107.239
107.372
107.509
107.649
107.792
107.937
108.083
108.232
108.381
108.531
108.68
108.83
108.98
109.129
109.277
109.423
109.568
109.711
109.852
109.99
110.126
110.259
110.389
110.516
110.64
110.76
110.877
110.99
111.1
111.205
111.307
111.405
111.499
111.589
111.675
111.757
111.835
111.91
111.979
112.046
112.108
112.166
112.221
112.271
112.318
112.361
112.399
112.435
112.466
112.494
112.518
112.538
112.554
112.567
112.576
112.582
112.584
109.381
109.378
109.373
109.363
109.35
109.333
109.312
109.287
109.259
109.226
109.19
109.15
109.106
109.057
109.005
108.949
108.888
108.824
108.755
108.682
108.605
108.524
108.438
108.349
108.255
108.157
108.055
107.949
107.838
107.724
107.606
107.484
107.358
107.228
107.095
106.959
106.819
106.676
106.531
106.382
106.232
106.079
105.925
105.769
105.612
105.454
105.296
105.137
104.979
104.821
104.664
104.509
104.355
104.204
104.056
103.91
103.769
103.631
103.498
103.37
103.247
103.13
103.019
102.914
102.817
102.727
102.644
102.569
102.502
102.444
102.394
102.353
102.321
102.298
102.284
102.28
102.284
102.298
102.321
102.353
102.394
102.444
102.502
102.569
102.644
102.727
102.817
102.914
103.019
103.13
103.247
103.37
103.498
103.631
103.769
103.91
104.056
104.204
104.355
104.509
104.664
104.821
104.979
105.137
105.296
105.454
105.612
105.769
105.925
106.079
106.232
106.382
106.531
106.676
106.819
106.959
107.095
107.228
107.358
107.484
107.606
107.724
107.838
107.949
108.055
108.157
108.255
108.349
108.438
108.524
108.605
108.682
108.755
108.824
108.888
108.949
109.005
109.057
109.106
109.15
109.19
109.226
109.259
109.287
109.312
109.333
109.35
109.363
109.373
109.378
109.381
106.181
106.179
106.173
106.163
106.15
106.132
106.111
106.085
106.056
106.022
105.985
105.943
105.898
105.848
105.794
105.735
105.673
105.606
105.535
105.46
105.38
105.296
105.207
105.114
105.017
104.915
104.809
104.698
104.583
104.463
104.34
104.212
104.081
103.945
103.806
103.662
103.516
103.366
103.213
103.058
102.899
102.739
102.576
102.412
102.246
102.079
101.912
101.744
101.577
101.41
101.244
101.079
100.916
100.756
100.599
100.444
100.294
100.148
100.006
99.87
99.7392
99.6147
99.4966
99.3855
99.2815
99.1854
99.0973
99.0175
98.9463
98.8843
98.8311
98.7876
98.7532
98.729
98.7142
98.7092
98.7142
98.729
98.7532
98.7876
98.8311
98.8843
98.9463
99.0175
99.0973
99.1854
99.2815
99.3855
99.4966
99.6147
99.7392
99.87
100.006
100.148
100.294
100.444
100.599
100.756
100.916
101.079
101.244
101.41
101.577
101.744
101.912
102.079
102.246
102.412
102.576
102.739
102.899
103.058
103.213
103.366
103.516
103.662
103.806
103.945
104.081
104.212
104.34
104.463
104.583
104.698
104.809
104.915
105.017
105.114
105.207
105.296
105.38
105.46
105.535
105.606
105.673
105.735
105.794
105.848
105.898
105.943
105.985
106.022
106.056
106.085
106.111
106.132
106.15
106.163
106.173
106.179
106.181
102.985
102.983
102.977
102.967
102.953
102.935
102.913
102.887
102.856
102.822
102.783
102.741
102.693
102.642
102.586
102.527
102.462
102.393
102.319
102.242
102.159
102.072
101.98
101.884
101.782
101.677
101.566
101.451
101.331
101.207
101.078
100.945
100.807
100.665
100.52
100.37
100.217
100.059
99.899
99.7353
99.569
99.4
99.229
99.0558
98.8811
98.7051
98.5284
98.3512
98.1743
97.9976
97.822
97.6476
97.4753
97.3053
97.1384
96.9747
96.815
96.6595
96.5093
96.3644
96.2255
96.0928
95.9671
95.8487
95.7382
95.6357
95.5418
95.4568
95.3811
95.3146
95.2582
95.2115
95.1753
95.149
95.1334
95.1282
95.1334
95.149
95.1753
95.2115
95.2582
95.3146
95.3811
95.4568
95.5418
95.6357
95.7382
95.8487
95.9671
96.0928
96.2255
96.3644
96.5093
96.6595
96.815
96.9747
97.1384
97.3053
97.4753
97.6476
97.822
97.9976
98.1743
98.3512
98.5284
98.7051
98.8811
99.0558
99.229
99.4
99.569
99.7353
99.899
100.059
100.217
100.37
100.52
100.665
100.807
100.945
101.078
101.207
101.331
101.451
101.566
101.677
101.782
101.884
101.98
102.072
102.159
102.242
102.319
102.393
102.462
102.527
102.586
102.642
102.693
102.741
102.783
102.822
102.856
102.887
102.913
102.935
102.953
102.967
102.977
102.983
102.985
99.7929
99.7907
99.7847
99.7743
99.7601
99.7414
99.7189
99.6918
99.661
99.6254
99.5861
99.5418
99.4938
99.4406
99.3837
99.3216
99.2555
99.1841
99.1087
99.0279
98.9427
98.8524
98.7577
98.6577
98.553
98.4431
98.3284
98.2087
98.0841
97.9549
97.8207
97.682
97.5384
97.3903
97.2377
97.0811
96.9203
96.7558
96.5876
96.4161
96.2412
96.0636
95.8834
95.7012
95.5171
95.3319
95.1454
94.9585
94.7713
94.5846
94.3988
94.2146
94.0321
93.8521
93.6749
93.5014
93.332
93.1673
93.0075
92.8536
92.7058
92.565
92.4314
92.3054
92.1877
92.0787
91.9788
91.8882
91.8074
91.737
91.6766
91.6271
91.5882
91.5605
91.5437
91.5381
91.5437
91.5605
91.5882
91.6271
91.6766
91.737
91.8074
91.8882
91.9788
92.0787
92.1877
92.3054
92.4314
92.565
92.7058
92.8536
93.0075
93.1673
93.332
93.5014
93.6749
93.8521
94.0321
94.2146
94.3988
94.5846
94.7713
94.9585
95.1454
95.3319
95.5171
95.7012
95.8834
96.0636
96.2412
96.4161
96.5876
96.7558
96.9203
97.0811
97.2377
97.3903
97.5384
97.682
97.8207
97.9549
98.0841
98.2087
98.3284
98.4431
98.553
98.6577
98.7577
98.8524
98.9427
99.0279
99.1087
99.1841
99.2555
99.3216
99.3837
99.4406
99.4938
99.5418
99.5861
99.6254
99.661
99.6918
99.7189
99.7414
99.7601
99.7743
99.7847
99.7907
99.7929
96.6042
96.6023
96.5958
96.5855
96.5706
96.5518
96.5284
96.5011
96.4691
96.4331
96.3922
96.3474
96.2975
96.2436
96.1844
96.1212
96.0526
95.9796
95.9014
95.8187
95.7306
95.6375
95.5391
95.4358
95.3273
95.2136
95.0948
94.9706
94.8413
94.7066
94.567
94.4221
94.2726
94.1181
93.9591
93.7952
93.6271
93.4546
93.2783
93.0982
92.915
92.7284
92.5393
92.3475
92.1538
91.9584
91.7619
91.5648
91.3675
91.1703
90.9741
90.779
90.5861
90.3956
90.2082
90.0243
89.8448
89.6699
89.5007
89.3374
89.1807
89.0309
88.889
88.7553
88.6303
88.5143
88.408
88.3118
88.226
88.1507
88.0868
88.0339
87.9927
87.963
87.9453
87.9393
87.9453
87.963
87.9927
88.0339
88.0868
88.1507
88.226
88.3118
88.408
88.5143
88.6303
88.7553
88.889
89.0309
89.1807
89.3374
89.5007
89.6699
89.8448
90.0243
90.2082
90.3956
90.5861
90.779
90.9741
91.1703
91.3675
91.5648
91.7619
91.9584
92.1538
92.3475
92.5393
92.7284
92.915
93.0982
93.2783
93.4546
93.6271
93.7952
93.9591
94.1181
94.2726
94.4221
94.567
94.7066
94.8413
94.9706
95.0948
95.2136
95.3273
95.4358
95.5391
95.6375
95.7306
95.8187
95.9014
95.9796
96.0526
96.1212
96.1844
96.2436
96.2975
96.3474
96.3922
96.4331
96.4691
96.5011
96.5284
96.5518
96.5706
96.5855
96.5958
96.6023
96.6042
93.4204
93.4181
93.4119
93.401
93.3861
93.3666
93.343
93.3148
93.2824
93.2453
93.2038
93.1576
93.1068
93.0512
92.991
92.9256
92.8557
92.7804
92.7001
92.6146
92.524
92.4282
92.3268
92.2201
92.1078
91.99
91.8667
91.738
91.6037
91.4641
91.3189
91.1684
91.0124
90.8513
90.685
90.514
90.3382
90.158
89.9733
89.7847
89.5922
89.3964
89.1974
88.996
88.7922
88.5867
88.3796
88.1717
87.9633
87.7553
87.548
87.3421
87.1379
86.9363
86.7378
86.5432
86.353
86.1678
85.9881
85.8149
85.6485
85.4898
85.339
85.1969
85.0639
84.9409
84.8278
84.7255
84.6341
84.5544
84.486
84.43
84.386
84.3546
84.3356
84.3292
84.3356
84.3546
84.386
84.43
84.486
84.5544
84.6341
84.7255
84.8278
84.9409
85.0639
85.1969
85.339
85.4898
85.6485
85.8149
85.9881
86.1678
86.353
86.5432
86.7378
86.9363
87.1379
87.3421
87.548
87.7553
87.9633
88.1717
88.3796
88.5867
88.7922
88.996
89.1974
89.3964
89.5922
89.7847
89.9733
90.158
90.3382
90.514
90.685
90.8513
91.0124
91.1684
91.3189
91.4641
91.6037
91.738
91.8667
91.99
92.1078
92.2201
92.3268
92.4282
92.524
92.6146
92.7001
92.7804
92.8557
92.9256
92.991
93.0512
93.1068
93.1576
93.2038
93.2453
93.2824
93.3148
93.343
93.3666
93.3861
93.401
93.4119
93.4181
93.4204
90.2399
90.2379
90.2312
90.2205
90.205
90.1854
90.1612
90.1326
90.0994
90.0617
90.0193
89.9721
89.9203
89.8634
89.8018
89.735
89.6631
89.5862
89.5039
89.416
89.3228
89.2239
89.1196
89.0095
88.8938
88.7722
88.6449
88.5114
88.3723
88.2272
88.0764
87.9198
87.7578
87.5899
87.4168
87.2382
87.0545
86.8658
86.6726
86.4749
86.2733
86.0678
85.859
85.6471
85.4327
85.2161
84.9981
84.7789
84.5593
84.3395
84.1205
83.9026
83.6868
83.4735
83.2635
83.0571
82.8555
82.659
82.4686
82.2847
82.1081
81.9392
81.7792
81.6282
81.4869
81.3558
81.2357
81.1268
81.0297
80.9445
80.8721
80.8122
80.7655
80.7319
80.7118
80.705
80.7118
80.7319
80.7655
80.8122
80.8721
80.9445
81.0297
81.1268
81.2357
81.3558
81.4869
81.6282
81.7792
81.9392
82.1081
82.2847
82.4686
82.659
82.8555
83.0571
83.2635
83.4735
83.6868
83.9026
84.1205
84.3395
84.5593
84.7789
84.9981
85.2161
85.4327
85.6471
85.859
86.0678
86.2733
86.4749
86.6726
86.8658
87.0545
87.2382
87.4168
87.5899
87.7578
87.9198
88.0764
88.2272
88.3723
88.5114
88.6449
88.7722
88.8938
89.0095
89.1196
89.2239
89.3228
89.416
89.5039
89.5862
89.6631
89.735
89.8018
89.8634
89.9203
89.9721
90.0193
90.0617
90.0994
90.1326
90.1612
90.1854
90.205
90.2205
90.2312
90.2379
90.2399
87.0638
87.0615
87.0549
87.0438
87.0283
87.0083
86.9838
86.9547
86.921
86.8827
86.8394
86.7916
86.7386
86.6809
86.6179
86.5499
86.4763
86.3975
86.3132
86.2234
86.1278
86.0265
85.9191
85.8059
85.6864
85.561
85.4294
85.2918
85.1478
84.9977
84.8413
84.6788
84.51
84.3354
84.1548
83.9688
83.777
83.5801
83.3779
83.171
82.9594
82.7439
82.5245
82.3019
82.0764
81.8485
81.6186
81.3874
81.1555
80.9236
80.6921
80.4618
80.2333
80.0073
79.7846
79.5661
79.3521
79.1436
78.9412
78.7459
78.5582
78.3788
78.2084
78.0476
77.8972
77.7578
77.6298
77.5137
77.4101
77.3197
77.2421
77.1785
77.1286
77.0929
77.0713
77.0642
77.0713
77.0929
77.1286
77.1785
77.2421
77.3197
77.4101
77.5137
77.6298
77.7578
77.8972
78.0476
78.2084
78.3788
78.5582
78.7459
78.9412
79.1436
79.3521
79.5661
79.7846
80.0073
80.2333
80.4618
80.6921
80.9236
81.1555
81.3874
81.6186
81.8485
82.0764
82.3019
82.5245
82.7439
82.9594
83.171
83.3779
83.5801
83.777
83.9688
84.1548
84.3354
84.51
84.6788
84.8413
84.9977
85.1478
85.2918
85.4294
85.561
85.6864
85.8059
85.9191
86.0265
86.1278
86.2234
86.3132
86.3975
86.4763
86.5499
86.6179
86.6809
86.7386
86.7916
86.8394
86.8827
86.921
86.9547
86.9838
87.0083
87.0283
87.0438
87.0549
87.0615
87.0638
83.8911
83.8889
83.8821
83.871
83.8552
83.835
83.8101
83.7807
83.7466
83.7076
83.664
83.6152
83.5617
83.5027
83.4389
83.3694
83.2949
83.2143
83.1283
83.0363
82.9385
82.8346
82.7247
82.6084
82.4859
82.3567
82.2212
82.0789
81.9302
81.7747
81.6128
81.4443
81.2693
81.0878
80.9001
80.7059
80.506
80.3001
80.0888
79.8723
79.6509
79.4248
79.1945
78.9604
78.7232
78.4832
78.2411
77.9974
77.7527
77.5075
77.2627
77.019
76.7771
76.5378
76.3017
76.0696
75.8425
75.6211
75.4062
75.1984
74.9986
74.8076
74.6263
74.4551
74.2948
74.146
74.0096
73.8859
73.7755
73.6786
73.5962
73.5281
73.4749
73.4367
73.4138
73.406
73.4138
73.4367
73.4749
73.5281
73.5962
73.6786
73.7755
73.8859
74.0096
74.146
74.2948
74.4551
74.6263
74.8076
74.9986
75.1984
75.4062
75.6211
75.8425
76.0696
76.3017
76.5378
76.7771
77.019
77.2627
77.5075
77.7527
77.9974
78.2411
78.4832
78.7232
78.9604
79.1945
79.4248
79.6509
79.8723
80.0888
80.3001
80.506
80.7059
80.9001
81.0878
81.2693
81.4443
81.6128
81.7747
81.9302
82.0789
82.2212
82.3567
82.4859
82.6084
82.7247
82.8346
82.9385
83.0363
83.1283
83.2143
83.2949
83.3694
83.4389
83.5027
83.5617
83.6152
83.664
83.7076
83.7466
83.7807
83.8101
83.835
83.8552
83.871
83.8821
83.8889
83.8911
80.7227
80.7204
80.7136
80.7023
80.6865
80.666
80.6409
80.6112
80.5767
80.5374
80.4931
80.444
80.3895
80.3302
80.265
80.1947
80.1186
80.037
79.9494
79.8558
79.7559
79.6498
79.537
79.4179
79.2919
79.1594
79.0199
78.8736
78.7201
78.5597
78.3921
78.2176
78.0359
77.8475
77.6522
77.4504
77.2419
77.0273
76.8064
76.5799
76.3478
76.1109
75.8693
75.6236
75.374
75.1215
74.8662
74.6091
74.3507
74.0918
73.833
73.5751
73.3188
73.0651
72.8146
72.5685
72.3272
72.0919
71.8632
71.6422
71.4296
71.2263
71.0329
70.8504
70.6795
70.521
70.3752
70.2432
70.1252
70.022
69.9337
69.8611
69.8042
69.7634
69.7388
69.7307
69.7388
69.7634
69.8042
69.8611
69.9337
70.022
70.1252
70.2432
70.3752
70.521
70.6795
70.8504
71.0329
71.2263
71.4296
71.6422
71.8632
72.0919
72.3272
72.5685
72.8146
73.0651
73.3188
73.5751
73.833
74.0918
74.3507
74.6091
74.8662
75.1215
75.374
75.6236
75.8693
76.1109
76.3478
76.5799
76.8064
77.0273
77.2419
77.4504
77.6522
77.8475
78.0359
78.2176
78.3921
78.5597
78.7201
78.8736
79.0199
79.1594
79.2919
79.4179
79.537
79.6498
79.7559
79.8558
79.9494
80.037
80.1186
80.1947
80.265
80.3302
80.3895
80.444
80.4931
80.5374
80.5767
80.6112
80.6409
80.666
80.6865
80.7023
80.7136
80.7204
80.7227
77.5582
77.5559
77.5491
77.5377
77.5217
77.5011
77.4759
77.4459
77.4112
77.3714
77.3269
77.2771
77.2224
77.1621
77.0967
77.0252
76.9483
76.8651
76.7761
76.6807
76.5791
76.4708
76.356
76.234
76.1053
75.9691
75.8258
75.6751
75.5171
75.3515
75.1785
74.998
74.81
74.6145
74.4117
74.2016
73.9845
73.7605
73.5301
73.2933
73.0507
72.8023
72.5488
72.2906
72.0284
71.7625
71.4938
71.2226
70.9499
70.6762
70.4026
70.1296
69.8584
69.5894
69.3238
69.0623
68.8061
68.556
68.3129
68.0776
67.8512
67.6345
67.4285
67.2339
67.0516
66.8823
66.7269
66.5859
66.4599
66.3495
66.2554
66.1776
66.1169
66.0732
66.047
66.0382
66.047
66.0732
66.1169
66.1776
66.2554
66.3495
66.4599
66.5859
66.7269
66.8823
67.0516
67.2339
67.4285
67.6345
67.8512
68.0776
68.3129
68.556
68.8061
69.0623
69.3238
69.5894
69.8584
70.1296
70.4026
70.6762
70.9499
71.2226
71.4938
71.7625
72.0284
72.2906
72.5488
72.8023
73.0507
73.2933
73.5301
73.7605
73.9845
74.2016
74.4117
74.6145
74.81
74.998
75.1785
75.3515
75.5171
75.6751
75.8258
75.9691
76.1053
76.234
76.356
76.4708
76.5791
76.6807
76.7761
76.8651
76.9483
77.0252
77.0967
77.1621
77.2224
77.2771
77.3269
77.3714
77.4112
77.4459
77.4759
77.5011
77.5217
77.5377
77.5491
77.5559
77.5582
74.3974
74.3951
74.3883
74.3769
74.3608
74.3401
74.3148
74.2846
74.2497
74.2099
74.165
74.1151
74.0597
73.9991
73.9327
73.8609
73.7829
73.6992
73.6088
73.5121
73.4086
73.2984
73.181
73.0567
72.9248
72.7856
72.6387
72.4841
72.3214
72.1509
71.9723
71.7857
71.5911
71.3886
71.1781
70.9599
70.734
70.5008
70.2602
70.0128
69.7589
69.4989
69.2331
68.9622
68.6865
68.4069
68.1237
67.8379
67.5501
67.2612
66.9719
66.6831
66.3956
66.1106
65.8289
65.5515
65.2793
65.0133
64.7547
64.5044
64.2633
64.0326
63.8129
63.6054
63.4109
63.2304
63.0643
62.9137
62.7791
62.6613
62.5605
62.4775
62.4126
62.3659
62.3378
62.3285
62.3378
62.3659
62.4126
62.4775
62.5605
62.6613
62.7791
62.9137
63.0643
63.2304
63.4109
63.6054
63.8129
64.0326
64.2633
64.5044
64.7547
65.0133
65.2793
65.5515
65.8289
66.1106
66.3956
66.6831
66.9719
67.2612
67.5501
67.8379
68.1237
68.4069
68.6865
68.9622
69.2331
69.4989
69.7589
70.0128
70.2602
70.5008
70.734
70.9599
71.1781
71.3886
71.5911
71.7857
71.9723
72.1509
72.3214
72.4841
72.6387
72.7856
72.9248
73.0567
73.181
73.2984
73.4086
73.5121
73.6088
73.6992
73.7829
73.8609
73.9327
73.9991
74.0597
74.1151
74.165
74.2099
74.2497
74.2846
74.3148
74.3401
74.3608
74.3769
74.3883
74.3951
74.3974
71.2414
71.2391
71.2322
71.2207
71.2047
71.1839
71.1585
71.1283
71.0933
71.0533
71.0083
70.9582
70.9029
70.8418
70.7752
70.7025
70.624
70.539
70.4479
70.3498
70.245
70.1331
70.0139
69.887
69.7525
69.61
69.4595
69.3008
69.1338
68.9583
68.7744
68.5818
68.3808
68.171
67.9528
67.7261
67.4912
67.2482
66.9976
66.7393
66.4739
66.2016
65.9231
65.6387
65.3492
65.055
64.7571
64.4558
64.1522
63.8469
63.5412
63.2356
62.9314
62.6292
62.3304
62.0359
61.7468
61.4642
61.1892
60.9227
60.666
60.4201
60.1861
59.9648
59.7573
59.5644
59.3873
59.2264
59.0827
58.9566
58.8491
58.7603
58.6908
58.6409
58.6109
58.6008
58.6109
58.6409
58.6908
58.7603
58.8491
58.9566
59.0827
59.2264
59.3873
59.5644
59.7573
59.9648
60.1861
60.4201
60.666
60.9227
61.1892
61.4642
61.7468
62.0359
62.3304
62.6292
62.9314
63.2356
63.5412
63.8469
64.1522
64.4558
64.7571
65.055
65.3492
65.6387
65.9231
66.2016
66.4739
66.7393
66.9976
67.2482
67.4912
67.7261
67.9528
68.171
68.3808
68.5818
68.7744
68.9583
69.1338
69.3008
69.4595
69.61
69.7525
69.887
70.0139
70.1331
70.245
70.3498
70.4479
70.539
70.624
70.7025
70.7752
70.8418
70.9029
70.9582
71.0083
71.0533
71.0933
71.1283
71.1585
71.1839
71.2047
71.2207
71.2322
71.2391
71.2414
68.089
68.0867
68.0798
68.0683
68.0523
68.0315
68.0061
67.976
67.941
67.9012
67.8561
67.8058
67.7502
67.6891
67.6222
67.5495
67.4704
67.3851
67.2929
67.194
67.0877
66.9742
66.853
66.7241
66.587
66.4417
66.2879
66.1254
65.954
65.7738
65.5843
65.3858
65.178
64.9612
64.7352
64.5001
64.2561
64.0033
63.7419
63.4725
63.1951
62.9103
62.6185
62.3204
62.0163
61.707
61.3933
61.0759
60.7557
60.4336
60.1103
59.7871
59.4648
59.1448
58.8279
58.5154
58.2083
57.9079
57.6153
57.3318
57.0585
56.7965
56.5469
56.311
56.0896
55.8839
55.6946
55.5228
55.3692
55.2347
55.1195
55.0247
54.9504
54.897
54.8649
54.8543
54.8649
54.897
54.9504
55.0247
55.1195
55.2347
55.3692
55.5228
55.6946
55.8839
56.0896
56.311
56.5469
56.7965
57.0585
57.3318
57.6153
57.9079
58.2083
58.5154
58.8279
59.1448
59.4648
59.7871
60.1103
60.4336
60.7557
61.0759
61.3933
61.707
62.0163
62.3204
62.6185
62.9103
63.1951
63.4725
63.7419
64.0033
64.2561
64.5001
64.7352
64.9612
65.178
65.3858
65.5843
65.7738
65.954
66.1254
66.2879
66.4417
66.587
66.7241
66.853
66.9742
67.0877
67.194
67.2929
67.3851
67.4704
67.5495
67.6222
67.6891
67.7502
67.8058
67.8561
67.9012
67.941
67.976
68.0061
68.0315
68.0523
68.0683
68.0798
68.0867
68.089
64.9413
64.9389
64.9321
64.9206
64.9045
64.8838
64.8585
64.8285
64.7935
64.7538
64.7091
64.6591
64.6036
64.5425
64.4756
64.4025
64.3233
64.2373
64.1448
64.045
63.9379
63.8231
63.7004
63.5694
63.4301
63.2819
63.1249
62.9587
62.7832
62.5982
62.4036
62.1991
61.9849
61.7607
61.5268
61.283
61.0297
60.7668
60.4948
60.2137
59.9241
59.6262
59.3207
59.008
58.6888
58.3638
58.0337
57.6993
57.3616
57.0214
56.6799
56.338
55.997
55.6577
55.3217
54.9899
54.6638
54.3445
54.0334
53.7315
53.4405
53.1613
52.8953
52.6436
52.4074
52.1877
51.9856
51.8021
51.638
51.494
51.3711
51.2696
51.1901
51.1331
51.0988
51.0872
51.0988
51.1331
51.1901
51.2696
51.3711
51.494
51.638
51.8021
51.9856
52.1877
52.4074
52.6436
52.8953
53.1613
53.4405
53.7315
54.0334
54.3445
54.6638
54.9899
55.3217
55.6577
55.997
56.338
56.6799
57.0214
57.3616
57.6993
58.0337
58.3638
58.6888
59.008
59.3207
59.6262
59.9241
60.2137
60.4948
60.7668
61.0297
61.283
61.5268
61.7607
61.9849
62.1991
62.4036
62.5982
62.7832
62.9587
63.1249
63.2819
63.4301
63.5694
63.7004
63.8231
63.9379
64.045
64.1448
64.2373
64.3233
64.4025
64.4756
64.5425
64.6036
64.6591
64.7091
64.7538
64.7935
64.8285
64.8585
64.8838
64.9045
64.9206
64.9321
64.9389
64.9413
61.7975
61.7952
61.7883
61.7768
61.7608
61.7402
61.7151
61.6853
61.6507
61.6111
61.5665
61.5168
61.4616
61.4009
61.3343
61.2615
61.1822
61.0964
61.0033
60.9031
60.795
60.6792
60.5551
60.4226
60.2811
60.1306
59.9706
59.801
59.6215
59.4319
59.2319
59.0217
58.8009
58.5696
58.3277
58.0754
57.8125
57.5394
57.2562
56.9633
56.6609
56.3496
56.0298
55.7021
55.3671
55.0255
54.6782
54.3261
53.9699
53.611
53.25
52.8884
52.5272
52.1678
51.8114
51.4593
51.1128
50.7734
50.4423
50.1212
49.8111
49.5136
49.2299
48.9614
48.7093
48.4747
48.2588
48.0627
47.8873
47.7335
47.6019
47.4934
47.4084
47.3474
47.3106
47.2984
47.3106
47.3474
47.4084
47.4934
47.6019
47.7335
47.8873
48.0627
48.2588
48.4747
48.7093
48.9614
49.2299
49.5136
49.8111
50.1212
50.4423
50.7734
51.1128
51.4593
51.8114
52.1678
52.5272
52.8884
53.25
53.611
53.9699
54.3261
54.6782
55.0255
55.3671
55.7021
56.0298
56.3496
56.6609
56.9633
57.2562
57.5394
57.8125
58.0754
58.3277
58.5696
58.8009
59.0217
59.2319
59.4319
59.6215
59.801
59.9706
60.1306
60.2811
60.4226
60.5551
60.6792
60.795
60.9031
61.0033
61.0964
61.1822
61.2615
61.3343
61.4009
61.4616
61.5168
61.5665
61.6111
61.6507
61.6853
61.7151
61.7402
61.7608
61.7768
61.7883
61.7952
61.7975
58.6583
58.656
58.6491
58.6376
58.6217
58.6012
58.5761
58.5466
58.5124
58.4734
58.4295
58.3802
58.3256
58.2653
58.1991
58.1266
58.0477
57.9618
57.869
57.7685
57.6603
57.5437
57.4186
57.2846
57.1414
56.9885
56.8258
56.653
56.4697
56.2757
56.0709
55.8548
55.6277
55.3891
55.1392
54.878
54.6055
54.3219
54.0275
53.7223
53.4069
53.0816
52.7469
52.4035
52.052
51.6932
51.3279
50.957
50.5815
50.2025
49.8211
49.4386
49.0563
48.6753
48.2973
47.9234
47.5554
47.1945
46.8423
46.5002
46.1699
45.8527
45.5502
45.2636
44.9944
44.7438
44.5132
44.3035
44.116
43.9514
43.8107
43.6946
43.6036
43.5383
43.499
43.4858
43.499
43.5383
43.6036
43.6946
43.8107
43.9514
44.116
44.3035
44.5132
44.7438
44.9944
45.2636
45.5502
45.8527
46.1699
46.5002
46.8423
47.1945
47.5554
47.9234
48.2973
48.6753
49.0563
49.4386
49.8211
50.2025
50.5815
50.957
51.3279
51.6932
52.052
52.4035
52.7469
53.0816
53.4069
53.7223
54.0275
54.3219
54.6055
54.878
55.1392
55.3891
55.6277
55.8548
56.0709
56.2757
56.4697
56.653
56.8258
56.9885
57.1414
57.2846
57.4186
57.5437
57.6603
57.7685
57.869
57.9618
58.0477
58.1266
58.1991
58.2653
58.3256
58.3802
58.4295
58.4734
58.5124
58.5466
58.5761
58.6012
58.6217
58.6376
58.6491
58.656
58.6583
55.5234
55.521
55.5141
55.5026
55.4867
55.4665
55.4417
55.4125
55.3787
55.3402
55.2969
55.2485
55.1947
55.1352
55.0698
54.9982
54.9198
54.8346
54.7419
54.6416
54.5331
54.4163
54.2905
54.1555
54.0108
53.8562
53.6911
53.5153
53.3284
53.1302
52.9204
52.6989
52.4653
52.2197
51.9618
51.6918
51.4096
51.1153
50.8092
50.4915
50.1625
49.8228
49.4728
49.1131
48.7443
48.3674
47.9831
47.5926
47.1967
46.7966
46.3936
45.989
45.584
45.1803
44.7792
44.3823
43.991
43.6072
43.2323
42.8681
42.516
42.1777
41.8549
41.549
41.2614
40.9937
40.7471
40.523
40.3223
40.1462
39.9956
39.8713
39.7739
39.704
39.6618
39.6478
39.6618
39.704
39.7739
39.8713
39.9956
40.1462
40.3223
40.523
40.7471
40.9937
41.2614
41.549
41.8549
42.1777
42.516
42.8681
43.2323
43.6072
43.991
44.3823
44.7792
45.1803
45.584
45.989
46.3936
46.7966
47.1967
47.5926
47.9831
48.3674
48.7443
49.1131
49.4728
49.8228
50.1625
50.4915
50.8092
51.1153
51.4096
51.6918
51.9618
52.2197
52.4653
52.6989
52.9204
53.1302
53.3284
53.5153
53.6911
53.8562
54.0108
54.1555
54.2905
54.4163
54.5331
54.6416
54.7419
54.8346
54.9198
54.9982
55.0698
55.1352
55.1947
55.2485
55.2969
55.3402
55.3787
55.4125
55.4417
55.4665
55.4867
55.5026
55.5141
55.521
55.5234
52.3929
52.3905
52.3833
52.3717
52.3556
52.3354
52.3111
52.2825
52.2495
52.2119
52.1694
52.122
52.0692
52.0108
51.9464
51.8758
51.7985
51.7141
51.6223
51.5224
51.4144
51.2975
51.1715
51.0358
50.89
50.7337
50.5666
50.3882
50.1981
49.996
49.7817
49.5547
49.3149
49.0622
48.7964
48.5174
48.2254
47.9203
47.6024
47.2718
46.9289
46.5742
46.2082
45.8314
45.4447
45.0489
44.6448
44.2334
43.816
43.3937
42.9678
42.5397
42.1108
41.6828
41.2571
40.8355
40.4197
40.0113
39.6122
39.224
38.8487
38.4878
38.1432
37.8164
37.5092
37.2229
36.9593
36.7194
36.5046
36.3161
36.1549
36.0217
35.9174
35.8425
35.7974
35.7823
35.7974
35.8425
35.9174
36.0217
36.1549
36.3161
36.5046
36.7194
36.9593
37.2229
37.5092
37.8164
38.1432
38.4878
38.8487
39.224
39.6122
40.0113
40.4197
40.8355
41.2571
41.6828
42.1108
42.5397
42.9678
43.3937
43.816
44.2334
44.6448
45.0489
45.4447
45.8314
46.2082
46.5742
46.9289
47.2718
47.6024
47.9203
48.2254
48.5174
48.7964
49.0622
49.3149
49.5547
49.7817
49.996
50.1981
50.3882
50.5666
50.7337
50.89
51.0358
51.1715
51.2975
51.4144
51.5224
51.6223
51.7141
51.7985
51.8758
51.9464
52.0108
52.0692
52.122
52.1694
52.2119
52.2495
52.2825
52.3111
52.3354
52.3556
52.3717
52.3833
52.3905
52.3929
49.2673
49.2647
49.2572
49.2454
49.2294
49.2093
49.1853
49.1572
49.1249
49.0883
49.047
49.0009
48.9495
48.8926
48.8297
48.7605
48.6846
48.6015
48.5107
48.4119
48.3045
48.1881
48.0622
47.9263
47.7799
47.6226
47.4538
47.2731
47.0801
46.8744
46.6556
46.4235
46.1777
45.9181
45.6444
45.3565
45.0545
44.7384
44.4083
44.0646
43.7074
43.3372
42.9546
42.5602
42.1546
41.7389
41.3139
40.8808
40.4406
39.9947
39.5445
39.0915
38.6371
38.1832
37.7314
37.2834
36.8412
36.4065
35.9814
35.5677
35.1673
34.7821
34.414
34.0648
33.7363
33.4302
33.148
32.8912
32.6612
32.4593
32.2865
32.1438
32.032
31.9517
31.9033
31.8872
31.9033
31.9517
32.032
32.1438
32.2865
32.4593
32.6612
32.8912
33.148
33.4302
33.7363
34.0648
34.414
34.7821
35.1673
35.5677
35.9814
36.4065
36.8412
37.2834
37.7314
38.1832
38.6371
39.0915
39.5445
39.9947
40.4406
40.8808
41.3139
41.7389
42.1546
42.5602
42.9546
43.3372
43.7074
44.0646
44.4083
44.7384
45.0545
45.3565
45.6444
45.9181
46.1777
46.4235
46.6556
46.8744
47.0801
47.2731
47.4538
47.6226
47.7799
47.9263
48.0622
48.1881
48.3045
48.4119
48.5107
48.6015
48.6846
48.7605
48.8297
48.8926
48.9495
49.0009
49.047
49.0883
49.1249
49.1572
49.1853
49.2093
49.2294
49.2454
49.2572
49.2647
49.2673
46.1466
46.1434
46.1349
46.1223
46.106
46.0861
46.0626
46.0354
46.0042
45.9688
45.929
45.8844
45.8347
45.7796
45.7185
45.6512
45.577
45.4956
45.4066
45.3092
45.2031
45.0876
44.9624
44.8267
44.6801
44.5221
44.3521
44.1696
43.9741
43.7652
43.5424
43.3054
43.0538
42.7874
42.5059
42.2091
41.8972
41.57
41.2276
40.8703
40.4984
40.1122
39.7123
39.2995
38.8743
38.4378
37.9909
37.5348
37.0706
36.5998
36.1239
35.6444
35.163
34.6814
34.2017
33.7255
33.2551
32.7923
32.3393
31.8981
31.4708
31.0594
30.6661
30.2928
29.9414
29.6137
29.3116
29.0365
28.7901
28.5736
28.3884
28.2354
28.1154
28.0293
27.9774
27.96
27.9774
28.0293
28.1154
28.2354
28.3884
28.5736
28.7901
29.0365
29.3116
29.6137
29.9414
30.2928
30.6661
31.0594
31.4708
31.8981
32.3393
32.7923
33.2551
33.7255
34.2017
34.6814
35.163
35.6444
36.1239
36.5998
37.0706
37.5348
37.9909
38.4378
38.8743
39.2995
39.7123
40.1122
40.4984
40.8703
41.2276
41.57
41.8972
42.2091
42.5059
42.7874
43.0538
43.3054
43.5424
43.7652
43.9741
44.1696
44.3521
44.5221
44.6801
44.8267
44.9624
45.0876
45.2031
45.3092
45.4066
45.4956
45.577
45.6512
45.7185
45.7796
45.8347
45.8844
45.929
45.9688
46.0042
46.0354
46.0626
46.0861
46.106
46.1223
46.1349
46.1434
46.1466
43.0322
43.0274
43.0175
43.0038
42.9871
42.9673
42.9443
42.9179
42.888
42.8542
42.8161
42.7735
42.726
42.673
42.6142
42.5492
42.4773
42.3982
42.3111
42.2157
42.1113
41.9974
41.8733
41.7385
41.5923
41.4341
41.2634
41.0796
40.882
40.6703
40.4439
40.2023
39.9452
39.6722
39.383
39.0776
38.7556
38.4171
38.0622
37.6911
37.3039
36.9013
36.4836
36.0515
35.6058
35.1475
34.6775
34.1972
33.7077
33.2105
32.7072
32.1995
31.6893
31.1783
30.6686
30.1624
29.6617
29.1687
28.6856
28.2149
27.7586
27.3191
26.8985
26.4991
26.123
25.772
25.4483
25.1535
24.8892
24.6571
24.4583
24.2941
24.1654
24.0729
24.0172
23.9986
24.0172
24.0729
24.1654
24.2941
24.4583
24.6571
24.8892
25.1535
25.4483
25.772
26.123
26.4991
26.8985
27.3191
27.7586
28.2149
28.6856
29.1687
29.6617
30.1624
30.6686
31.1783
31.6893
32.1995
32.7072
33.2105
33.7077
34.1972
34.6775
35.1475
35.6058
36.0515
36.4836
36.9013
37.3039
37.6911
38.0622
38.4171
38.7556
39.0776
39.383
39.6722
39.9452
40.2023
40.4439
40.6703
40.882
41.0796
41.2634
41.4341
41.5923
41.7385
41.8733
41.9974
42.1113
42.2157
42.3111
42.3982
42.4773
42.5492
42.6142
42.673
42.726
42.7735
42.8161
42.8542
42.888
42.9179
42.9443
42.9673
42.9871
43.0038
43.0175
43.0274
43.0322
39.9279
39.9163
39.903
39.8879
39.8707
39.8511
39.8289
39.8037
39.7754
39.7434
39.7075
39.6672
39.6222
39.5718
39.5158
39.4535
39.3845
39.3081
39.2237
39.1309
39.0288
38.917
38.7947
38.6613
38.516
38.3583
38.1875
38.0028
37.8038
37.5897
37.3601
37.1144
36.8521
36.5728
36.2762
35.9621
35.6301
35.2804
34.9128
34.5275
34.1248
33.7051
33.2689
32.8169
32.3498
31.8686
31.3744
30.8685
30.3522
29.827
29.2948
28.7572
28.2161
27.6737
27.1321
26.5936
26.0604
25.535
25.0198
24.5172
24.0297
23.5598
23.1098
22.6822
22.2793
21.9033
21.5561
21.2399
20.9564
20.7072
20.4938
20.3175
20.1792
20.0798
20.02
20
20.02
20.0798
20.1792
20.3175
20.4938
20.7072
20.9564
21.2399
21.5561
21.9033
22.2793
22.6822
23.1098
23.5598
24.0297
24.5172
25.0198
25.535
26.0604
26.5936
27.1321
27.6737
28.2161
28.7572
29.2948
29.827
30.3522
30.8685
31.3744
31.8686
32.3498
32.8169
33.2689
33.7051
34.1248
34.5275
34.9128
35.2804
35.6301
35.9621
36.2762
36.5728
36.8521
37.1144
37.3601
37.5897
37.8038
38.0028
38.1875
38.3583
38.516
38.6613
38.7947
38.917
39.0288
39.1309
39.2237
39.3081
39.3845
39.4535
39.5158
39.5718
39.6222
39.6672
39.7075
39.7434
39.7754
39.8037
39.8289
39.8511
39.8707
39.8879
39.903
39.9163
39.9279
