200
200
200
200
200
200
200
200
200
200
200
200
200
200
200
200
200
200
200
200
200
200
200
200
200
200
200
200
200
200
200
200
200
200
200
200
200
200
200
200
200
200
200
200
200
200
200
200
200
200
200
200
200
200
200
200
200
200
200
200
200
200
200
200
200
200
200
200
200
200
200
200
200
200
200
200
200
200
200
200
200
200
200
200
200
200
200
200
200
200
200
200
200
200
200
200
200
200
200
200
200
200
200
200
200
200
200
200
200
200
200
200
200
200
200
200
200
200
200
200
200
200
200
200
200
200
200
200
200
200
200
200
200
200
200
200
200
200
200
200
200
200
200
200
200
200
200
200
200
200
200
196.75
196.751
196.75
196.75
196.749
196.749
196.747
196.747
196.744
196.745
196.741
196.741
196.737
196.737
196.733
196.732
196.728
196.726
196.724
196.72
196.719
196.713
196.712
196.707
196.705
196.701
196.696
196.695
196.688
196.687
196.682
196.677
196.676
196.667
196.667
196.66
196.656
196.654
196.647
196.645
196.639
196.635
196.631
196.626
196.622
196.618
196.613
196.609
196.604
196.6
196.596
196.592
196.588
196.584
196.58
196.576
196.572
196.568
196.565
196.562
196.558
196.555
196.552
196.55
196.547
196.545
196.543
196.541
196.539
196.537
196.536
196.535
196.534
196.533
196.533
196.533
196.533
196.533
196.534
196.535
196.536
196.537
196.539
196.541
196.543
196.545
196.547
196.55
196.552
196.555
196.558
196.562
196.565
196.568
196.572
196.576
196.58
196.584
196.588
196.592
196.596
196.6
196.604
196.609
196.613
196.618
196.622
196.626
196.631
196.635
196.639
196.645
196.647
196.654
196.656
196.66
196.667
196.667
196.676
196.677
196.682
196.687
196.688
196.695
196.696
196.701
196.705
196.707
196.712
196.713
196.719
196.72
196.724
196.726
196.728
196.732
196.733
196.737
196.737
196.741
196.741
196.745
196.744
196.747
196.747
196.749
196.749
196.75
196.75
196.751
196.75
193.503
193.502
193.502
193.501
193.5
193.498
193.496
193.494
193.491
193.488
193.485
193.481
193.477
193.472
193.468
193.463
193.458
193.452
193.446
193.44
193.433
193.428
193.42
193.414
193.406
193.399
193.392
193.383
193.377
193.367
193.36
193.352
193.341
193.337
193.324
193.319
193.309
193.299
193.294
193.281
193.276
193.265
193.257
193.249
193.24
193.232
193.223
193.215
193.207
193.199
193.191
193.183
193.176
193.168
193.161
193.154
193.148
193.141
193.135
193.129
193.123
193.118
193.113
193.108
193.104
193.1
193.096
193.093
193.09
193.087
193.085
193.083
193.082
193.081
193.08
193.08
193.08
193.081
193.082
193.083
193.085
193.087
193.09
193.093
193.096
193.1
193.104
193.108
193.113
193.118
193.123
193.129
193.135
193.141
193.148
193.154
193.161
193.168
193.176
193.183
193.191
193.199
193.207
193.215
193.223
193.232
193.24
193.249
193.257
193.265
193.276
193.281
193.294
193.299
193.309
193.319
193.324
193.337
193.341
193.352
193.36
193.367
193.377
193.383
193.392
193.399
193.406
193.414
193.42
193.428
193.433
193.44
193.446
193.452
193.458
193.463
193.468
193.472
193.477
193.481
193.485
193.488
193.491
193.494
193.496
193.498
193.5
193.501
193.502
193.502
193.503
190.254
190.253
190.253
190.251
190.249
190.246
190.244
190.24
190.237
190.231
190.227
190.22
190.216
190.207
190.202
190.193
190.186
190.177
190.168
190.16
190.148
190.141
190.128
190.12
190.107
190.097
190.086
190.073
190.063
190.048
190.038
190.024
190.013
189.999
189.988
189.972
189.962
189.948
189.934
189.924
189.907
189.898
189.883
189.871
189.858
189.845
189.833
189.821
189.809
189.797
189.785
189.774
189.763
189.752
189.742
189.732
189.722
189.713
189.704
189.696
189.687
189.68
189.673
189.666
189.66
189.654
189.649
189.644
189.64
189.636
189.633
189.631
189.629
189.627
189.626
189.626
189.626
189.627
189.629
189.631
189.633
189.636
189.64
189.644
189.649
189.654
189.66
189.666
189.673
189.68
189.687
189.696
189.704
189.713
189.722
189.732
189.742
189.752
189.763
189.774
189.785
189.797
189.809
189.821
189.833
189.845
189.858
189.871
189.883
189.898
189.907
189.924
189.934
189.948
189.962
189.972
189.988
189.999
190.013
190.024
190.038
190.048
190.063
190.073
190.086
190.097
190.107
190.12
190.128
190.141
190.148
190.16
190.168
190.177
190.186
190.193
190.202
190.207
190.216
190.22
190.227
190.231
190.237
190.24
190.244
190.246
190.249
190.251
190.253
190.253
190.254
187.006
187.006
187.004
187.003
187
186.997
186.993
186.989
186.983
186.977
186.97
186.963
186.954
186.946
186.936
186.927
186.916
186.905
186.894
186.881
186.87
186.855
186.843
186.827
186.815
186.799
186.783
186.77
186.751
186.739
186.719
186.705
186.687
186.67
186.654
186.636
186.618
186.603
186.584
186.566
186.551
186.53
186.516
186.497
186.48
186.463
186.446
186.43
186.413
186.397
186.381
186.366
186.35
186.336
186.321
186.307
186.294
186.281
186.268
186.256
186.245
186.234
186.224
186.214
186.205
186.197
186.19
186.183
186.177
186.172
186.167
186.164
186.161
186.159
186.158
186.157
186.158
186.159
186.161
186.164
186.167
186.172
186.177
186.183
186.19
186.197
186.205
186.214
186.224
186.234
186.245
186.256
186.268
186.281
186.294
186.307
186.321
186.336
186.35
186.366
186.381
186.397
186.413
186.43
186.446
186.463
186.48
186.497
186.516
186.53
186.551
186.566
186.584
186.603
186.618
186.636
186.654
186.67
186.687
186.705
186.719
186.739
186.751
186.77
186.783
186.799
186.815
186.827
186.843
186.855
186.87
186.881
186.894
186.905
186.916
186.927
186.936
186.946
186.954
186.963
186.97
186.977
186.983
186.989
186.993
186.997
187
187.003
187.004
187.006
187.006
183.759
183.758
183.757
183.754
183.752
183.747
183.742
183.737
183.729
183.723
183.713
183.706
183.694
183.685
183.671
183.661
183.646
183.634
183.618
183.604
183.589
183.572
183.556
183.537
183.521
183.501
183.484
183.463
183.445
183.423
183.405
183.382
183.363
183.341
183.319
183.3
183.276
183.255
183.234
183.21
183.189
183.169
183.144
183.125
183.102
183.081
183.059
183.038
183.017
182.997
182.977
182.957
182.937
182.918
182.9
182.882
182.864
182.848
182.831
182.816
182.801
182.787
182.774
182.762
182.75
182.74
182.73
182.721
182.714
182.707
182.701
182.696
182.693
182.69
182.688
182.688
182.688
182.69
182.693
182.696
182.701
182.707
182.714
182.721
182.73
182.74
182.75
182.762
182.774
182.787
182.801
182.816
182.831
182.848
182.864
182.882
182.9
182.918
182.937
182.957
182.977
182.997
183.017
183.038
183.059
183.081
183.102
183.125
183.144
183.169
183.189
183.21
183.234
183.255
183.276
183.3
183.319
183.341
183.363
183.382
183.405
183.423
183.445
183.463
183.484
183.501
183.521
183.537
183.556
183.572
183.589
183.604
183.618
183.634
183.646
183.661
183.671
183.685
183.694
183.706
183.713
183.723
183.729
183.737
183.742
183.747
183.752
183.754
183.757
183.758
183.759
180.512
180.511
180.509
180.507
180.503
180.498
180.492
180.485
180.477
180.467
180.458
180.446
180.435
180.42
180.408
180.392
180.378
180.359
180.343
180.325
180.305
180.287
180.264
180.247
180.221
180.203
180.177
180.156
180.131
180.107
180.083
180.058
180.032
180.008
179.981
179.955
179.93
179.902
179.877
179.851
179.823
179.798
179.773
179.743
179.721
179.693
179.668
179.643
179.618
179.594
179.57
179.546
179.523
179.501
179.479
179.458
179.438
179.418
179.399
179.381
179.364
179.347
179.332
179.318
179.304
179.292
179.281
179.27
179.261
179.254
179.247
179.241
179.237
179.234
179.232
179.232
179.232
179.234
179.237
179.241
179.247
179.254
179.261
179.27
179.281
179.292
179.304
179.318
179.332
179.347
179.364
179.381
179.399
179.418
179.438
179.458
179.479
179.501
179.523
179.546
179.57
179.594
179.618
179.643
179.668
179.693
179.721
179.743
179.773
179.798
179.823
179.851
179.877
179.902
179.93
179.955
179.981
180.008
180.032
180.058
180.083
180.107
180.131
180.156
180.177
180.203
180.221
180.247
180.264
180.287
180.305
180.325
180.343
180.359
180.378
180.392
180.408
180.42
180.435
180.446
180.458
180.467
180.477
180.485
180.492
180.498
180.503
180.507
180.509
180.511
180.512
177.266
177.268
177.264
177.263
177.256
177.252
177.244
177.237
177.226
177.217
177.204
177.191
177.177
177.161
177.146
177.127
177.11
177.089
177.07
177.047
177.026
177.002
176.979
176.953
176.929
176.901
176.877
176.847
176.821
176.791
176.762
176.734
176.703
176.674
176.644
176.612
176.582
176.552
176.519
176.49
176.46
176.427
176.398
176.368
176.335
176.308
176.277
176.248
176.219
176.191
176.163
176.136
176.11
176.084
176.059
176.034
176.011
175.989
175.967
175.946
175.927
175.908
175.891
175.875
175.859
175.845
175.833
175.821
175.811
175.802
175.795
175.789
175.784
175.78
175.778
175.778
175.778
175.78
175.784
175.789
175.795
175.802
175.811
175.821
175.833
175.845
175.859
175.875
175.891
175.908
175.927
175.946
175.967
175.989
176.011
176.034
176.059
176.084
176.11
176.136
176.163
176.191
176.219
176.248
176.277
176.308
176.335
176.368
176.398
176.427
176.46
176.49
176.519
176.552
176.582
176.612
176.644
176.674
176.703
176.734
176.762
176.791
176.821
176.847
176.877
176.901
176.929
176.953
176.979
177.002
177.026
177.047
177.07
177.089
177.11
177.127
177.146
177.161
177.177
177.191
177.204
177.217
177.226
177.237
177.244
177.252
177.256
177.263
177.264
177.268
177.266
174.023
174.021
174.021
174.015
174.012
174.004
173.997
173.987
173.977
173.964
173.951
173.936
173.919
173.903
173.883
173.865
173.841
173.822
173.795
173.774
173.746
173.722
173.693
173.665
173.636
173.606
173.575
173.544
173.512
173.48
173.446
173.413
173.38
173.343
173.31
173.275
173.239
173.204
173.169
173.131
173.098
173.063
173.025
172.992
172.958
172.92
172.889
172.854
172.821
172.788
172.756
172.725
172.694
172.664
172.635
172.607
172.58
172.554
172.529
172.505
172.482
172.461
172.44
172.421
172.404
172.388
172.373
172.36
172.348
172.338
172.329
172.322
172.316
172.312
172.31
172.309
172.31
172.312
172.316
172.322
172.329
172.338
172.348
172.36
172.373
172.388
172.404
172.421
172.44
172.461
172.482
172.505
172.529
172.554
172.58
172.607
172.635
172.664
172.694
172.725
172.756
172.788
172.821
172.854
172.889
172.92
172.958
172.992
173.025
173.063
173.098
173.131
173.169
173.204
173.239
173.275
173.31
173.343
173.38
173.413
173.446
173.48
173.512
173.544
173.575
173.606
173.636
173.665
173.693
173.722
173.746
173.774
173.795
173.822
173.841
173.865
173.883
173.903
173.919
173.936
173.951
173.964
173.977
173.987
173.997
174.004
174.012
174.015
174.021
174.021
174.023
170.78
170.778
170.776
170.771
170.767
170.758
170.751
170.739
170.728
170.713
170.7
170.681
170.665
170.644
170.625
170.601
170.579
170.552
170.528
170.499
170.473
170.441
170.412
170.379
170.347
170.314
170.279
170.245
170.208
170.172
170.135
170.096
170.059
170.02
169.979
169.942
169.9
169.86
169.821
169.78
169.738
169.7
169.66
169.618
169.579
169.542
169.499
169.463
169.424
169.386
169.35
169.313
169.278
169.243
169.21
169.177
169.146
169.115
169.086
169.058
169.032
169.007
168.983
168.961
168.94
168.921
168.904
168.888
168.875
168.862
168.852
168.844
168.837
168.832
168.829
168.829
168.829
168.832
168.837
168.844
168.852
168.862
168.875
168.888
168.904
168.921
168.94
168.961
168.983
169.007
169.032
169.058
169.086
169.115
169.146
169.177
169.21
169.243
169.278
169.313
169.35
169.386
169.424
169.463
169.499
169.542
169.579
169.618
169.66
169.7
169.738
169.78
169.821
169.86
169.9
169.942
169.979
170.02
170.059
170.096
170.135
170.172
170.208
170.245
170.279
170.314
170.347
170.379
170.412
170.441
170.473
170.499
170.528
170.552
170.579
170.601
170.625
170.644
170.665
170.681
170.7
170.713
170.728
170.739
170.751
170.758
170.767
170.771
170.776
170.778
170.78
167.537
167.538
167.534
167.531
167.523
167.517
167.505
167.495
167.48
167.467
167.448
167.432
167.41
167.391
167.365
167.343
167.315
167.288
167.259
167.229
167.197
167.164
167.13
167.095
167.059
167.022
166.983
166.944
166.905
166.863
166.822
166.779
166.736
166.694
166.649
166.604
166.561
166.515
166.47
166.426
166.38
166.333
166.29
166.246
166.199
166.155
166.114
166.067
166.027
165.983
165.942
165.901
165.861
165.823
165.785
165.748
165.713
165.679
165.646
165.614
165.584
165.556
165.529
165.504
165.481
165.46
165.44
165.423
165.407
165.393
165.382
165.372
165.365
165.359
165.356
165.355
165.356
165.359
165.365
165.372
165.382
165.393
165.407
165.423
165.44
165.46
165.481
165.504
165.529
165.556
165.584
165.614
165.646
165.679
165.713
165.748
165.785
165.823
165.861
165.901
165.942
165.983
166.027
166.067
166.114
166.155
166.199
166.246
166.29
166.333
166.38
166.426
166.47
166.515
166.561
166.604
166.649
166.694
166.736
166.779
166.822
166.863
166.905
166.944
166.983
167.022
167.059
167.095
167.13
167.164
167.197
167.229
167.259
167.288
167.315
167.343
167.365
167.391
167.41
167.432
167.448
167.467
167.48
167.495
167.505
167.517
167.523
167.531
167.534
167.538
167.537
164.298
164.296
164.294
164.288
164.282
164.272
164.262
164.249
164.235
164.217
164.2
164.179
164.158
164.133
164.108
164.08
164.052
164.021
163.99
163.955
163.921
163.884
163.846
163.808
163.767
163.726
163.683
163.64
163.595
163.55
163.503
163.457
163.408
163.361
163.312
163.262
163.213
163.165
163.113
163.063
163.014
162.964
162.912
162.865
162.816
162.765
162.717
162.672
162.621
162.577
162.531
162.487
162.443
162.401
162.36
162.32
162.282
162.244
162.209
162.175
162.143
162.112
162.083
162.057
162.032
162.009
161.988
161.969
161.952
161.937
161.925
161.915
161.907
161.901
161.898
161.897
161.898
161.901
161.907
161.915
161.925
161.937
161.952
161.969
161.988
162.009
162.032
162.057
162.083
162.112
162.143
162.175
162.209
162.244
162.282
162.32
162.36
162.401
162.443
162.487
162.531
162.577
162.621
162.672
162.717
162.765
162.816
162.865
162.912
162.964
163.014
163.063
163.113
163.165
163.213
163.262
163.312
163.361
163.408
163.457
163.503
163.55
163.595
163.64
163.683
163.726
163.767
163.808
163.846
163.884
163.921
163.955
163.99
164.021
164.052
164.08
164.108
164.133
164.158
164.179
164.2
164.217
164.235
164.249
164.262
164.272
164.282
164.288
164.294
164.296
164.298
161.06
161.061
161.055
161.052
161.043
161.034
161.021
161.009
160.991
160.974
160.953
160.931
160.907
160.881
160.854
160.823
160.792
160.758
160.723
160.686
160.647
160.607
160.565
160.523
160.478
160.432
160.386
160.337
160.288
160.238
160.187
160.135
160.083
160.028
159.976
159.921
159.866
159.812
159.758
159.7
159.646
159.592
159.537
159.481
159.429
159.376
159.322
159.269
159.221
159.168
159.12
159.071
159.024
158.979
158.934
158.892
158.85
158.811
158.773
158.736
158.702
158.67
158.639
158.611
158.584
158.56
158.538
158.518
158.5
158.485
158.472
158.461
158.453
158.447
158.443
158.442
158.443
158.447
158.453
158.461
158.472
158.485
158.5
158.518
158.538
158.56
158.584
158.611
158.639
158.67
158.702
158.736
158.773
158.811
158.85
158.892
158.934
158.979
159.024
159.071
159.12
159.168
159.221
159.269
159.322
159.376
159.429
159.481
159.537
159.592
159.646
159.7
159.758
159.812
159.866
159.921
159.976
160.028
160.083
160.135
160.187
160.238
160.288
160.337
160.386
160.432
160.478
160.523
160.565
160.607
160.647
160.686
160.723
160.758
160.792
160.823
160.854
160.881
160.907
160.931
160.953
160.974
160.991
161.009
161.021
161.034
161.043
161.052
161.055
161.061
161.06
157.825
157.823
157.821
157.814
157.807
157.795
157.783
157.767
157.751
157.73
157.71
157.685
157.659
157.631
157.6
157.568
157.533
157.498
157.458
157.42
157.376
157.334
157.288
157.241
157.193
157.142
157.091
157.039
156.984
156.931
156.874
156.817
156.76
156.702
156.642
156.584
156.523
156.463
156.403
156.344
156.282
156.221
156.163
156.104
156.043
155.985
155.929
155.871
155.814
155.762
155.706
155.655
155.603
155.554
155.506
155.459
155.414
155.371
155.33
155.291
155.254
155.219
155.186
155.156
155.127
155.101
155.077
155.056
155.037
155.02
155.006
154.995
154.986
154.98
154.976
154.975
154.976
154.98
154.986
154.995
155.006
155.02
155.037
155.056
155.077
155.101
155.127
155.156
155.186
155.219
155.254
155.291
155.33
155.371
155.414
155.459
155.506
155.554
155.603
155.655
155.706
155.762
155.814
155.871
155.929
155.985
156.043
156.104
156.163
156.221
156.282
156.344
156.403
156.463
156.523
156.584
156.642
156.702
156.76
156.817
156.874
156.931
156.984
157.039
157.091
157.142
157.193
157.241
157.288
157.334
157.376
157.42
157.458
157.498
157.533
157.568
157.6
157.631
157.659
157.685
157.71
157.73
157.751
157.767
157.783
157.795
157.807
157.814
157.821
157.823
157.825
154.589
154.588
154.585
154.578
154.57
154.558
154.545
154.529
154.511
154.49
154.467
154.441
154.413
154.383
154.351
154.316
154.279
154.24
154.2
154.156
154.112
154.064
154.017
153.965
153.914
153.859
153.804
153.748
153.689
153.63
153.57
153.507
153.446
153.383
153.318
153.253
153.19
153.123
153.057
152.991
152.927
152.86
152.793
152.729
152.666
152.6
152.537
152.476
152.414
152.352
152.296
152.236
152.181
152.125
152.072
152.021
151.972
151.924
151.879
151.835
151.794
151.756
151.719
151.685
151.654
151.625
151.598
151.575
151.554
151.535
151.52
151.507
151.497
151.49
151.486
151.485
151.486
151.49
151.497
151.507
151.52
151.535
151.554
151.575
151.598
151.625
151.654
151.685
151.719
151.756
151.794
151.835
151.879
151.924
151.972
152.021
152.072
152.125
152.181
152.236
152.296
152.352
152.414
152.476
152.537
152.6
152.666
152.729
152.793
152.86
152.927
152.991
153.057
153.123
153.19
153.253
153.318
153.383
153.446
153.507
153.57
153.63
153.689
153.748
153.804
153.859
153.914
153.965
154.017
154.064
154.112
154.156
154.2
154.24
154.279
154.316
154.351
154.383
154.413
154.441
154.467
154.49
154.511
154.529
154.545
154.558
154.57
154.578
154.585
154.588
154.589
151.357
151.355
151.352
151.345
151.336
151.324
151.31
151.293
151.274
151.252
151.227
151.201
151.171
151.14
151.105
151.069
151.029
150.989
150.945
150.9
150.852
150.802
150.75
150.697
150.641
150.584
150.524
150.464
150.402
150.338
150.274
150.208
150.14
150.073
150.003
149.933
149.862
149.793
149.721
149.648
149.576
149.506
149.434
149.361
149.291
149.222
149.151
149.082
149.015
148.949
148.881
148.82
148.755
148.695
148.636
148.578
148.523
148.47
148.419
148.37
148.324
148.28
148.239
148.201
148.165
148.132
148.102
148.075
148.052
148.031
148.013
147.999
147.987
147.979
147.974
147.973
147.974
147.979
147.987
147.999
148.013
148.031
148.052
148.075
148.102
148.132
148.165
148.201
148.239
148.28
148.324
148.37
148.419
148.47
148.523
148.578
148.636
148.695
148.755
148.82
148.881
148.949
149.015
149.082
149.151
149.222
149.291
149.361
149.434
149.506
149.576
149.648
149.721
149.793
149.862
149.933
150.003
150.073
150.14
150.208
150.274
150.338
150.402
150.464
150.524
150.584
150.641
150.697
150.75
150.802
150.852
150.9
150.945
150.989
151.029
151.069
151.105
151.14
151.171
151.201
151.227
151.252
151.274
151.293
151.31
151.324
151.336
151.345
151.352
151.355
151.357
148.123
148.122
148.118
148.111
148.101
148.09
148.074
148.057
148.036
148.014
147.988
147.96
147.929
147.896
147.86
147.822
147.781
147.737
147.693
147.644
147.595
147.541
147.487
147.43
147.372
147.311
147.249
147.184
147.119
147.05
146.981
146.911
146.839
146.765
146.693
146.617
146.541
146.464
146.388
146.31
146.232
146.153
146.077
145.999
145.92
145.842
145.768
145.692
145.616
145.543
145.471
145.398
145.33
145.261
145.196
145.131
145.069
145.01
144.952
144.897
144.845
144.796
144.749
144.706
144.665
144.628
144.594
144.564
144.536
144.513
144.493
144.476
144.463
144.454
144.448
144.447
144.448
144.454
144.463
144.476
144.493
144.513
144.536
144.564
144.594
144.628
144.665
144.706
144.749
144.796
144.845
144.897
144.952
145.01
145.069
145.131
145.196
145.261
145.33
145.398
145.471
145.543
145.616
145.692
145.768
145.842
145.92
145.999
146.077
146.153
146.232
146.31
146.388
146.464
146.541
146.617
146.693
146.765
146.839
146.911
146.981
147.05
147.119
147.184
147.249
147.311
147.372
147.43
147.487
147.541
147.595
147.644
147.693
147.737
147.781
147.822
147.86
147.896
147.929
147.96
147.988
148.014
148.036
148.057
148.074
148.09
148.101
148.111
148.118
148.122
148.123
144.893
144.892
144.887
144.881
144.87
144.858
144.842
144.824
144.803
144.779
144.752
144.723
144.691
144.656
144.619
144.579
144.537
144.491
144.443
144.394
144.34
144.286
144.228
144.17
144.107
144.043
143.977
143.909
143.839
143.768
143.694
143.619
143.543
143.465
143.385
143.306
143.224
143.141
143.057
142.975
142.891
142.806
142.72
142.637
142.553
142.469
142.383
142.302
142.22
142.138
142.058
141.981
141.902
141.828
141.754
141.683
141.614
141.547
141.483
141.421
141.363
141.307
141.255
141.206
141.16
141.118
141.08
141.045
141.015
140.988
140.965
140.946
140.931
140.921
140.915
140.912
140.915
140.921
140.931
140.946
140.965
140.988
141.015
141.045
141.08
141.118
141.16
141.206
141.255
141.307
141.363
141.421
141.483
141.547
141.614
141.683
141.754
141.828
141.902
141.981
142.058
142.138
142.22
142.302
142.383
142.469
142.553
142.637
142.72
142.806
142.891
142.975
143.057
143.141
143.224
143.306
143.385
143.465
143.543
143.619
143.694
143.768
143.839
143.909
143.977
144.043
144.107
144.17
144.228
144.286
144.34
144.394
144.443
144.491
144.537
144.579
144.619
144.656
144.691
144.723
144.752
144.779
144.803
144.824
144.842
144.858
144.87
144.881
144.887
144.892
144.893
141.663
141.662
141.657
141.65
141.64
141.627
141.611
141.592
141.57
141.545
141.517
141.487
141.454
141.417
141.379
141.336
141.293
141.245
141.195
141.143
141.088
141.03
140.971
140.907
140.844
140.775
140.707
140.634
140.561
140.485
140.408
140.327
140.247
140.164
140.079
139.992
139.907
139.819
139.73
139.639
139.549
139.459
139.368
139.275
139.183
139.093
139.002
138.91
138.821
138.734
138.645
138.559
138.476
138.391
138.312
138.232
138.156
138.083
138.012
137.943
137.878
137.817
137.759
137.704
137.653
137.606
137.563
137.525
137.49
137.46
137.435
137.414
137.397
137.385
137.378
137.376
137.378
137.385
137.397
137.414
137.435
137.46
137.49
137.525
137.563
137.606
137.653
137.704
137.759
137.817
137.878
137.943
138.012
138.083
138.156
138.232
138.312
138.391
138.476
138.559
138.645
138.734
138.821
138.91
139.002
139.093
139.183
139.275
139.368
139.459
139.549
139.639
139.73
139.819
139.907
139.992
140.079
140.164
140.247
140.327
140.408
140.485
140.561
140.634
140.707
140.775
140.844
140.907
140.971
141.03
141.088
141.143
141.195
141.245
141.293
141.336
141.379
141.417
141.454
141.487
141.517
141.545
141.57
141.592
141.611
141.627
141.64
141.65
141.657
141.662
141.663
138.436
138.434
138.43
138.422
138.412
138.398
138.381
138.361
138.339
138.313
138.285
138.253
138.219
138.181
138.14
138.097
138.05
138.002
137.949
137.895
137.837
137.777
137.714
137.649
137.581
137.511
137.437
137.363
137.284
137.204
137.122
137.038
136.951
136.864
136.775
136.684
136.59
136.496
136.402
136.306
136.208
136.11
136.012
135.915
135.815
135.716
135.619
135.522
135.423
135.327
135.233
135.139
135.046
134.957
134.867
134.782
134.698
134.618
134.54
134.465
134.393
134.326
134.261
134.201
134.145
134.093
134.046
134.003
133.965
133.932
133.904
133.88
133.862
133.849
133.841
133.839
133.841
133.849
133.862
133.88
133.904
133.932
133.965
134.003
134.046
134.093
134.145
134.201
134.261
134.326
134.393
134.465
134.54
134.618
134.698
134.782
134.867
134.957
135.046
135.139
135.233
135.327
135.423
135.522
135.619
135.716
135.815
135.915
136.012
136.11
136.208
136.306
136.402
136.496
136.59
136.684
136.775
136.864
136.951
137.038
137.122
137.204
137.284
137.363
137.437
137.511
137.581
137.649
137.714
137.777
137.837
137.895
137.949
138.002
138.05
138.097
138.14
138.181
138.219
138.253
138.285
138.313
138.339
138.361
138.381
138.398
138.412
138.422
138.43
138.434
138.436
135.211
135.209
135.205
135.196
135.186
135.171
135.155
135.134
135.111
135.084
135.054
135.021
134.985
134.947
134.904
134.86
134.811
134.76
134.706
134.649
134.589
134.526
134.461
134.391
134.321
134.247
134.17
134.09
134.01
133.924
133.838
133.75
133.659
133.564
133.47
133.374
133.276
133.175
133.073
132.971
132.869
132.764
132.658
132.552
132.448
132.342
132.235
132.129
132.026
131.922
131.818
131.718
131.619
131.519
131.425
131.33
131.24
131.152
131.067
130.986
130.908
130.834
130.764
130.698
130.637
130.58
130.529
130.482
130.44
130.404
130.373
130.347
130.327
130.313
130.304
130.302
130.304
130.313
130.327
130.347
130.373
130.404
130.44
130.482
130.529
130.58
130.637
130.698
130.764
130.834
130.908
130.986
131.067
131.152
131.24
131.33
131.425
131.519
131.619
131.718
131.818
131.922
132.026
132.129
132.235
132.342
132.448
132.552
132.658
132.764
132.869
132.971
133.073
133.175
133.276
133.374
133.47
133.564
133.659
133.75
133.838
133.924
134.01
134.09
134.17
134.247
134.321
134.391
134.461
134.526
134.589
134.649
134.706
134.76
134.811
134.86
134.904
134.947
134.985
135.021
135.054
135.084
135.111
135.134
135.155
135.171
135.186
135.196
135.205
135.209
135.211
131.987
131.985
131.981
131.972
131.961
131.946
131.929
131.907
131.883
131.856
131.825
131.791
131.754
131.713
131.669
131.623
131.573
131.52
131.463
131.404
131.342
131.276
131.207
131.136
131.06
130.984
130.903
130.82
130.734
130.646
130.553
130.461
130.365
130.267
130.166
130.063
129.959
129.854
129.746
129.637
129.526
129.416
129.304
129.191
129.077
128.965
128.852
128.739
128.626
128.515
128.405
128.295
128.188
128.084
127.979
127.88
127.781
127.686
127.594
127.506
127.422
127.342
127.266
127.195
127.128
127.067
127.011
126.96
126.915
126.875
126.841
126.814
126.792
126.776
126.767
126.764
126.767
126.776
126.792
126.814
126.841
126.875
126.915
126.96
127.011
127.067
127.128
127.195
127.266
127.342
127.422
127.506
127.594
127.686
127.781
127.88
127.979
128.084
128.188
128.295
128.405
128.515
128.626
128.739
128.852
128.965
129.077
129.191
129.304
129.416
129.526
129.637
129.746
129.854
129.959
130.063
130.166
130.267
130.365
130.461
130.553
130.646
130.734
130.82
130.903
130.984
131.06
131.136
131.207
131.276
131.342
131.404
131.463
131.52
131.573
131.623
131.669
131.713
131.754
131.791
131.825
131.856
131.883
131.907
131.929
131.946
131.961
131.972
131.981
131.985
131.987
128.767
128.765
128.76
128.752
128.74
128.725
128.707
128.685
128.66
128.632
128.599
128.565
128.526
128.484
128.439
128.39
128.338
128.283
128.225
128.162
128.098
128.029
127.957
127.883
127.805
127.723
127.64
127.552
127.462
127.369
127.274
127.174
127.073
126.97
126.865
126.757
126.646
126.533
126.42
126.305
126.188
126.069
125.95
125.831
125.711
125.589
125.468
125.348
125.229
125.108
124.99
124.875
124.759
124.645
124.536
124.426
124.322
124.219
124.121
124.026
123.935
123.849
123.767
123.69
123.619
123.552
123.492
123.437
123.388
123.345
123.309
123.279
123.256
123.239
123.229
123.225
123.229
123.239
123.256
123.279
123.309
123.345
123.388
123.437
123.492
123.552
123.619
123.69
123.767
123.849
123.935
124.026
124.121
124.219
124.322
124.426
124.536
124.645
124.759
124.875
124.99
125.108
125.229
125.348
125.468
125.589
125.711
125.831
125.95
126.069
126.188
126.305
126.42
126.533
126.646
126.757
126.865
126.97
127.073
127.174
127.274
127.369
127.462
127.552
127.64
127.723
127.805
127.883
127.957
128.029
128.098
128.162
128.225
128.283
128.338
128.39
128.439
128.484
128.526
128.565
128.599
128.632
128.66
128.685
128.707
128.725
128.74
128.752
128.76
128.765
128.767
125.548
125.546
125.541
125.532
125.52
125.505
125.485
125.463
125.437
125.408
125.375
125.339
125.299
125.255
125.208
125.158
125.104
125.047
124.986
124.922
124.854
124.783
124.708
124.63
124.549
124.464
124.376
124.286
124.19
124.093
123.992
123.89
123.783
123.674
123.562
123.449
123.333
123.214
123.093
122.971
122.847
122.723
122.596
122.468
122.34
122.213
122.084
121.955
121.828
121.702
121.575
121.45
121.328
121.208
121.088
120.974
120.86
120.751
120.645
120.544
120.447
120.354
120.267
120.184
120.107
120.036
119.971
119.912
119.86
119.814
119.775
119.743
119.717
119.699
119.689
119.685
119.689
119.699
119.717
119.743
119.775
119.814
119.86
119.912
119.971
120.036
120.107
120.184
120.267
120.354
120.447
120.544
120.645
120.751
120.86
120.974
121.088
121.208
121.328
121.45
121.575
121.702
121.828
121.955
122.084
122.213
122.34
122.468
122.596
122.723
122.847
122.971
123.093
123.214
123.333
123.449
123.562
123.674
123.783
123.89
123.992
124.093
124.19
124.286
124.376
124.464
124.549
124.63
124.708
124.783
124.854
124.922
124.986
125.047
125.104
125.158
125.208
125.255
125.299
125.339
125.375
125.408
125.437
125.463
125.485
125.505
125.52
125.532
125.541
125.546
125.548
122.333
122.332
122.326
122.318
122.305
122.289
122.269
122.246
122.219
122.189
122.155
122.117
122.076
122.031
121.983
121.931
121.875
121.815
121.752
121.686
121.615
121.541
121.464
121.382
121.298
121.209
121.117
121.022
120.924
120.821
120.716
120.607
120.497
120.382
120.265
120.144
120.021
119.897
119.771
119.641
119.51
119.377
119.245
119.11
118.974
118.837
118.702
118.566
118.43
118.294
118.161
118.029
117.897
117.769
117.643
117.518
117.4
117.282
117.17
117.061
116.957
116.858
116.764
116.676
116.594
116.518
116.448
116.385
116.329
116.28
116.238
116.203
116.177
116.157
116.146
116.142
116.146
116.157
116.177
116.203
116.238
116.28
116.329
116.385
116.448
116.518
116.594
116.676
116.764
116.858
116.957
117.061
117.17
117.282
117.4
117.518
117.643
117.769
117.897
118.029
118.161
118.294
118.43
118.566
118.702
118.837
118.974
119.11
119.245
119.377
119.51
119.641
119.771
119.897
120.021
120.144
120.265
120.382
120.497
120.607
120.716
120.821
120.924
121.022
121.117
121.209
121.298
121.382
121.464
121.541
121.615
121.686
121.752
121.815
121.875
121.931
121.983
122.031
122.076
122.117
122.155
122.189
122.219
122.246
122.269
122.289
122.305
122.318
122.326
122.332
122.333
119.12
119.118
119.112
119.103
119.09
119.074
119.054
119.03
119.002
118.971
118.936
118.897
118.855
118.808
118.758
118.704
118.646
118.585
118.519
118.45
118.377
118.3
118.22
118.135
118.047
117.955
117.859
117.759
117.656
117.551
117.44
117.326
117.208
117.089
116.966
116.841
116.711
116.58
116.446
116.311
116.173
116.033
115.891
115.749
115.607
115.463
115.318
115.174
115.03
114.887
114.744
114.604
114.466
114.328
114.194
114.064
113.934
113.812
113.691
113.576
113.465
113.359
113.259
113.165
113.078
112.997
112.922
112.855
112.795
112.743
112.698
112.661
112.632
112.612
112.599
112.595
112.599
112.612
112.632
112.661
112.698
112.743
112.795
112.855
112.922
112.997
113.078
113.165
113.259
113.359
113.465
113.576
113.691
113.812
113.934
114.064
114.194
114.328
114.466
114.604
114.744
114.887
115.03
115.174
115.318
115.463
115.607
115.749
115.891
116.033
116.173
116.311
116.446
116.58
116.711
116.841
116.966
117.089
117.208
117.326
117.44
117.551
117.656
117.759
117.859
117.955
118.047
118.135
118.22
118.3
118.377
118.45
118.519
118.585
118.646
118.704
118.758
118.808
118.855
118.897
118.936
118.971
119.002
119.03
119.054
119.074
119.09
119.103
119.112
119.118
119.12
115.911
115.91
115.904
115.894
115.881
115.864
115.844
115.819
115.791
115.758
115.722
115.682
115.638
115.59
115.539
115.483
115.423
115.36
115.292
115.22
115.145
115.065
114.981
114.893
114.801
114.706
114.607
114.502
114.394
114.283
114.168
114.05
113.928
113.801
113.672
113.54
113.406
113.268
113.127
112.983
112.838
112.691
112.543
112.392
112.24
112.089
111.937
111.784
111.631
111.48
111.33
111.18
111.033
110.889
110.746
110.606
110.471
110.338
110.211
110.088
109.97
109.858
109.752
109.652
109.558
109.472
109.393
109.321
109.257
109.201
109.154
109.115
109.084
109.062
109.049
109.044
109.049
109.062
109.084
109.115
109.154
109.201
109.257
109.321
109.393
109.472
109.558
109.652
109.752
109.858
109.97
110.088
110.211
110.338
110.471
110.606
110.746
110.889
111.033
111.18
111.33
111.48
111.631
111.784
111.937
112.089
112.24
112.392
112.543
112.691
112.838
112.983
113.127
113.268
113.406
113.54
113.672
113.801
113.928
114.05
114.168
114.283
114.394
114.502
114.607
114.706
114.801
114.893
114.981
115.065
115.145
115.22
115.292
115.36
115.423
115.483
115.539
115.59
115.638
115.682
115.722
115.758
115.791
115.819
115.844
115.864
115.881
115.894
115.904
115.91
115.911
112.704
112.702
112.696
112.686
112.673
112.655
112.634
112.609
112.58
112.546
112.509
112.468
112.423
112.374
112.32
112.263
112.201
112.136
112.066
111.991
111.913
111.83
111.744
111.653
111.557
111.457
111.353
111.246
111.135
111.018
110.897
110.773
110.646
110.516
110.38
110.242
110.099
109.954
109.807
109.658
109.504
109.349
109.192
109.035
108.876
108.715
108.554
108.394
108.233
108.072
107.912
107.756
107.6
107.445
107.295
107.148
107.003
106.864
106.728
106.598
106.473
106.354
106.241
106.134
106.035
105.943
105.859
105.783
105.715
105.656
105.605
105.563
105.531
105.507
105.493
105.489
105.493
105.507
105.531
105.563
105.605
105.656
105.715
105.783
105.859
105.943
106.035
106.134
106.241
106.354
106.473
106.598
106.728
106.864
107.003
107.148
107.295
107.445
107.6
107.756
107.912
108.072
108.233
108.394
108.554
108.715
108.876
109.035
109.192
109.349
109.504
109.658
109.807
109.954
110.099
110.242
110.38
110.516
110.646
110.773
110.897
111.018
111.135
111.246
111.353
111.457
111.557
111.653
111.744
111.83
111.913
111.991
112.066
112.136
112.201
112.263
112.32
112.374
112.423
112.468
112.509
112.546
112.58
112.609
112.634
112.655
112.673
112.686
112.696
112.702
112.704
109.502
109.5
109.494
109.484
109.47
109.452
109.431
109.404
109.375
109.34
109.302
109.26
109.214
109.163
109.108
109.049
108.985
108.918
108.846
108.769
108.688
108.602
108.512
108.418
108.32
108.216
108.108
107.995
107.879
107.759
107.634
107.504
107.371
107.232
107.092
106.947
106.8
106.647
106.492
106.334
106.175
106.012
105.847
105.68
105.513
105.344
105.175
105.004
104.834
104.666
104.498
104.33
104.166
104.004
103.843
103.687
103.535
103.386
103.243
103.104
102.972
102.846
102.726
102.613
102.508
102.41
102.32
102.24
102.167
102.104
102.05
102.006
101.971
101.947
101.932
101.927
101.932
101.947
101.971
102.006
102.05
102.104
102.167
102.24
102.32
102.41
102.508
102.613
102.726
102.846
102.972
103.104
103.243
103.386
103.535
103.687
103.843
104.004
104.166
104.33
104.498
104.666
104.834
105.004
105.175
105.344
105.513
105.68
105.847
106.012
106.175
106.334
106.492
106.647
106.8
106.947
107.092
107.232
107.371
107.504
107.634
107.759
107.879
107.995
108.108
108.216
108.32
108.418
108.512
108.602
108.688
108.769
108.846
108.918
108.985
109.049
109.108
109.163
109.214
109.26
109.302
109.34
109.375
109.404
109.431
109.452
109.47
109.484
109.494
109.5
109.502
106.302
106.299
106.294
106.283
106.269
106.251
106.228
106.202
106.171
106.136
106.097
106.054
106.006
105.954
105.897
105.836
105.771
105.701
105.627
105.548
105.464
105.376
105.283
105.185
105.082
104.976
104.865
104.748
104.626
104.5
104.37
104.236
104.097
103.954
103.806
103.654
103.499
103.341
103.179
103.014
102.845
102.674
102.502
102.328
102.15
101.972
101.794
101.616
101.436
101.257
101.08
100.905
100.73
100.558
100.39
100.224
100.062
99.9065
99.7535
99.6078
99.4669
99.3332
99.2061
99.0865
98.9747
98.8712
98.7763
98.6904
98.6138
98.5468
98.4897
98.4427
98.4059
98.3795
98.3636
98.3583
98.3636
98.3795
98.4059
98.4427
98.4897
98.5468
98.6138
98.6904
98.7763
98.8712
98.9747
99.0865
99.2061
99.3332
99.4669
99.6078
99.7535
99.9065
100.062
100.224
100.39
100.558
100.73
100.905
101.08
101.257
101.436
101.616
101.794
101.972
102.15
102.328
102.502
102.674
102.845
103.014
103.179
103.341
103.499
103.654
103.806
103.954
104.097
104.236
104.37
104.5
104.626
104.748
104.865
104.976
105.082
105.185
105.283
105.376
105.464
105.548
105.627
105.701
105.771
105.836
105.897
105.954
106.006
106.054
106.097
106.136
106.171
106.202
106.228
106.251
106.269
106.283
106.294
106.299
106.302
103.107
103.104
103.098
103.088
103.073
103.055
103.032
103.004
102.973
102.937
102.897
102.853
102.804
102.75
102.692
102.63
102.563
102.491
102.414
102.333
102.246
102.155
102.06
101.959
101.853
101.741
101.625
101.505
101.38
101.25
101.114
100.973
100.828
100.679
100.526
100.368
100.206
100.039
99.8695
99.6968
99.5213
99.3418
99.1598
98.9757
98.7911
98.6043
98.416
98.227
98.0393
97.8514
97.6637
97.4775
97.2945
97.1129
96.934
96.7596
96.5892
96.4222
96.2625
96.1066
95.9584
95.8162
95.6817
95.5548
95.4363
95.3265
95.2259
95.1347
95.0534
94.9823
94.9217
94.8717
94.8327
94.8047
94.7878
94.7822
94.7878
94.8047
94.8327
94.8717
94.9217
94.9823
95.0534
95.1347
95.2259
95.3265
95.4363
95.5548
95.6817
95.8162
95.9584
96.1066
96.2625
96.4222
96.5892
96.7596
96.934
97.1129
97.2945
97.4775
97.6637
97.8514
98.0393
98.227
98.416
98.6043
98.7911
98.9757
99.1598
99.3418
99.5213
99.6968
99.8695
100.039
100.206
100.368
100.526
100.679
100.828
100.973
101.114
101.25
101.38
101.505
101.625
101.741
101.853
101.959
102.06
102.155
102.246
102.333
102.414
102.491
102.563
102.63
102.692
102.75
102.804
102.853
102.897
102.937
102.973
103.004
103.032
103.055
103.073
103.088
103.098
103.104
103.107
99.914
99.912
99.9056
99.8951
99.8801
99.8612
99.8375
99.81
99.7776
99.7413
99.7001
99.6548
99.6046
99.5499
99.4907
99.4263
99.3577
99.2837
99.2048
99.1216
99.033
98.9385
98.8391
98.7352
98.6265
98.5123
98.3922
98.2666
98.1358
98.0004
97.8603
97.7153
97.5645
97.4087
97.2476
97.0833
96.9142
96.7417
96.5638
96.3823
96.1974
96.0105
95.8204
95.6277
95.432
95.2358
95.0388
94.8408
94.6415
94.4435
94.2467
94.0509
93.8561
93.6651
93.4771
93.2919
93.1114
92.9366
92.7655
92.6023
92.4443
92.2943
92.1516
92.0173
91.8917
91.7754
91.6686
91.572
91.4858
91.4104
91.346
91.293
91.2516
91.2219
91.204
91.198
91.204
91.2219
91.2516
91.293
91.346
91.4104
91.4858
91.572
91.6686
91.7754
91.8917
92.0173
92.1516
92.2943
92.4443
92.6023
92.7655
92.9366
93.1114
93.2919
93.4771
93.6651
93.8561
94.0509
94.2467
94.4435
94.6415
94.8408
95.0388
95.2358
95.432
95.6277
95.8204
96.0105
96.1974
96.3823
96.5638
96.7417
96.9142
97.0833
97.2476
97.4087
97.5645
97.7153
97.8603
98.0004
98.1358
98.2666
98.3922
98.5123
98.6265
98.7352
98.8391
98.9385
99.033
99.1216
99.2048
99.2837
99.3577
99.4263
99.4907
99.5499
99.6046
99.6548
99.7001
99.7413
99.7776
99.81
99.8375
99.8612
99.8801
99.8951
99.9056
99.912
99.914
96.7258
96.7238
96.7171
96.7066
96.6912
96.672
96.6478
96.6198
96.5868
96.5497
96.5077
96.4612
96.4102
96.3541
96.2936
96.2277
96.1572
96.0818
96.0005
95.9144
95.8237
95.7277
95.6257
95.5177
95.4044
95.2861
95.1627
95.0339
94.8992
94.7584
94.612
94.4604
94.3043
94.143
93.9768
93.8044
93.6277
93.4461
93.2616
93.0726
92.8797
92.6825
92.4829
92.2809
92.0772
91.8705
91.6625
91.454
91.246
91.0371
90.8288
90.6223
90.4184
90.2158
90.0167
89.8222
89.6314
89.4453
89.2663
89.0918
88.9258
88.7663
88.6155
88.4731
88.34
88.2166
88.1035
88.001
87.9096
87.8295
87.7613
87.7051
87.6611
87.6295
87.6106
87.6042
87.6106
87.6295
87.6611
87.7051
87.7613
87.8295
87.9096
88.001
88.1035
88.2166
88.34
88.4731
88.6155
88.7663
88.9258
89.0918
89.2663
89.4453
89.6314
89.8222
90.0167
90.2158
90.4184
90.6223
90.8288
91.0371
91.246
91.454
91.6625
91.8705
92.0772
92.2809
92.4829
92.6825
92.8797
93.0726
93.2616
93.4461
93.6277
93.8044
93.9768
94.143
94.3043
94.4604
94.612
94.7584
94.8992
95.0339
95.1627
95.2861
95.4044
95.5177
95.6257
95.7277
95.8237
95.9144
96.0005
96.0818
96.1572
96.2277
96.2936
96.3541
96.4102
96.4612
96.5077
96.5497
96.5868
96.6198
96.6478
96.672
96.6912
96.7066
96.7171
96.7238
96.7258
93.542
93.5401
93.5333
93.5225
93.5069
93.4873
93.4628
93.4341
93.4007
93.3627
93.3202
93.2726
93.2207
93.1633
93.1015
93.0344
92.9618
92.8848
92.8024
92.7138
92.6196
92.5204
92.4161
92.3061
92.1901
92.0677
91.9393
91.8053
91.6659
91.5211
91.3704
91.2136
91.0505
90.882
90.7083
90.5303
90.3465
90.1581
89.9637
89.7659
89.5641
89.3592
89.1501
88.9379
88.7229
88.507
88.2892
88.0699
87.8495
87.6304
87.4119
87.194
86.9777
86.7653
86.5553
86.3488
86.1476
85.9518
85.7607
85.578
85.4009
85.2329
85.0728
84.9221
84.781
84.6503
84.5303
84.4216
84.3246
84.2398
84.1673
84.1077
84.061
84.0276
84.0074
84.0007
84.0074
84.0276
84.061
84.1077
84.1673
84.2398
84.3246
84.4216
84.5303
84.6503
84.781
84.9221
85.0728
85.2329
85.4009
85.578
85.7607
85.9518
86.1476
86.3488
86.5553
86.7653
86.9777
87.194
87.4119
87.6304
87.8495
88.0699
88.2892
88.507
88.7229
88.9379
89.1501
89.3592
89.5641
89.7659
89.9637
90.1581
90.3465
90.5303
90.7083
90.882
91.0505
91.2136
91.3704
91.5211
91.6659
91.8053
91.9393
92.0677
92.1901
92.3061
92.4161
92.5204
92.6196
92.7138
92.8024
92.8848
92.9618
93.0344
93.1015
93.1633
93.2207
93.2726
93.3202
93.3627
93.4007
93.4341
93.4628
93.4873
93.5069
93.5225
93.5333
93.5401
93.542
90.3604
90.3583
90.3515
90.3404
90.3247
90.3047
90.28
90.2507
90.2169
90.1781
90.135
90.0865
90.0336
89.9753
89.912
89.8439
89.7698
89.6903
89.606
89.5164
89.4206
89.3186
89.2104
89.0966
88.9772
88.852
88.7207
88.5829
88.4384
88.2876
88.1309
87.9686
87.8006
87.6264
87.446
87.2593
87.0678
86.871
86.6701
86.4634
86.2523
86.0367
85.8183
85.5967
85.3722
85.1443
84.9152
84.6852
84.4548
84.2232
83.9925
83.7636
83.5365
83.311
83.0897
82.8725
82.6593
82.4518
82.2514
82.0563
81.8703
81.6915
81.5224
81.3626
81.2132
81.0746
80.9474
80.8321
80.7293
80.6392
80.5624
80.4991
80.4496
80.414
80.3927
80.3855
80.3927
80.414
80.4496
80.4991
80.5624
80.6392
80.7293
80.8321
80.9474
81.0746
81.2132
81.3626
81.5224
81.6915
81.8703
82.0563
82.2514
82.4518
82.6593
82.8725
83.0897
83.311
83.5365
83.7636
83.9925
84.2232
84.4548
84.6852
84.9152
85.1443
85.3722
85.5967
85.8183
86.0367
86.2523
86.4634
86.6701
86.871
87.0678
87.2593
87.446
87.6264
87.8006
87.9686
88.1309
88.2876
88.4384
88.5829
88.7207
88.852
88.9772
89.0966
89.2104
89.3186
89.4206
89.5164
89.606
89.6903
89.7698
89.8439
89.912
89.9753
90.0336
90.0865
90.135
90.1781
90.2169
90.2507
90.28
90.3047
90.3247
90.3404
90.3515
90.3583
90.3604
87.1837
87.1815
87.1747
87.1634
87.1476
87.1272
87.1023
87.0725
87.0383
86.9989
86.9551
86.906
86.8521
86.7931
86.7283
86.659
86.5843
86.5033
86.4163
86.3238
86.2259
86.1222
86.0124
85.8959
85.7727
85.643
85.507
85.365
85.2168
85.062
84.9003
84.7316
84.5564
84.3754
84.1884
83.9958
83.7964
83.5914
83.3803
83.1652
82.945
82.7207
82.4915
82.2587
82.0229
81.7853
81.5449
81.3026
81.0595
80.8171
80.5744
80.3325
80.0927
79.8562
79.622
79.3921
79.1676
78.9485
78.7352
78.5305
78.3322
78.1439
77.9642
77.7951
77.6367
77.4897
77.3548
77.2326
77.1235
77.0279
76.9464
76.8792
76.8266
76.7889
76.7662
76.7586
76.7662
76.7889
76.8266
76.8792
76.9464
77.0279
77.1235
77.2326
77.3548
77.4897
77.6367
77.7951
77.9642
78.1439
78.3322
78.5305
78.7352
78.9485
79.1676
79.3921
79.622
79.8562
80.0927
80.3325
80.5744
80.8171
81.0595
81.3026
81.5449
81.7853
82.0229
82.2587
82.4915
82.7207
82.945
83.1652
83.3803
83.5914
83.7964
83.9958
84.1884
84.3754
84.5564
84.7316
84.9003
85.062
85.2168
85.365
85.507
85.643
85.7727
85.8959
86.0124
86.1222
86.2259
86.3238
86.4163
86.5033
86.5843
86.659
86.7283
86.7931
86.8521
86.906
86.9551
86.9989
87.0383
87.0725
87.1023
87.1272
87.1476
87.1634
87.1747
87.1815
87.1837
84.0069
84.0045
83.9978
83.9863
83.9704
83.9497
83.9246
83.8944
83.8598
83.82
83.7755
83.7259
83.671
83.6114
83.5458
83.4745
83.3983
83.3167
83.229
83.1349
83.0342
82.9273
82.8143
82.6951
82.5696
82.4374
82.2979
82.1513
81.9976
81.8373
81.6704
81.4969
81.3165
81.1288
80.9343
80.733
80.5263
80.3132
80.0948
79.8695
79.6394
79.4043
79.1655
78.9225
78.6756
78.4252
78.1732
77.9195
77.6645
77.4083
77.1531
76.8991
76.6465
76.3959
76.1497
75.9073
75.6695
75.4379
75.2134
74.9953
74.7869
74.5865
74.3968
74.2174
74.0495
73.8937
73.7507
73.621
73.5052
73.4038
73.3173
73.246
73.1902
73.1501
73.126
73.118
73.126
73.1501
73.1902
73.246
73.3173
73.4038
73.5052
73.621
73.7507
73.8937
74.0495
74.2174
74.3968
74.5865
74.7869
74.9953
75.2134
75.4379
75.6695
75.9073
76.1497
76.3959
76.6465
76.8991
77.1531
77.4083
77.6645
77.9195
78.1732
78.4252
78.6756
78.9225
79.1655
79.4043
79.6394
79.8695
80.0948
80.3132
80.5263
80.733
80.9343
81.1288
81.3165
81.4969
81.6704
81.8373
81.9976
82.1513
82.2979
82.4374
82.5696
82.6951
82.8143
82.9273
83.0342
83.1349
83.229
83.3167
83.3983
83.4745
83.5458
83.6114
83.671
83.7259
83.7755
83.82
83.8598
83.8944
83.9246
83.9497
83.9704
83.9863
83.9978
84.0045
84.0069
80.8328
80.8303
80.8236
80.8119
80.796
80.775
80.7497
80.7192
80.6843
80.6442
80.5991
80.5492
80.4934
80.4329
80.3673
80.2954
80.2174
80.1335
80.0439
79.9485
79.8468
79.7385
79.6232
79.5008
79.3713
79.2351
79.0921
78.9421
78.7849
78.62
78.4474
78.2673
78.0802
77.8863
77.6853
77.4774
77.2619
77.04
76.8115
76.578
76.3383
76.0933
75.8427
75.588
75.3297
75.0685
74.8036
74.5367
74.2686
74.0004
73.7314
73.4633
73.1972
72.934
72.6733
72.4173
72.1668
71.9218
71.6837
71.4543
71.2323
71.0211
70.8196
70.6297
70.4517
70.2865
70.1348
69.9972
69.8743
69.7667
69.6748
69.599
69.5398
69.4973
69.4717
69.4631
69.4717
69.4973
69.5398
69.599
69.6748
69.7667
69.8743
69.9972
70.1348
70.2865
70.4517
70.6297
70.8196
71.0211
71.2323
71.4543
71.6837
71.9218
72.1668
72.4173
72.6733
72.934
73.1972
73.4633
73.7314
74.0004
74.2686
74.5367
74.8036
75.0685
75.3297
75.588
75.8427
76.0933
76.3383
76.578
76.8115
77.04
77.2619
77.4774
77.6853
77.8863
78.0802
78.2673
78.4474
78.62
78.7849
78.9421
79.0921
79.2351
79.3713
79.5008
79.6232
79.7385
79.8468
79.9485
80.0439
80.1335
80.2174
80.2954
80.3673
80.4329
80.4934
80.5492
80.5991
80.6442
80.6843
80.7192
80.7497
80.775
80.796
80.8119
80.8236
80.8303
80.8328
77.6594
77.6569
77.6501
77.6384
77.6224
77.6013
77.5757
77.5452
77.5099
77.4697
77.4241
77.3739
77.318
77.2561
77.1892
77.117
77.0389
76.9545
76.8635
76.7658
76.6616
76.5508
76.4335
76.3093
76.1778
76.0386
75.8917
75.737
75.5747
75.4051
75.2279
75.0429
74.8499
74.6488
74.4401
74.224
74.0012
73.771
73.5341
73.2896
73.0396
72.7837
72.5229
72.2568
71.9861
71.7114
71.4344
71.1547
70.8731
70.59
70.3077
70.0259
69.7453
69.4669
69.1928
68.9224
68.6571
68.3986
68.1472
67.9033
67.6696
67.4449
67.232
67.0304
66.8418
66.6665
66.5055
66.3595
66.229
66.1148
66.0172
65.9367
65.8738
65.8286
65.8014
65.7923
65.8014
65.8286
65.8738
65.9367
66.0172
66.1148
66.229
66.3595
66.5055
66.6665
66.8418
67.0304
67.232
67.4449
67.6696
67.9033
68.1472
68.3986
68.6571
68.9224
69.1928
69.4669
69.7453
70.0259
70.3077
70.59
70.8731
71.1547
71.4344
71.7114
71.9861
72.2568
72.5229
72.7837
73.0396
73.2896
73.5341
73.771
74.0012
74.224
74.4401
74.6488
74.8499
75.0429
75.2279
75.4051
75.5747
75.737
75.8917
76.0386
76.1778
76.3093
76.4335
76.5508
76.6616
76.7658
76.8635
76.9545
77.0389
77.117
77.1892
77.2561
77.318
77.3739
77.4241
77.4697
77.5099
77.5452
77.5757
77.6013
77.6224
77.6384
77.6501
77.6569
77.6594
74.4876
74.4851
74.4783
74.4666
74.4504
74.4293
74.4036
74.3731
74.3374
74.2972
74.2513
74.2005
74.1449
74.0833
74.0156
73.9419
73.8623
73.7768
73.6852
73.587
73.4819
73.3694
73.2495
73.1221
72.9873
72.8451
72.6953
72.5376
72.3715
72.1969
72.0139
71.8227
71.6235
71.4164
71.2011
70.9775
70.7456
70.5063
70.2595
70.0064
69.7458
69.4789
69.2056
68.9275
68.6447
68.3577
68.0664
67.7726
67.477
67.1804
66.8826
66.5855
66.2902
65.9973
65.7071
65.4218
65.142
64.8682
64.602
64.3449
64.0963
63.8592
63.6329
63.4195
63.2192
63.0333
62.8624
62.7074
62.5688
62.4475
62.3438
62.2583
62.1914
62.1434
62.1145
62.1048
62.1145
62.1434
62.1914
62.2583
62.3438
62.4475
62.5688
62.7074
62.8624
63.0333
63.2192
63.4195
63.6329
63.8592
64.0963
64.3449
64.602
64.8682
65.142
65.4218
65.7071
65.9973
66.2902
66.5855
66.8826
67.1804
67.477
67.7726
68.0664
68.3577
68.6447
68.9275
69.2056
69.4789
69.7458
70.0064
70.2595
70.5063
70.7456
70.9775
71.2011
71.4164
71.6235
71.8227
72.0139
72.1969
72.3715
72.5376
72.6953
72.8451
72.9873
73.1221
73.2495
73.3694
73.4819
73.587
73.6852
73.7768
73.8623
73.9419
74.0156
74.0833
74.1449
74.2005
74.2513
74.2972
74.3374
74.3731
74.4036
74.4293
74.4504
74.4666
74.4783
74.4851
74.4876
71.3228
71.3205
71.3135
71.3019
71.2856
71.2646
71.2387
71.2083
71.1725
71.1323
71.0867
71.0351
70.9785
70.9168
70.8495
70.7761
70.6963
70.6098
70.5165
70.4165
70.3096
70.1958
70.0746
69.9457
69.8088
69.6634
69.5097
69.3476
69.1772
68.9984
68.8109
68.6145
68.409
68.1945
67.9714
67.7399
67.5004
67.2521
66.9959
66.7312
66.4599
66.1816
65.8971
65.6061
65.3096
65.0084
64.7038
64.3956
64.0846
63.772
63.4593
63.1465
62.8347
62.5252
62.2197
61.9179
61.6216
61.3324
61.0507
60.7775
60.5151
60.2627
60.0233
59.7964
59.584
59.3864
59.2049
59.0401
58.8928
58.7638
58.6535
58.5626
58.4914
58.4403
58.4096
58.3993
58.4096
58.4403
58.4914
58.5626
58.6535
58.7638
58.8928
59.0401
59.2049
59.3864
59.584
59.7964
60.0233
60.2627
60.5151
60.7775
61.0507
61.3324
61.6216
61.9179
62.2197
62.5252
62.8347
63.1465
63.4593
63.772
64.0846
64.3956
64.7038
65.0084
65.3096
65.6061
65.8971
66.1816
66.4599
66.7312
66.9959
67.2521
67.5004
67.7399
67.9714
68.1945
68.409
68.6145
68.8109
68.9984
69.1772
69.3476
69.5097
69.6634
69.8088
69.9457
70.0746
70.1958
70.3096
70.4165
70.5165
70.6098
70.6963
70.7761
70.8495
70.9168
70.9785
71.0351
71.0867
71.1323
71.1725
71.2083
71.2387
71.2646
71.2856
71.3019
71.3135
71.3205
71.3228
68.1623
68.16
68.153
68.1414
68.125
68.1042
68.0782
68.0479
68.0121
67.9715
67.9264
67.8758
67.8193
67.7569
67.6886
67.6144
67.5343
67.4478
67.3545
67.2541
67.1462
67.0306
66.9071
66.7757
66.6363
66.4886
66.3324
66.1672
65.9928
65.8089
65.6158
65.4136
65.2022
64.9816
64.7514
64.5118
64.2627
64.0051
63.7389
63.4647
63.1818
62.8914
62.5935
62.2897
61.9799
61.6646
61.3443
61.0206
60.6942
60.3658
60.0358
59.7061
59.3777
59.0513
58.7277
58.4091
58.096
57.7894
57.491
57.2021
56.9228
56.656
56.4011
56.1606
55.9347
55.7248
55.5318
55.3565
55.1999
55.0625
54.9452
54.8484
54.7726
54.7182
54.6855
54.6746
54.6855
54.7182
54.7726
54.8484
54.9452
55.0625
55.1999
55.3565
55.5318
55.7248
55.9347
56.1606
56.4011
56.656
56.9228
57.2021
57.491
57.7894
58.096
58.4091
58.7277
59.0513
59.3777
59.7061
60.0358
60.3658
60.6942
61.0206
61.3443
61.6646
61.9799
62.2897
62.5935
62.8914
63.1818
63.4647
63.7389
64.0051
64.2627
64.5118
64.7514
64.9816
65.2022
65.4136
65.6158
65.8089
65.9928
66.1672
66.3324
66.4886
66.6363
66.7757
66.9071
67.0306
67.1462
67.2541
67.3545
67.4478
67.5343
67.6144
67.6886
67.7569
67.8193
67.8758
67.9264
67.9715
68.0121
68.0479
68.0782
68.1042
68.125
68.1414
68.153
68.16
68.1623
65.0083
65.0061
64.999
64.9875
64.9711
64.9504
64.9246
64.8943
64.8593
64.8185
64.7726
64.7219
64.666
64.6045
64.5369
64.4629
64.3823
64.2949
64.2006
64.0993
63.9906
63.8744
63.7501
63.6173
63.4757
63.325
63.1653
62.9964
62.8182
62.6305
62.4329
62.2252
62.0073
61.7793
61.5415
61.2939
61.0367
60.7695
60.4929
60.2068
59.9126
59.6098
59.2995
58.9814
58.6567
58.3262
57.991
57.6509
57.3074
56.9615
56.6145
56.2669
55.9199
55.575
55.2337
54.8962
54.5645
54.2401
53.9237
53.6168
53.3212
53.037
52.7669
52.5109
52.2708
52.0475
51.8421
51.6555
51.4887
51.3424
51.2174
51.1142
51.0335
50.9755
50.9406
50.9289
50.9406
50.9755
51.0335
51.1142
51.2174
51.3424
51.4887
51.6555
51.8421
52.0475
52.2708
52.5109
52.7669
53.037
53.3212
53.6168
53.9237
54.2401
54.5645
54.8962
55.2337
55.575
55.9199
56.2669
56.6145
56.9615
57.3074
57.6509
57.991
58.3262
58.6567
58.9814
59.2995
59.6098
59.9126
60.2068
60.4929
60.7695
61.0367
61.2939
61.5415
61.7793
62.0073
62.2252
62.4329
62.6305
62.8182
62.9964
63.1653
63.325
63.4757
63.6173
63.7501
63.8744
63.9906
64.0993
64.2006
64.2949
64.3823
64.4629
64.5369
64.6045
64.666
64.7219
64.7726
64.8185
64.8593
64.8943
64.9246
64.9504
64.9711
64.9875
64.999
65.0061
65.0083
61.8575
61.8553
61.8482
61.8368
61.8204
61.7997
61.774
61.7435
61.7089
61.6694
61.6245
61.5739
61.5177
61.4559
61.3882
61.3145
61.2345
61.1477
61.0537
60.9521
60.8427
60.725
60.5991
60.4646
60.3214
60.169
60.007
59.8351
59.653
59.4605
59.2577
59.0446
58.821
58.5866
58.3414
58.0853
57.8185
57.5417
57.2547
56.958
56.6512
56.3355
56.011
55.6789
55.3394
54.9931
54.6407
54.2838
53.9229
53.559
53.1929
52.8263
52.4604
52.0961
51.7345
51.3778
51.0267
50.6825
50.3471
50.0217
49.7072
49.406
49.1182
48.8463
48.5907
48.353
48.1343
47.9356
47.7578
47.6019
47.4686
47.3587
47.2725
47.2107
47.1735
47.1611
47.1735
47.2107
47.2725
47.3587
47.4686
47.6019
47.7578
47.9356
48.1343
48.353
48.5907
48.8463
49.1182
49.406
49.7072
50.0217
50.3471
50.6825
51.0267
51.3778
51.7345
52.0961
52.4604
52.8263
53.1929
53.559
53.9229
54.2838
54.6407
54.9931
55.3394
55.6789
56.011
56.3355
56.6512
56.958
57.2547
57.5417
57.8185
58.0853
58.3414
58.5866
58.821
59.0446
59.2577
59.4605
59.653
59.8351
60.007
60.169
60.3214
60.4646
60.5991
60.725
60.8427
60.9521
61.0537
61.1477
61.2345
61.3145
61.3882
61.4559
61.5177
61.5739
61.6245
61.6694
61.7089
61.7435
61.774
61.7997
61.8204
61.8368
61.8482
61.8553
61.8575
58.7074
58.7052
58.6981
58.6867
58.6705
58.6499
58.6251
58.5949
58.5598
58.5202
58.4758
58.4263
58.3714
58.3107
58.2438
58.1704
58.0904
58.0034
57.9092
57.8076
57.6982
57.5806
57.4542
57.3187
57.1737
57.0189
56.8542
56.6794
56.4941
56.2981
56.0909
55.8723
55.6423
55.4009
55.1482
54.8842
54.6088
54.3219
54.024
53.7151
53.3963
53.0674
52.7292
52.3817
52.0262
51.6635
51.2944
50.9192
50.5395
50.1563
49.7711
49.3843
48.9977
48.6127
48.2307
47.8527
47.4807
47.1161
46.7601
46.4143
46.0808
45.76
45.4545
45.1648
44.8929
44.6397
44.4067
44.1948
44.0053
43.8391
43.6969
43.5796
43.4877
43.4217
43.382
43.3687
43.382
43.4217
43.4877
43.5796
43.6969
43.8391
44.0053
44.1948
44.4067
44.6397
44.8929
45.1648
45.4545
45.76
46.0808
46.4143
46.7601
47.1161
47.4807
47.8527
48.2307
48.6127
48.9977
49.3843
49.7711
50.1563
50.5395
50.9192
51.2944
51.6635
52.0262
52.3817
52.7292
53.0674
53.3963
53.7151
54.024
54.3219
54.6088
54.8842
55.1482
55.4009
55.6423
55.8723
56.0909
56.2981
56.4941
56.6794
56.8542
57.0189
57.1737
57.3187
57.4542
57.5806
57.6982
57.8076
57.9092
58.0034
58.0904
58.1704
58.2438
58.3107
58.3714
58.4263
58.4758
58.5202
58.5598
58.5949
58.6251
58.6499
58.6705
58.6867
58.6981
58.7052
58.7074
55.5644
55.5622
55.555
55.5434
55.5273
55.5063
55.4816
55.4526
55.4189
55.3801
55.3362
55.287
55.2325
55.1723
55.1063
55.0341
54.9552
54.8693
54.7758
54.6745
54.5649
54.4467
54.3196
54.1833
54.0373
53.8813
53.7148
53.5373
53.3485
53.1483
52.9365
52.7129
52.4773
52.2295
51.9692
51.6965
51.4115
51.1147
50.8059
50.4855
50.1534
49.8106
49.4573
49.0946
48.7227
48.3424
47.9546
47.5608
47.1616
46.7581
46.3514
45.9435
45.5352
45.1281
44.7234
44.3234
43.929
43.5418
43.164
42.7968
42.4417
42.101
41.7753
41.4671
41.1772
40.9073
40.6588
40.4328
40.2306
40.0531
39.9013
39.7761
39.6779
39.6074
39.565
39.5508
39.565
39.6074
39.6779
39.7761
39.9013
40.0531
40.2306
40.4328
40.6588
40.9073
41.1772
41.4671
41.7753
42.101
42.4417
42.7968
43.164
43.5418
43.929
44.3234
44.7234
45.1281
45.5352
45.9435
46.3514
46.7581
47.1616
47.5608
47.9546
48.3424
48.7227
49.0946
49.4573
49.8106
50.1534
50.4855
50.8059
51.1147
51.4115
51.6965
51.9692
52.2295
52.4773
52.7129
52.9365
53.1483
53.3485
53.5373
53.7148
53.8813
54.0373
54.1833
54.3196
54.4467
54.5649
54.6745
54.7758
54.8693
54.9552
55.0341
55.1063
55.1723
55.2325
55.287
55.3362
55.3801
55.4189
55.4526
55.4816
55.5063
55.5273
55.5434
55.555
55.5622
55.5644
52.4263
52.4239
52.4168
52.4052
52.3897
52.3693
52.3443
52.3151
52.2817
52.2438
52.2013
52.1537
52.1007
52.0419
51.977
51.9056
51.8275
51.7423
51.6497
51.5492
51.4404
51.3228
51.1958
51.059
50.912
50.7544
50.5859
50.4062
50.2148
50.0113
49.7953
49.5666
49.325
49.0703
48.8026
48.5218
48.2277
47.9204
47.6001
47.2671
46.922
46.5649
46.1965
45.817
45.4277
45.0292
44.6226
44.2084
43.7882
43.3631
42.9346
42.5037
42.072
41.6413
41.2131
40.7887
40.3703
39.9595
39.5578
39.1673
38.7898
38.4265
38.08
37.7512
37.4422
37.1542
36.8889
36.6477
36.4316
36.242
36.0798
35.9459
35.841
35.7656
35.7202
35.7051
35.7202
35.7656
35.841
35.9459
36.0798
36.242
36.4316
36.6477
36.8889
37.1542
37.4422
37.7512
38.08
38.4265
38.7898
39.1673
39.5578
39.9595
40.3703
40.7887
41.2131
41.6413
42.072
42.5037
42.9346
43.3631
43.7882
44.2084
44.6226
45.0292
45.4277
45.817
46.1965
46.5649
46.922
47.2671
47.6001
47.9204
48.2277
48.5218
48.8026
49.0703
49.325
49.5666
49.7953
50.0113
50.2148
50.4062
50.5859
50.7544
50.912
51.059
51.1958
51.3228
51.4404
51.5492
51.6497
51.7423
51.8275
51.9056
51.977
52.0419
52.1007
52.1537
52.2013
52.2438
52.2817
52.3151
52.3443
52.3693
52.3897
52.4052
52.4168
52.4239
52.4263
49.2932
49.2905
49.2829
49.2702
49.254
49.2342
49.2104
49.1824
49.15
49.113
49.0714
49.0248
48.973
48.9156
48.8524
48.7829
48.7066
48.6231
48.5318
48.4323
48.3242
48.207
48.0803
47.9436
47.7965
47.6383
47.4686
47.2868
47.0927
46.8857
46.6658
46.4324
46.1854
45.9244
45.6492
45.3597
45.0561
44.7384
44.4068
44.0613
43.7022
43.3302
42.9456
42.5494
42.142
41.7242
41.2971
40.862
40.4198
39.9719
39.5195
39.0645
38.6082
38.1522
37.6983
37.2485
36.8043
36.3677
35.9408
35.5253
35.1231
34.7365
34.3667
34.0162
33.6862
33.3788
33.0955
32.8376
32.6067
32.404
32.2305
32.0872
31.9749
31.8943
31.8457
31.8295
31.8457
31.8943
31.9749
32.0872
32.2305
32.404
32.6067
32.8376
33.0955
33.3788
33.6862
34.0162
34.3667
34.7365
35.1231
35.5253
35.9408
36.3677
36.8043
37.2485
37.6983
38.1522
38.6082
39.0645
39.5195
39.9719
40.4198
40.862
41.2971
41.7242
42.142
42.5494
42.9456
43.3302
43.7022
44.0613
44.4068
44.7384
45.0561
45.3597
45.6492
45.9244
46.1854
46.4324
46.6658
46.8857
47.0927
47.2868
47.4686
47.6383
47.7965
47.9436
48.0803
48.207
48.3242
48.4323
48.5318
48.6231
48.7066
48.7829
48.8524
48.9156
48.973
49.0248
49.0714
49.113
49.15
49.1824
49.2104
49.2342
49.254
49.2702
49.2829
49.2905
49.2932
46.1634
46.1601
46.1525
46.1402
46.1236
46.1034
46.0795
46.052
46.0207
45.9853
45.9454
45.9008
45.851
45.7956
45.7342
45.6665
45.592
45.5102
45.4207
45.323
45.2165
45.1006
44.9749
44.8387
44.6915
44.5328
44.3621
44.1789
43.9828
43.7731
43.5495
43.3116
43.0591
42.7917
42.5093
42.2116
41.8986
41.5702
41.2267
40.8682
40.4951
40.1078
39.7067
39.2925
38.866
38.4282
37.98
37.5224
37.0569
36.5847
36.1075
35.6266
35.1437
34.6609
34.1798
33.7023
33.2306
32.7666
32.3123
31.8699
31.4415
31.029
30.6348
30.2604
29.9081
29.5796
29.2766
29.0009
28.7538
28.5368
28.3511
28.1977
28.0775
27.9911
27.9391
27.9217
27.9391
27.9911
28.0775
28.1977
28.3511
28.5368
28.7538
29.0009
29.2766
29.5796
29.9081
30.2604
30.6348
31.029
31.4415
31.8699
32.3123
32.7666
33.2306
33.7023
34.1798
34.6609
35.1437
35.6266
36.1075
36.5847
37.0569
37.5224
37.98
38.4282
38.866
39.2925
39.7067
40.1078
40.4951
40.8682
41.2267
41.5702
41.8986
42.2116
42.5093
42.7917
43.0591
43.3116
43.5495
43.7731
43.9828
44.1789
44.3621
44.5328
44.6915
44.8387
44.9749
45.1006
45.2165
45.323
45.4207
45.5102
45.592
45.6665
45.7342
45.7956
45.851
45.9008
45.9454
45.9853
46.0207
46.052
46.0795
46.1034
46.1236
46.1402
46.1525
46.1601
46.1634
43.0404
43.0347
43.0242
43.0107
42.994
42.9743
42.9514
42.925
42.895
42.8611
42.8229
42.7801
42.7324
42.6794
42.6205
42.5553
42.4834
42.4041
42.3169
42.2212
42.1166
42.0024
41.8781
41.743
41.5965
41.4381
41.2671
41.0829
40.885
40.6728
40.446
40.2041
39.9466
39.6731
39.3835
39.0775
38.755
38.416
38.0606
37.6889
37.3012
36.898
36.4796
36.047
35.6007
35.1417
34.6711
34.1901
33.7
33.2021
32.6982
32.1899
31.679
31.1674
30.6571
30.1502
29.6489
29.1553
28.6717
28.2004
27.7436
27.3036
26.8825
26.4827
26.1061
25.7548
25.4306
25.1355
24.871
24.6386
24.4396
24.2752
24.1463
24.0537
23.998
23.9794
23.998
24.0537
24.1463
24.2752
24.4396
24.6386
24.871
25.1355
25.4306
25.7548
26.1061
26.4827
26.8825
27.3036
27.7436
28.2004
28.6717
29.1553
29.6489
30.1502
30.6571
31.1674
31.679
32.1899
32.6982
33.2021
33.7
34.1901
34.6711
35.1417
35.6007
36.047
36.4796
36.898
37.3012
37.6889
38.0606
38.416
38.755
39.0775
39.3835
39.6731
39.9466
40.2041
40.446
40.6728
40.885
41.0829
41.2671
41.4381
41.5965
41.743
41.8781
42.0024
42.1166
42.2212
42.3169
42.4041
42.4834
42.5553
42.6205
42.6794
42.7324
42.7801
42.8229
42.8611
42.895
42.925
42.9514
42.9743
42.994
43.0107
43.0242
43.0347
43.0404
39.9279
39.9163
39.903
39.8879
39.8707
39.8511
39.8289
39.8037
39.7754
39.7434
39.7075
39.6672
39.6222
39.5718
39.5158
39.4535
39.3845
39.3081
39.2237
39.1309
39.0288
38.917
38.7947
38.6613
38.516
38.3583
38.1875
38.0028
37.8038
37.5897
37.3601
37.1144
36.8521
36.5728
36.2762
35.9621
35.6301
35.2804
34.9128
34.5275
34.1248
33.7051
33.2689
32.8169
32.3498
31.8686
31.3744
30.8685
30.3522
29.827
29.2948
28.7572
28.2161
27.6737
27.1321
26.5936
26.0604
25.535
25.0198
24.5172
24.0297
23.5598
23.1098
22.6822
22.2793
21.9033
21.5561
21.2399
20.9564
20.7072
20.4938
20.3175
20.1792
20.0798
20.02
20
20.02
20.0798
20.1792
20.3175
20.4938
20.7072
20.9564
21.2399
21.5561
21.9033
22.2793
22.6822
23.1098
23.5598
24.0297
24.5172
25.0198
25.535
26.0604
26.5936
27.1321
27.6737
28.2161
28.7572
29.2948
29.827
30.3522
30.8685
31.3744
31.8686
32.3498
32.8169
33.2689
33.7051
34.1248
34.5275
34.9128
35.2804
35.6301
35.9621
36.2762
36.5728
36.8521
37.1144
37.3601
37.5897
37.8038
38.0028
38.1875
38.3583
38.516
38.6613
38.7947
38.917
39.0288
39.1309
39.2237
39.3081
39.3845
39.4535
39.5158
39.5718
39.6222
39.6672
39.7075
39.7434
39.7754
39.8037
39.8289
39.8511
39.8707
39.8879
39.903
39.9163
39.9279
