200
200
200
200
200
200
200
200
200
200
200
200
200
200
200
200
200
200
200
200
200
200
200
200
200
200
200
200
200
200
200
200
200
200
200
200
200
200
200
200
200
200
200
200
200
200
200
200
200
200
200
200
200
200
200
200
200
200
200
200
200
200
200
200
200
200
200
200
200
200
200
200
200
200
200
200
200
200
200
200
200
200
200
200
200
200
200
200
200
200
200
200
200
200
200
200
200
200
200
200
200
200
200
200
200
200
200
200
200
200
200
200
200
200
200
200
200
200
200
200
200
200
200
200
200
200
200
200
200
200
200
200
200
200
200
200
200
200
200
200
200
200
200
200
200
200
200
200
200
200
200
196.745
196.746
196.745
196.746
196.744
196.745
196.743
196.743
196.741
196.74
196.738
196.737
196.735
196.733
196.732
196.729
196.728
196.724
196.723
196.719
196.717
196.714
196.711
196.709
196.704
196.702
196.698
196.695
196.692
196.687
196.685
196.68
196.677
196.673
196.668
196.665
196.66
196.656
196.653
196.647
196.643
196.64
196.633
196.631
196.627
196.62
196.619
196.613
196.608
196.605
196.6
196.596
196.592
196.588
196.584
196.58
196.577
196.573
196.57
196.566
196.563
196.56
196.557
196.554
196.552
196.55
196.547
196.546
196.544
196.542
196.541
196.54
196.539
196.539
196.538
196.538
196.538
196.539
196.539
196.54
196.541
196.542
196.544
196.546
196.547
196.55
196.552
196.554
196.557
196.56
196.563
196.566
196.57
196.573
196.577
196.58
196.584
196.588
196.592
196.596
196.6
196.605
196.608
196.613
196.619
196.62
196.627
196.631
196.633
196.64
196.643
196.647
196.653
196.656
196.66
196.665
196.668
196.673
196.677
196.68
196.685
196.687
196.692
196.695
196.698
196.702
196.704
196.709
196.711
196.714
196.717
196.719
196.723
196.724
196.728
196.729
196.732
196.733
196.735
196.737
196.738
196.74
196.741
196.743
196.743
196.745
196.744
196.746
196.745
196.746
196.745
193.492
193.493
193.492
193.491
193.49
193.489
193.487
193.485
193.482
193.48
193.477
193.474
193.471
193.467
193.463
193.458
193.454
193.449
193.444
193.439
193.433
193.427
193.421
193.415
193.409
193.402
193.395
193.388
193.381
193.374
193.366
193.358
193.351
193.342
193.334
193.326
193.318
193.31
193.301
193.293
193.284
193.275
193.268
193.258
193.249
193.243
193.231
193.225
193.217
193.207
193.201
193.192
193.184
193.177
193.169
193.162
193.155
193.148
193.142
193.135
193.13
193.124
193.119
193.114
193.109
193.105
193.101
193.097
193.094
193.091
193.089
193.087
193.086
193.085
193.084
193.084
193.084
193.085
193.086
193.087
193.089
193.091
193.094
193.097
193.101
193.105
193.109
193.114
193.119
193.124
193.13
193.135
193.142
193.148
193.155
193.162
193.169
193.177
193.184
193.192
193.201
193.207
193.217
193.225
193.231
193.243
193.249
193.258
193.268
193.275
193.284
193.293
193.301
193.31
193.318
193.326
193.334
193.342
193.351
193.358
193.366
193.374
193.381
193.388
193.395
193.402
193.409
193.415
193.421
193.427
193.433
193.439
193.444
193.449
193.454
193.458
193.463
193.467
193.471
193.474
193.477
193.48
193.482
193.485
193.487
193.489
193.49
193.491
193.492
193.493
193.492
190.239
190.238
190.238
190.236
190.236
190.233
190.231
190.227
190.224
190.22
190.216
190.211
190.206
190.201
190.194
190.188
190.181
190.174
190.166
190.159
190.15
190.141
190.132
190.122
190.114
190.103
190.093
190.082
190.071
190.061
190.048
190.038
190.025
190.013
190.002
189.988
189.978
189.965
189.951
189.94
189.926
189.913
189.902
189.887
189.875
189.862
189.85
189.836
189.824
189.813
189.798
189.789
189.776
189.765
189.753
189.743
189.732
189.722
189.712
189.703
189.694
189.685
189.677
189.67
189.663
189.656
189.65
189.645
189.64
189.636
189.633
189.63
189.628
189.626
189.625
189.625
189.625
189.626
189.628
189.63
189.633
189.636
189.64
189.645
189.65
189.656
189.663
189.67
189.677
189.685
189.694
189.703
189.712
189.722
189.732
189.743
189.753
189.765
189.776
189.789
189.798
189.813
189.824
189.836
189.85
189.862
189.875
189.887
189.902
189.913
189.926
189.94
189.951
189.965
189.978
189.988
190.002
190.013
190.025
190.038
190.048
190.061
190.071
190.082
190.093
190.103
190.114
190.122
190.132
190.141
190.15
190.159
190.166
190.174
190.181
190.188
190.194
190.201
190.206
190.211
190.216
190.22
190.224
190.227
190.231
190.233
190.236
190.236
190.238
190.238
190.239
186.987
186.985
186.985
186.983
186.982
186.978
186.976
186.971
186.967
186.961
186.956
186.949
186.943
186.935
186.927
186.919
186.909
186.9
186.89
186.88
186.868
186.857
186.845
186.833
186.82
186.806
186.793
186.779
186.765
186.75
186.735
186.72
186.703
186.688
186.671
186.655
186.639
186.622
186.605
186.587
186.571
186.554
186.534
186.52
186.501
186.484
186.468
186.45
186.432
186.416
186.401
186.382
186.369
186.352
186.337
186.322
186.308
186.294
186.28
186.267
186.255
186.243
186.232
186.222
186.212
186.203
186.195
186.188
186.181
186.176
186.171
186.167
186.164
186.162
186.16
186.16
186.16
186.162
186.164
186.167
186.171
186.176
186.181
186.188
186.195
186.203
186.212
186.222
186.232
186.243
186.255
186.267
186.28
186.294
186.308
186.322
186.337
186.352
186.369
186.382
186.401
186.416
186.432
186.45
186.468
186.484
186.501
186.52
186.534
186.554
186.571
186.587
186.605
186.622
186.639
186.655
186.671
186.688
186.703
186.72
186.735
186.75
186.765
186.779
186.793
186.806
186.82
186.833
186.845
186.857
186.868
186.88
186.89
186.9
186.909
186.919
186.927
186.935
186.943
186.949
186.956
186.961
186.967
186.971
186.976
186.978
186.982
186.983
186.985
186.985
186.987
183.733
183.734
183.732
183.731
183.727
183.724
183.72
183.715
183.709
183.703
183.695
183.688
183.679
183.67
183.66
183.649
183.638
183.625
183.614
183.599
183.586
183.571
183.557
183.541
183.524
183.509
183.491
183.474
183.455
183.437
183.419
183.398
183.38
183.359
183.338
183.319
183.297
183.277
183.256
183.233
183.213
183.19
183.17
183.147
183.127
183.104
183.082
183.062
183.041
183.019
182.999
182.98
182.958
182.94
182.92
182.902
182.884
182.867
182.85
182.834
182.819
182.804
182.791
182.778
182.766
182.755
182.745
182.736
182.728
182.721
182.715
182.71
182.706
182.703
182.701
182.701
182.701
182.703
182.706
182.71
182.715
182.721
182.728
182.736
182.745
182.755
182.766
182.778
182.791
182.804
182.819
182.834
182.85
182.867
182.884
182.902
182.92
182.94
182.958
182.98
182.999
183.019
183.041
183.062
183.082
183.104
183.127
183.147
183.17
183.19
183.213
183.233
183.256
183.277
183.297
183.319
183.338
183.359
183.38
183.398
183.419
183.437
183.455
183.474
183.491
183.509
183.524
183.541
183.557
183.571
183.586
183.599
183.614
183.625
183.638
183.649
183.66
183.67
183.679
183.688
183.695
183.703
183.709
183.715
183.72
183.724
183.727
183.731
183.732
183.734
183.733
180.482
180.482
180.48
180.479
180.475
180.471
180.465
180.46
180.452
180.446
180.436
180.427
180.416
180.406
180.393
180.38
180.367
180.352
180.337
180.32
180.305
180.286
180.269
180.25
180.23
180.211
180.189
180.169
180.146
180.124
180.101
180.078
180.055
180.03
180.006
179.981
179.956
179.931
179.904
179.881
179.852
179.828
179.802
179.775
179.749
179.724
179.698
179.672
179.648
179.623
179.597
179.573
179.551
179.526
179.505
179.482
179.461
179.44
179.42
179.401
179.383
179.366
179.35
179.334
179.32
179.307
179.295
179.284
179.275
179.267
179.259
179.254
179.249
179.246
179.244
179.243
179.244
179.246
179.249
179.254
179.259
179.267
179.275
179.284
179.295
179.307
179.32
179.334
179.35
179.366
179.383
179.401
179.42
179.44
179.461
179.482
179.505
179.526
179.551
179.573
179.597
179.623
179.648
179.672
179.698
179.724
179.749
179.775
179.802
179.828
179.852
179.881
179.904
179.931
179.956
179.981
180.006
180.03
180.055
180.078
180.101
180.124
180.146
180.169
180.189
180.211
180.23
180.25
180.269
180.286
180.305
180.32
180.337
180.352
180.367
180.38
180.393
180.406
180.416
180.427
180.436
180.446
180.452
180.46
180.465
180.471
180.475
180.479
180.48
180.482
180.482
177.233
177.232
177.231
177.227
177.224
177.219
177.213
177.206
177.198
177.189
177.179
177.168
177.156
177.143
177.128
177.114
177.097
177.081
177.063
177.045
177.024
177.005
176.983
176.961
176.939
176.915
176.892
176.866
176.841
176.815
176.788
176.762
176.732
176.706
176.676
176.647
176.619
176.587
176.559
176.528
176.499
176.467
176.437
176.407
176.375
176.345
176.316
176.286
176.254
176.226
176.198
176.168
176.14
176.114
176.085
176.061
176.035
176.01
175.987
175.964
175.943
175.922
175.903
175.885
175.868
175.853
175.838
175.826
175.814
175.804
175.796
175.789
175.783
175.78
175.777
175.776
175.777
175.78
175.783
175.789
175.796
175.804
175.814
175.826
175.838
175.853
175.868
175.885
175.903
175.922
175.943
175.964
175.987
176.01
176.035
176.061
176.085
176.114
176.14
176.168
176.198
176.226
176.254
176.286
176.316
176.345
176.375
176.407
176.437
176.467
176.499
176.528
176.559
176.587
176.619
176.647
176.676
176.706
176.732
176.762
176.788
176.815
176.841
176.866
176.892
176.915
176.939
176.961
176.983
177.005
177.024
177.045
177.063
177.081
177.097
177.114
177.128
177.143
177.156
177.168
177.179
177.189
177.198
177.206
177.213
177.219
177.224
177.227
177.231
177.232
177.233
173.983
173.982
173.981
173.977
173.973
173.967
173.961
173.952
173.944
173.932
173.922
173.908
173.896
173.88
173.864
173.847
173.829
173.809
173.789
173.768
173.745
173.723
173.698
173.674
173.647
173.62
173.593
173.564
173.536
173.505
173.475
173.444
173.412
173.38
173.347
173.314
173.279
173.247
173.21
173.177
173.142
173.107
173.071
173.037
173.002
172.966
172.931
172.898
172.863
172.828
172.795
172.763
172.73
172.698
172.668
172.636
172.608
172.58
172.552
172.526
172.501
172.478
172.455
172.434
172.415
172.397
172.38
172.365
172.352
172.341
172.331
172.323
172.316
172.312
172.309
172.308
172.309
172.312
172.316
172.323
172.331
172.341
172.352
172.365
172.38
172.397
172.415
172.434
172.455
172.478
172.501
172.526
172.552
172.58
172.608
172.636
172.668
172.698
172.73
172.763
172.795
172.828
172.863
172.898
172.931
172.966
173.002
173.037
173.071
173.107
173.142
173.177
173.21
173.247
173.279
173.314
173.347
173.38
173.412
173.444
173.475
173.505
173.536
173.564
173.593
173.62
173.647
173.674
173.698
173.723
173.745
173.768
173.789
173.809
173.829
173.847
173.864
173.88
173.896
173.908
173.922
173.932
173.944
173.952
173.961
173.967
173.973
173.977
173.981
173.982
173.983
170.735
170.735
170.733
170.73
170.724
170.718
170.71
170.702
170.691
170.68
170.666
170.652
170.637
170.62
170.602
170.582
170.562
170.539
170.517
170.492
170.468
170.441
170.414
170.385
170.356
170.326
170.294
170.263
170.228
170.196
170.161
170.125
170.09
170.052
170.017
169.978
169.941
169.901
169.863
169.823
169.784
169.745
169.705
169.665
169.626
169.587
169.547
169.507
169.469
169.432
169.393
169.356
169.32
169.284
169.248
169.216
169.182
169.151
169.12
169.091
169.063
169.036
169.011
168.988
168.966
168.945
168.927
168.91
168.895
168.883
168.872
168.862
168.855
168.85
168.847
168.846
168.847
168.85
168.855
168.862
168.872
168.883
168.895
168.91
168.927
168.945
168.966
168.988
169.011
169.036
169.063
169.091
169.12
169.151
169.182
169.216
169.248
169.284
169.32
169.356
169.393
169.432
169.469
169.507
169.547
169.587
169.626
169.665
169.705
169.745
169.784
169.823
169.863
169.901
169.941
169.978
170.017
170.052
170.09
170.125
170.161
170.196
170.228
170.263
170.294
170.326
170.356
170.385
170.414
170.441
170.468
170.492
170.517
170.539
170.562
170.582
170.602
170.62
170.637
170.652
170.666
170.68
170.691
170.702
170.71
170.718
170.724
170.73
170.733
170.735
170.735
167.489
167.489
167.486
167.482
167.477
167.47
167.461
167.452
167.44
167.427
167.412
167.397
167.378
167.361
167.339
167.319
167.295
167.271
167.245
167.218
167.19
167.16
167.131
167.098
167.066
167.031
166.997
166.961
166.924
166.886
166.847
166.809
166.767
166.728
166.684
166.644
166.6
166.558
166.515
166.471
166.426
166.382
166.339
166.294
166.249
166.205
166.162
166.118
166.074
166.032
165.991
165.948
165.907
165.869
165.83
165.791
165.756
165.719
165.686
165.653
165.622
165.592
165.565
165.538
165.514
165.492
165.471
165.453
165.436
165.422
165.409
165.399
165.392
165.386
165.383
165.381
165.383
165.386
165.392
165.399
165.409
165.422
165.436
165.453
165.471
165.492
165.514
165.538
165.565
165.592
165.622
165.653
165.686
165.719
165.756
165.791
165.83
165.869
165.907
165.948
165.991
166.032
166.074
166.118
166.162
166.205
166.249
166.294
166.339
166.382
166.426
166.471
166.515
166.558
166.6
166.644
166.684
166.728
166.767
166.809
166.847
166.886
166.924
166.961
166.997
167.031
167.066
167.098
167.131
167.16
167.19
167.218
167.245
167.271
167.295
167.319
167.339
167.361
167.378
167.397
167.412
167.427
167.44
167.452
167.461
167.47
167.477
167.482
167.486
167.489
167.489
164.245
164.244
164.242
164.237
164.231
164.223
164.214
164.203
164.191
164.176
164.16
164.142
164.123
164.103
164.08
164.057
164.031
164.005
163.976
163.947
163.915
163.884
163.849
163.815
163.778
163.741
163.703
163.663
163.623
163.58
163.539
163.494
163.451
163.405
163.359
163.312
163.266
163.217
163.169
163.122
163.072
163.023
162.974
162.926
162.876
162.826
162.777
162.73
162.682
162.634
162.587
162.542
162.496
162.451
162.408
162.366
162.324
162.286
162.247
162.211
162.176
162.143
162.111
162.082
162.055
162.03
162.007
161.986
161.967
161.951
161.937
161.926
161.917
161.911
161.907
161.906
161.907
161.911
161.917
161.926
161.937
161.951
161.967
161.986
162.007
162.03
162.055
162.082
162.111
162.143
162.176
162.211
162.247
162.286
162.324
162.366
162.408
162.451
162.496
162.542
162.587
162.634
162.682
162.73
162.777
162.826
162.876
162.926
162.974
163.023
163.072
163.122
163.169
163.217
163.266
163.312
163.359
163.405
163.451
163.494
163.539
163.58
163.623
163.663
163.703
163.741
163.778
163.815
163.849
163.884
163.915
163.947
163.976
164.005
164.031
164.057
164.08
164.103
164.123
164.142
164.16
164.176
164.191
164.203
164.214
164.223
164.231
164.237
164.242
164.244
164.245
161.002
161.002
160.998
160.994
160.987
160.979
160.969
160.957
160.943
160.927
160.91
160.89
160.87
160.847
160.823
160.796
160.77
160.739
160.71
160.676
160.643
160.607
160.571
160.533
160.492
160.453
160.409
160.367
160.321
160.277
160.229
160.183
160.133
160.084
160.033
159.982
159.931
159.878
159.825
159.772
159.719
159.665
159.61
159.556
159.502
159.449
159.394
159.34
159.288
159.236
159.184
159.132
159.083
159.034
158.985
158.939
158.894
158.849
158.808
158.767
158.729
158.692
158.657
158.625
158.594
158.566
158.541
158.518
158.497
158.479
158.464
158.451
158.442
158.435
158.43
158.429
158.43
158.435
158.442
158.451
158.464
158.479
158.497
158.518
158.541
158.566
158.594
158.625
158.657
158.692
158.729
158.767
158.808
158.849
158.894
158.939
158.985
159.034
159.083
159.132
159.184
159.236
159.288
159.34
159.394
159.449
159.502
159.556
159.61
159.665
159.719
159.772
159.825
159.878
159.931
159.982
160.033
160.084
160.133
160.183
160.229
160.277
160.321
160.367
160.409
160.453
160.492
160.533
160.571
160.607
160.643
160.676
160.71
160.739
160.77
160.796
160.823
160.847
160.87
160.89
160.91
160.927
160.943
160.957
160.969
160.979
160.987
160.994
160.998
161.002
161.002
157.761
157.761
157.757
157.753
157.745
157.736
157.725
157.712
157.696
157.68
157.66
157.64
157.617
157.593
157.566
157.538
157.507
157.476
157.442
157.407
157.37
157.331
157.292
157.249
157.207
157.161
157.117
157.068
157.021
156.97
156.919
156.867
156.814
156.76
156.705
156.649
156.592
156.536
156.478
156.42
156.361
156.303
156.244
156.184
156.125
156.066
156.008
155.95
155.891
155.834
155.779
155.723
155.668
155.615
155.563
155.512
155.462
155.416
155.369
155.326
155.283
155.244
155.206
155.171
155.138
155.107
155.08
155.055
155.032
155.013
154.996
154.983
154.972
154.965
154.96
154.958
154.96
154.965
154.972
154.983
154.996
155.013
155.032
155.055
155.08
155.107
155.138
155.171
155.206
155.244
155.283
155.326
155.369
155.416
155.462
155.512
155.563
155.615
155.668
155.723
155.779
155.834
155.891
155.95
156.008
156.066
156.125
156.184
156.244
156.303
156.361
156.42
156.478
156.536
156.592
156.649
156.705
156.76
156.814
156.867
156.919
156.97
157.021
157.068
157.117
157.161
157.207
157.249
157.292
157.331
157.37
157.407
157.442
157.476
157.507
157.538
157.566
157.593
157.617
157.64
157.66
157.68
157.696
157.712
157.725
157.736
157.745
157.753
157.757
157.761
157.761
154.524
154.522
154.52
154.513
154.507
154.496
154.485
154.47
154.455
154.435
154.416
154.392
154.368
154.341
154.313
154.282
154.249
154.215
154.178
154.141
154.1
154.059
154.014
153.971
153.922
153.875
153.824
153.774
153.72
153.667
153.611
153.554
153.497
153.438
153.378
153.318
153.256
153.194
153.132
153.069
153.005
152.94
152.877
152.813
152.749
152.684
152.621
152.558
152.496
152.433
152.372
152.312
152.254
152.195
152.139
152.085
152.031
151.979
151.931
151.882
151.837
151.794
151.753
151.715
151.68
151.647
151.617
151.59
151.566
151.545
151.527
151.512
151.501
151.493
151.488
151.486
151.488
151.493
151.501
151.512
151.527
151.545
151.566
151.59
151.617
151.647
151.68
151.715
151.753
151.794
151.837
151.882
151.931
151.979
152.031
152.085
152.139
152.195
152.254
152.312
152.372
152.433
152.496
152.558
152.621
152.684
152.749
152.813
152.877
152.94
153.005
153.069
153.132
153.194
153.256
153.318
153.378
153.438
153.497
153.554
153.611
153.667
153.72
153.774
153.824
153.875
153.922
153.971
154.014
154.059
154.1
154.141
154.178
154.215
154.249
154.282
154.313
154.341
154.368
154.392
154.416
154.435
154.455
154.47
154.485
154.496
154.507
154.513
154.52
154.522
154.524
151.287
151.286
151.282
151.277
151.268
151.258
151.245
151.23
151.213
151.193
151.171
151.147
151.121
151.091
151.062
151.028
150.994
150.956
150.918
150.875
150.834
150.787
150.742
150.692
150.643
150.59
150.537
150.481
150.424
150.366
150.306
150.245
150.183
150.12
150.055
149.99
149.924
149.856
149.788
149.72
149.652
149.583
149.512
149.443
149.374
149.305
149.236
149.167
149.099
149.033
148.966
148.9
148.836
148.774
148.712
148.652
148.595
148.539
148.484
148.434
148.384
148.337
148.293
148.251
148.213
148.177
148.145
148.115
148.089
148.066
148.047
148.031
148.018
148.009
148.004
148.002
148.004
148.009
148.018
148.031
148.047
148.066
148.089
148.115
148.145
148.177
148.213
148.251
148.293
148.337
148.384
148.434
148.484
148.539
148.595
148.652
148.712
148.774
148.836
148.9
148.966
149.033
149.099
149.167
149.236
149.305
149.374
149.443
149.512
149.583
149.652
149.72
149.788
149.856
149.924
149.99
150.055
150.12
150.183
150.245
150.306
150.366
150.424
150.481
150.537
150.59
150.643
150.692
150.742
150.787
150.834
150.875
150.918
150.956
150.994
151.028
151.062
151.091
151.121
151.147
151.171
151.193
151.213
151.23
151.245
151.258
151.268
151.277
151.282
151.286
151.287
148.054
148.052
148.049
148.043
148.034
148.023
148.009
147.993
147.974
147.954
147.929
147.905
147.875
147.846
147.812
147.779
147.74
147.702
147.659
147.616
147.569
147.522
147.471
147.42
147.365
147.31
147.252
147.193
147.132
147.069
147.006
146.94
146.873
146.805
146.736
146.665
146.594
146.522
146.449
146.375
146.301
146.226
146.152
146.076
146.001
145.926
145.852
145.778
145.704
145.63
145.559
145.489
145.419
145.35
145.284
145.219
145.155
145.095
145.037
144.979
144.927
144.875
144.827
144.781
144.739
144.7
144.665
144.632
144.604
144.579
144.557
144.54
144.526
144.517
144.511
144.509
144.511
144.517
144.526
144.54
144.557
144.579
144.604
144.632
144.665
144.7
144.739
144.781
144.827
144.875
144.927
144.979
145.037
145.095
145.155
145.219
145.284
145.35
145.419
145.489
145.559
145.63
145.704
145.778
145.852
145.926
146.001
146.076
146.152
146.226
146.301
146.375
146.449
146.522
146.594
146.665
146.736
146.805
146.873
146.94
147.006
147.069
147.132
147.193
147.252
147.31
147.365
147.42
147.471
147.522
147.569
147.616
147.659
147.702
147.74
147.779
147.812
147.846
147.875
147.905
147.929
147.954
147.974
147.993
148.009
148.023
148.034
148.043
148.049
148.052
148.054
144.823
144.821
144.818
144.81
144.802
144.789
144.775
144.757
144.739
144.715
144.691
144.663
144.634
144.601
144.567
144.528
144.49
144.447
144.404
144.356
144.308
144.256
144.203
144.147
144.09
144.031
143.969
143.906
143.841
143.773
143.705
143.635
143.563
143.49
143.416
143.341
143.263
143.186
143.108
143.03
142.949
142.869
142.788
142.708
142.627
142.546
142.465
142.386
142.307
142.229
142.15
142.074
142
141.926
141.854
141.784
141.717
141.65
141.587
141.527
141.468
141.413
141.361
141.312
141.266
141.224
141.186
141.151
141.12
141.093
141.07
141.051
141.036
141.026
141.019
141.017
141.019
141.026
141.036
141.051
141.07
141.093
141.12
141.151
141.186
141.224
141.266
141.312
141.361
141.413
141.468
141.527
141.587
141.65
141.717
141.784
141.854
141.926
142
142.074
142.15
142.229
142.307
142.386
142.465
142.546
142.627
142.708
142.788
142.869
142.949
143.03
143.108
143.186
143.263
143.341
143.416
143.49
143.563
143.635
143.705
143.773
143.841
143.906
143.969
144.031
144.09
144.147
144.203
144.256
144.308
144.356
144.404
144.447
144.49
144.528
144.567
144.601
144.634
144.663
144.691
144.715
144.739
144.757
144.775
144.789
144.802
144.81
144.818
144.821
144.823
141.594
141.594
141.588
141.582
141.571
141.56
141.543
141.526
141.504
141.482
141.454
141.426
141.393
141.36
141.322
141.283
141.24
141.196
141.148
141.099
141.046
140.992
140.935
140.876
140.814
140.751
140.686
140.617
140.548
140.476
140.403
140.328
140.252
140.173
140.094
140.013
139.932
139.848
139.764
139.679
139.595
139.509
139.422
139.335
139.249
139.164
139.078
138.992
138.907
138.824
138.741
138.659
138.579
138.501
138.424
138.349
138.276
138.207
138.139
138.074
138.013
137.953
137.898
137.846
137.798
137.753
137.712
137.675
137.642
137.613
137.589
137.569
137.553
137.542
137.535
137.533
137.535
137.542
137.553
137.569
137.589
137.613
137.642
137.675
137.712
137.753
137.798
137.846
137.898
137.953
138.013
138.074
138.139
138.207
138.276
138.349
138.424
138.501
138.579
138.659
138.741
138.824
138.907
138.992
139.078
139.164
139.249
139.335
139.422
139.509
139.595
139.679
139.764
139.848
139.932
140.013
140.094
140.173
140.252
140.328
140.403
140.476
140.548
140.617
140.686
140.751
140.814
140.876
140.935
140.992
141.046
141.099
141.148
141.196
141.24
141.283
141.322
141.36
141.393
141.426
141.454
141.482
141.504
141.526
141.543
141.56
141.571
141.582
141.588
141.594
141.594
138.37
138.368
138.364
138.356
138.346
138.332
138.317
138.297
138.275
138.25
138.223
138.191
138.158
138.121
138.082
138.04
137.995
137.947
137.897
137.844
137.789
137.731
137.67
137.607
137.542
137.474
137.404
137.332
137.257
137.182
137.103
137.023
136.941
136.858
136.772
136.686
136.599
136.511
136.421
136.33
136.238
136.147
136.056
135.964
135.871
135.779
135.687
135.597
135.506
135.417
135.328
135.243
135.157
135.073
134.992
134.913
134.836
134.761
134.69
134.621
134.555
134.494
134.434
134.38
134.328
134.281
134.238
134.198
134.164
134.133
134.108
134.086
134.07
134.058
134.051
134.048
134.051
134.058
134.07
134.086
134.108
134.133
134.164
134.198
134.238
134.281
134.328
134.38
134.434
134.494
134.555
134.621
134.69
134.761
134.836
134.913
134.992
135.073
135.157
135.243
135.328
135.417
135.506
135.597
135.687
135.779
135.871
135.964
136.056
136.147
136.238
136.33
136.421
136.511
136.599
136.686
136.772
136.858
136.941
137.023
137.103
137.182
137.257
137.332
137.404
137.474
137.542
137.607
137.67
137.731
137.789
137.844
137.897
137.947
137.995
138.04
138.082
138.121
138.158
138.191
138.223
138.25
138.275
138.297
138.317
138.332
138.346
138.356
138.364
138.368
138.37
135.147
135.146
135.141
135.134
135.122
135.109
135.091
135.071
135.048
135.022
134.992
134.96
134.925
134.886
134.845
134.8
134.753
134.702
134.65
134.593
134.535
134.473
134.409
134.342
134.273
134.201
134.127
134.05
133.971
133.89
133.807
133.721
133.634
133.545
133.456
133.363
133.27
133.175
133.08
132.984
132.887
132.788
132.69
132.592
132.494
132.396
132.298
132.2
132.105
132.01
131.916
131.822
131.732
131.644
131.557
131.472
131.39
131.311
131.234
131.162
131.093
131.025
130.964
130.905
130.851
130.8
130.754
130.713
130.676
130.644
130.616
130.594
130.576
130.563
130.556
130.553
130.556
130.563
130.576
130.594
130.616
130.644
130.676
130.713
130.754
130.8
130.851
130.905
130.964
131.025
131.093
131.162
131.234
131.311
131.39
131.472
131.557
131.644
131.732
131.822
131.916
132.01
132.105
132.2
132.298
132.396
132.494
132.592
132.69
132.788
132.887
132.984
133.08
133.175
133.27
133.363
133.456
133.545
133.634
133.721
133.807
133.89
133.971
134.05
134.127
134.201
134.273
134.342
134.409
134.473
134.535
134.593
134.65
134.702
134.753
134.8
134.845
134.886
134.925
134.96
134.992
135.022
135.048
135.071
135.091
135.109
135.122
135.134
135.141
135.146
135.147
131.929
131.927
131.922
131.914
131.903
131.888
131.871
131.849
131.825
131.797
131.767
131.733
131.696
131.656
131.612
131.566
131.516
131.464
131.407
131.349
131.287
131.222
131.155
131.084
131.011
130.935
130.856
130.776
130.692
130.606
130.518
130.428
130.335
130.241
130.145
130.048
129.948
129.848
129.745
129.643
129.539
129.436
129.331
129.225
129.12
129.016
128.912
128.808
128.704
128.602
128.502
128.404
128.305
128.21
128.118
128.027
127.939
127.854
127.773
127.694
127.619
127.549
127.481
127.419
127.36
127.306
127.256
127.212
127.172
127.138
127.108
127.084
127.065
127.051
127.043
127.041
127.043
127.051
127.065
127.084
127.108
127.138
127.172
127.212
127.256
127.306
127.36
127.419
127.481
127.549
127.619
127.694
127.773
127.854
127.939
128.027
128.118
128.21
128.305
128.404
128.502
128.602
128.704
128.808
128.912
129.016
129.12
129.225
129.331
129.436
129.539
129.643
129.745
129.848
129.948
130.048
130.145
130.241
130.335
130.428
130.518
130.606
130.692
130.776
130.856
130.935
131.011
131.084
131.155
131.222
131.287
131.349
131.407
131.464
131.516
131.566
131.612
131.656
131.696
131.733
131.767
131.797
131.825
131.849
131.871
131.888
131.903
131.914
131.922
131.927
131.929
128.711
128.71
128.705
128.696
128.684
128.669
128.651
128.629
128.604
128.575
128.543
128.508
128.47
128.428
128.383
128.334
128.282
128.227
128.169
128.107
128.043
127.975
127.905
127.831
127.754
127.674
127.592
127.507
127.419
127.328
127.235
127.14
127.043
126.943
126.841
126.737
126.632
126.525
126.418
126.308
126.197
126.086
125.975
125.863
125.751
125.638
125.526
125.415
125.306
125.196
125.088
124.981
124.877
124.774
124.674
124.576
124.482
124.39
124.302
124.218
124.137
124.059
123.988
123.919
123.856
123.797
123.744
123.696
123.653
123.615
123.583
123.557
123.537
123.522
123.513
123.51
123.513
123.522
123.537
123.557
123.583
123.615
123.653
123.696
123.744
123.797
123.856
123.919
123.988
124.059
124.137
124.218
124.302
124.39
124.482
124.576
124.674
124.774
124.877
124.981
125.088
125.196
125.306
125.415
125.526
125.638
125.751
125.863
125.975
126.086
126.197
126.308
126.418
126.525
126.632
126.737
126.841
126.943
127.043
127.14
127.235
127.328
127.419
127.507
127.592
127.674
127.754
127.831
127.905
127.975
128.043
128.107
128.169
128.227
128.282
128.334
128.383
128.428
128.47
128.508
128.543
128.575
128.604
128.629
128.651
128.669
128.684
128.696
128.705
128.71
128.711
125.498
125.496
125.491
125.482
125.47
125.454
125.435
125.413
125.387
125.357
125.324
125.288
125.248
125.205
125.157
125.108
125.053
124.997
124.936
124.872
124.805
124.735
124.66
124.584
124.503
124.42
124.334
124.244
124.152
124.058
123.959
123.859
123.755
123.651
123.544
123.434
123.322
123.209
123.094
122.979
122.861
122.743
122.623
122.504
122.384
122.265
122.145
122.026
121.907
121.79
121.674
121.559
121.446
121.336
121.229
121.123
121.02
120.922
120.826
120.734
120.647
120.564
120.484
120.411
120.342
120.279
120.22
120.168
120.121
120.08
120.045
120.017
119.994
119.978
119.969
119.966
119.969
119.978
119.994
120.017
120.045
120.08
120.121
120.168
120.22
120.279
120.342
120.411
120.484
120.564
120.647
120.734
120.826
120.922
121.02
121.123
121.229
121.336
121.446
121.559
121.674
121.79
121.907
122.026
122.145
122.265
122.384
122.504
122.623
122.743
122.861
122.979
123.094
123.209
123.322
123.434
123.544
123.651
123.755
123.859
123.959
124.058
124.152
124.244
124.334
124.42
124.503
124.584
124.66
124.735
124.805
124.872
124.936
124.997
125.053
125.108
125.157
125.205
125.248
125.288
125.324
125.357
125.387
125.413
125.435
125.454
125.47
125.482
125.491
125.496
125.498
122.286
122.284
122.279
122.27
122.257
122.241
122.221
122.198
122.171
122.141
122.107
122.069
122.028
121.983
121.935
121.883
121.827
121.768
121.706
121.639
121.57
121.496
121.42
121.339
121.256
121.168
121.079
120.985
120.888
120.788
120.687
120.581
120.473
120.362
120.248
120.133
120.016
119.896
119.775
119.651
119.527
119.401
119.275
119.147
119.019
118.891
118.764
118.637
118.51
118.383
118.259
118.136
118.015
117.896
117.779
117.666
117.556
117.448
117.345
117.246
117.151
117.061
116.976
116.895
116.821
116.751
116.689
116.631
116.581
116.536
116.498
116.467
116.443
116.426
116.415
116.412
116.415
116.426
116.443
116.467
116.498
116.536
116.581
116.631
116.689
116.751
116.821
116.895
116.976
117.061
117.151
117.246
117.345
117.448
117.556
117.666
117.779
117.896
118.015
118.136
118.259
118.383
118.51
118.637
118.764
118.891
119.019
119.147
119.275
119.401
119.527
119.651
119.775
119.896
120.016
120.133
120.248
120.362
120.473
120.581
120.687
120.788
120.888
120.985
121.079
121.168
121.256
121.339
121.42
121.496
121.57
121.639
121.706
121.768
121.827
121.883
121.935
121.983
122.028
122.069
122.107
122.141
122.171
122.198
122.221
122.241
122.257
122.27
122.279
122.284
122.286
119.078
119.076
119.071
119.061
119.048
119.032
119.012
118.988
118.96
118.929
118.894
118.855
118.812
118.766
118.716
118.663
118.605
118.544
118.479
118.411
118.338
118.263
118.182
118.1
118.012
117.922
117.827
117.731
117.63
117.525
117.417
117.307
117.194
117.078
116.958
116.837
116.712
116.586
116.458
116.328
116.196
116.062
115.927
115.792
115.657
115.521
115.384
115.247
115.112
114.978
114.844
114.712
114.582
114.455
114.329
114.207
114.088
113.973
113.861
113.754
113.652
113.554
113.462
113.376
113.294
113.22
113.151
113.089
113.034
112.986
112.945
112.911
112.885
112.866
112.855
112.851
112.855
112.866
112.885
112.911
112.945
112.986
113.034
113.089
113.151
113.22
113.294
113.376
113.462
113.554
113.652
113.754
113.861
113.973
114.088
114.207
114.329
114.455
114.582
114.712
114.844
114.978
115.112
115.247
115.384
115.521
115.657
115.792
115.927
116.062
116.196
116.328
116.458
116.586
116.712
116.837
116.958
117.078
117.194
117.307
117.417
117.525
117.63
117.731
117.827
117.922
118.012
118.1
118.182
118.263
118.338
118.411
118.479
118.544
118.605
118.663
118.716
118.766
118.812
118.855
118.894
118.929
118.96
118.988
119.012
119.032
119.048
119.061
119.071
119.076
119.078
115.872
115.87
115.864
115.855
115.841
115.825
115.804
115.779
115.751
115.719
115.682
115.643
115.599
115.551
115.5
115.444
115.385
115.322
115.255
115.184
115.109
115.03
114.948
114.861
114.771
114.677
114.579
114.477
114.372
114.263
114.151
114.035
113.916
113.794
113.669
113.541
113.411
113.277
113.142
113.004
112.865
112.724
112.582
112.437
112.293
112.148
112.004
111.859
111.714
111.57
111.428
111.287
111.148
111.01
110.877
110.746
110.618
110.494
110.375
110.259
110.149
110.044
109.945
109.851
109.765
109.683
109.61
109.543
109.484
109.431
109.387
109.351
109.322
109.302
109.289
109.285
109.289
109.302
109.322
109.351
109.387
109.431
109.484
109.543
109.61
109.683
109.765
109.851
109.945
110.044
110.149
110.259
110.375
110.494
110.618
110.746
110.877
111.01
111.148
111.287
111.428
111.57
111.714
111.859
112.004
112.148
112.293
112.437
112.582
112.724
112.865
113.004
113.142
113.277
113.411
113.541
113.669
113.794
113.916
114.035
114.151
114.263
114.372
114.477
114.579
114.677
114.771
114.861
114.948
115.03
115.109
115.184
115.255
115.322
115.385
115.444
115.5
115.551
115.599
115.643
115.682
115.719
115.751
115.779
115.804
115.825
115.841
115.855
115.864
115.87
115.872
112.669
112.668
112.662
112.652
112.638
112.621
112.6
112.575
112.545
112.512
112.475
112.434
112.39
112.34
112.288
112.23
112.169
112.104
112.035
111.962
111.884
111.803
111.717
111.628
111.533
111.436
111.334
111.229
111.118
111.005
110.887
110.767
110.643
110.515
110.383
110.248
110.111
109.971
109.829
109.684
109.536
109.387
109.236
109.085
108.932
108.778
108.623
108.47
108.316
108.163
108.011
107.861
107.712
107.567
107.423
107.283
107.146
107.014
106.885
106.762
106.644
106.531
106.424
106.324
106.23
106.144
106.064
105.992
105.928
105.872
105.824
105.785
105.755
105.732
105.719
105.715
105.719
105.732
105.755
105.785
105.824
105.872
105.928
105.992
106.064
106.144
106.23
106.324
106.424
106.531
106.644
106.762
106.885
107.014
107.146
107.283
107.423
107.567
107.712
107.861
108.011
108.163
108.316
108.47
108.623
108.778
108.932
109.085
109.236
109.387
109.536
109.684
109.829
109.971
110.111
110.248
110.383
110.515
110.643
110.767
110.887
111.005
111.118
111.229
111.334
111.436
111.533
111.628
111.717
111.803
111.884
111.962
112.035
112.104
112.169
112.23
112.288
112.34
112.39
112.434
112.475
112.512
112.545
112.575
112.6
112.621
112.638
112.652
112.662
112.668
112.669
109.468
109.466
109.46
109.451
109.437
109.419
109.397
109.371
109.341
109.307
109.27
109.227
109.181
109.131
109.077
109.018
108.955
108.888
108.816
108.741
108.661
108.576
108.488
108.395
108.298
108.196
108.091
107.98
107.867
107.748
107.626
107.499
107.369
107.235
107.098
106.957
106.813
106.665
106.515
106.363
106.208
106.051
105.891
105.73
105.569
105.406
105.243
105.079
104.916
104.754
104.593
104.433
104.275
104.119
103.967
103.817
103.671
103.529
103.393
103.261
103.134
103.014
102.9
102.792
102.692
102.599
102.514
102.437
102.368
102.308
102.257
102.215
102.182
102.158
102.144
102.139
102.144
102.158
102.182
102.215
102.257
102.308
102.368
102.437
102.514
102.599
102.692
102.792
102.9
103.014
103.134
103.261
103.393
103.529
103.671
103.817
103.967
104.119
104.275
104.433
104.593
104.754
104.916
105.079
105.243
105.406
105.569
105.73
105.891
106.051
106.208
106.363
106.515
106.665
106.813
106.957
107.098
107.235
107.369
107.499
107.626
107.748
107.867
107.98
108.091
108.196
108.298
108.395
108.488
108.576
108.661
108.741
108.816
108.888
108.955
109.018
109.077
109.131
109.181
109.227
109.27
109.307
109.341
109.371
109.397
109.419
109.437
109.451
109.46
109.466
109.468
106.27
106.268
106.262
106.252
106.238
106.22
106.198
106.171
106.141
106.106
106.067
106.024
105.977
105.925
105.869
105.809
105.744
105.675
105.601
105.523
105.441
105.354
105.262
105.166
105.066
104.961
104.85
104.736
104.617
104.494
104.367
104.235
104.099
103.959
103.815
103.668
103.517
103.363
103.205
103.044
102.88
102.715
102.548
102.378
102.207
102.035
101.862
101.69
101.517
101.345
101.173
101.004
100.836
100.671
100.508
100.349
100.194
100.043
99.8963
99.7561
99.6211
99.4921
99.3704
99.2558
99.148
99.0493
98.9578
98.8757
98.8021
98.7379
98.6831
98.638
98.6027
98.5774
98.5622
98.5571
98.5622
98.5774
98.6027
98.638
98.6831
98.7379
98.8021
98.8757
98.9578
99.0493
99.148
99.2558
99.3704
99.4921
99.6211
99.7561
99.8963
100.043
100.194
100.349
100.508
100.671
100.836
101.004
101.173
101.345
101.517
101.69
101.862
102.035
102.207
102.378
102.548
102.715
102.88
103.044
103.205
103.363
103.517
103.668
103.815
103.959
104.099
104.235
104.367
104.494
104.617
104.736
104.85
104.961
105.066
105.166
105.262
105.354
105.441
105.523
105.601
105.675
105.744
105.809
105.869
105.925
105.977
106.024
106.067
106.106
106.141
106.171
106.198
106.22
106.238
106.252
106.262
106.268
106.27
103.073
103.07
103.064
103.054
103.04
103.021
102.998
102.971
102.94
102.904
102.865
102.82
102.772
102.719
102.662
102.6
102.533
102.463
102.387
102.306
102.222
102.132
102.037
101.937
101.834
101.725
101.612
101.493
101.37
101.241
101.108
100.971
100.83
100.684
100.534
100.379
100.221
100.059
99.8938
99.7255
99.5542
99.3795
99.2029
99.0243
98.8447
98.6633
98.4809
98.2977
98.1152
97.9332
97.7521
97.5718
97.3938
97.2185
97.0464
96.8769
96.7118
96.5516
96.3965
96.2462
96.1029
95.9661
95.8358
95.7134
95.5995
95.493
95.3964
95.3081
95.2299
95.1613
95.1028
95.0546
95.017
94.99
94.9737
94.9683
94.9737
94.99
95.017
95.0546
95.1028
95.1613
95.2299
95.3081
95.3964
95.493
95.5995
95.7134
95.8358
95.9661
96.1029
96.2462
96.3965
96.5516
96.7118
96.8769
97.0464
97.2185
97.3938
97.5718
97.7521
97.9332
98.1152
98.2977
98.4809
98.6633
98.8447
99.0243
99.2029
99.3795
99.5542
99.7255
99.8938
100.059
100.221
100.379
100.534
100.684
100.83
100.971
101.108
101.241
101.37
101.493
101.612
101.725
101.834
101.937
102.037
102.132
102.222
102.306
102.387
102.463
102.533
102.6
102.662
102.719
102.772
102.82
102.865
102.904
102.94
102.971
102.998
103.021
103.04
103.054
103.064
103.07
103.073
99.8775
99.8753
99.8691
99.8584
99.8438
99.8247
99.8016
99.7739
99.7422
99.7059
99.6653
99.6202
99.5706
99.5165
99.4576
99.3944
99.3262
99.2533
99.1758
99.0929
99.0052
98.9131
98.8158
98.7135
98.6054
98.4927
98.3745
98.2522
98.1242
97.9921
97.8538
97.7111
97.5631
97.4109
97.2542
97.0936
96.9281
96.7588
96.5852
96.4084
96.2284
96.0461
95.8605
95.6726
95.4824
95.2914
95.0993
94.9068
94.7135
94.5207
94.3289
94.139
93.9505
93.7643
93.5812
93.4024
93.2272
93.0566
92.8915
92.7328
92.5797
92.4338
92.2959
92.1655
92.0434
91.9312
91.8272
91.7339
91.6501
91.5771
91.5147
91.4633
91.4231
91.3943
91.377
91.3712
91.377
91.3943
91.4231
91.4633
91.5147
91.5771
91.6501
91.7339
91.8272
91.9312
92.0434
92.1655
92.2959
92.4338
92.5797
92.7328
92.8915
93.0566
93.2272
93.4024
93.5812
93.7643
93.9505
94.139
94.3289
94.5207
94.7135
94.9068
95.0993
95.2914
95.4824
95.6726
95.8605
96.0461
96.2284
96.4084
96.5852
96.7588
96.9281
97.0936
97.2542
97.4109
97.5631
97.7111
97.8538
97.9921
98.1242
98.2522
98.3745
98.4927
98.6054
98.7135
98.8158
98.9131
99.0052
99.0929
99.1758
99.2533
99.3262
99.3944
99.4576
99.5165
99.5706
99.6202
99.6653
99.7059
99.7422
99.7739
99.8016
99.8247
99.8438
99.8584
99.8691
99.8753
99.8775
96.6839
96.6817
96.6754
96.6646
96.6497
96.6303
96.6067
96.5786
96.5461
96.5092
96.4677
96.4218
96.371
96.3159
96.2557
96.1909
96.1212
96.0463
95.9668
95.8822
95.7921
95.6966
95.5962
95.4906
95.3801
95.2638
95.1423
95.0145
94.8822
94.7438
94.6013
94.453
94.3
94.1413
93.9778
93.8092
93.6367
93.4596
93.2789
93.0938
92.9051
92.7127
92.518
92.3208
92.1217
91.9202
91.7175
91.5139
91.3107
91.1075
90.9049
90.7032
90.5041
90.3075
90.1139
89.9235
89.738
89.5575
89.3824
89.213
89.0512
88.8964
88.7491
88.6108
88.4815
88.361
88.2515
88.1513
88.0626
87.9847
87.9183
87.8636
87.8208
87.7901
87.7717
87.7655
87.7717
87.7901
87.8208
87.8636
87.9183
87.9847
88.0626
88.1513
88.2515
88.361
88.4815
88.6108
88.7491
88.8964
89.0512
89.213
89.3824
89.5575
89.738
89.9235
90.1139
90.3075
90.5041
90.7032
90.9049
91.1075
91.3107
91.5139
91.7175
91.9202
92.1217
92.3208
92.518
92.7127
92.9051
93.0938
93.2789
93.4596
93.6367
93.8092
93.9778
94.1413
94.3
94.453
94.6013
94.7438
94.8822
95.0145
95.1423
95.2638
95.3801
95.4906
95.5962
95.6966
95.7921
95.8822
95.9668
96.0463
96.1212
96.1909
96.2557
96.3159
96.371
96.4218
96.4677
96.5092
96.5461
96.5786
96.6067
96.6303
96.6497
96.6646
96.6754
96.6817
96.6839
93.4951
93.4929
93.4865
93.4755
93.4603
93.4407
93.4166
93.3881
93.355
93.3175
93.2752
93.2285
93.1767
93.1204
93.059
92.9927
92.9216
92.845
92.7631
92.6763
92.5843
92.4868
92.3834
92.2744
92.1597
92.0398
91.9141
91.7833
91.6461
91.5037
91.3546
91.2007
91.0409
90.8763
90.7064
90.5315
90.351
90.166
89.9761
89.7826
89.5852
89.3844
89.1797
88.9722
88.7622
88.5508
88.3378
88.1237
87.9086
87.694
87.4802
87.268
87.0569
86.8486
86.6436
86.4428
86.2458
86.0541
85.8684
85.6894
85.5168
85.3524
85.1965
85.0492
84.9113
84.7841
84.6665
84.5609
84.4659
84.3832
84.3124
84.2542
84.2087
84.176
84.1563
84.1498
84.1563
84.176
84.2087
84.2542
84.3124
84.3832
84.4659
84.5609
84.6665
84.7841
84.9113
85.0492
85.1965
85.3524
85.5168
85.6894
85.8684
86.0541
86.2458
86.4428
86.6436
86.8486
87.0569
87.268
87.4802
87.694
87.9086
88.1237
88.3378
88.5508
88.7622
88.9722
89.1797
89.3844
89.5852
89.7826
89.9761
90.166
90.351
90.5315
90.7064
90.8763
91.0409
91.2007
91.3546
91.5037
91.6461
91.7833
91.9141
92.0398
92.1597
92.2744
92.3834
92.4868
92.5843
92.6763
92.7631
92.845
92.9216
92.9927
93.059
93.1204
93.1767
93.2285
93.2752
93.3175
93.355
93.3881
93.4166
93.4407
93.4603
93.4755
93.4865
93.4929
93.4951
90.3113
90.3091
90.3025
90.2914
90.276
90.2561
90.2316
90.2027
90.1691
90.131
90.088
90.0404
89.9878
89.9303
89.8679
89.8001
89.7275
89.6496
89.566
89.4767
89.3819
89.2817
89.1759
89.0644
88.9469
88.823
88.6932
88.5571
88.4156
88.2677
88.1146
87.9547
87.7894
87.6176
87.4404
87.2576
87.0701
86.8771
86.6795
86.4767
86.2697
86.0586
85.8446
85.6271
85.4069
85.1839
84.9595
84.7339
84.5081
84.2817
84.0558
83.8309
83.6086
83.3885
83.1715
82.9581
82.7501
82.5471
82.35
82.1596
81.9773
81.8025
81.6365
81.4804
81.3341
81.198
81.074
80.9607
80.8603
80.772
80.6968
80.6348
80.5863
80.5515
80.5306
80.5236
80.5306
80.5515
80.5863
80.6348
80.6968
80.772
80.8603
80.9607
81.074
81.198
81.3341
81.4804
81.6365
81.8025
81.9773
82.1596
82.35
82.5471
82.7501
82.9581
83.1715
83.3885
83.6086
83.8309
84.0558
84.2817
84.5081
84.7339
84.9595
85.1839
85.4069
85.6271
85.8446
86.0586
86.2697
86.4767
86.6795
86.8771
87.0701
87.2576
87.4404
87.6176
87.7894
87.9547
88.1146
88.2677
88.4156
88.5571
88.6932
88.823
88.9469
89.0644
89.1759
89.2817
89.3819
89.4767
89.566
89.6496
89.7275
89.8001
89.8679
89.9303
89.9878
90.0404
90.088
90.131
90.1691
90.2027
90.2316
90.2561
90.276
90.2914
90.3025
90.3091
90.3113
87.1315
87.1293
87.1226
87.1115
87.0957
87.0756
87.0508
87.0216
86.9874
86.9488
86.9052
86.8569
86.8035
86.745
86.6816
86.6127
86.5382
86.4585
86.3736
86.2829
86.1861
86.0832
85.9742
85.8592
85.7382
85.6112
85.4778
85.3382
85.1916
85.039
84.8792
84.714
84.5421
84.3646
84.1806
83.9907
83.7945
83.5931
83.3862
83.1749
82.9587
82.7381
82.5129
82.2846
82.0532
81.8196
81.5836
81.3461
81.1074
80.869
80.6309
80.394
80.1584
79.9256
79.6962
79.471
79.25
79.0349
78.8262
78.6246
78.4303
78.2452
78.0692
77.9029
77.7474
77.6034
77.4706
77.351
77.2435
77.1499
77.0698
77.0038
76.9522
76.9152
76.8929
76.8855
76.8929
76.9152
76.9522
77.0038
77.0698
77.1499
77.2435
77.351
77.4706
77.6034
77.7474
77.9029
78.0692
78.2452
78.4303
78.6246
78.8262
79.0349
79.25
79.471
79.6962
79.9256
80.1584
80.394
80.6309
80.869
81.1074
81.3461
81.5836
81.8196
82.0532
82.2846
82.5129
82.7381
82.9587
83.1749
83.3862
83.5931
83.7945
83.9907
84.1806
84.3646
84.5421
84.714
84.8792
85.039
85.1916
85.3382
85.4778
85.6112
85.7382
85.8592
85.9742
86.0832
86.1861
86.2829
86.3736
86.4585
86.5382
86.6127
86.6816
86.745
86.8035
86.8569
86.9052
86.9488
86.9874
87.0216
87.0508
87.0756
87.0957
87.1115
87.1226
87.1293
87.1315
83.9555
83.9534
83.9465
83.9353
83.9194
83.8991
83.874
83.8444
83.8099
83.7708
83.7267
83.6776
83.6237
83.5642
83.4997
83.4301
83.3546
83.2731
83.1859
83.093
82.9943
82.8895
82.7784
82.6608
82.5365
82.4054
82.2679
82.1235
81.9729
81.8152
81.6512
81.4796
81.3017
81.1166
80.9254
80.7278
80.5243
80.3145
80.099
79.8775
79.6512
79.4201
79.1851
78.9457
78.7029
78.4568
78.2088
77.959
77.7083
77.4566
77.2053
76.9549
76.7068
76.4608
76.2179
75.9792
75.7459
75.5179
75.2964
75.0825
74.8771
74.6801
74.4931
74.3169
74.1516
73.9981
73.8577
73.7296
73.616
73.516
73.4309
73.3607
73.3057
73.2663
73.2426
73.2347
73.2426
73.2663
73.3057
73.3607
73.4309
73.516
73.616
73.7296
73.8577
73.9981
74.1516
74.3169
74.4931
74.6801
74.8771
75.0825
75.2964
75.5179
75.7459
75.9792
76.2179
76.4608
76.7068
76.9549
77.2053
77.4566
77.7083
77.959
78.2088
78.4568
78.7029
78.9457
79.1851
79.4201
79.6512
79.8775
80.099
80.3145
80.5243
80.7278
80.9254
81.1166
81.3017
81.4796
81.6512
81.8152
81.9729
82.1235
82.2679
82.4054
82.5365
82.6608
82.7784
82.8895
82.9943
83.093
83.1859
83.2731
83.3546
83.4301
83.4997
83.5642
83.6237
83.6776
83.7267
83.7708
83.8099
83.8444
83.874
83.8991
83.9194
83.9353
83.9465
83.9534
83.9555
80.7812
80.779
80.7721
80.7608
80.7447
80.7243
80.6989
80.6691
80.6343
80.5947
80.5503
80.5005
80.446
80.386
80.3202
80.2492
80.1728
80.0906
80.0024
79.9077
79.8067
79.6992
79.5853
79.4649
79.3378
79.2039
79.0628
78.9146
78.7588
78.5961
78.4258
78.2491
78.0647
77.8738
77.6753
77.4699
77.2576
77.0391
76.8143
76.5839
76.3476
76.1059
75.8591
75.6083
75.3537
75.096
74.8351
74.5722
74.3078
74.0431
73.7784
73.5144
73.2517
72.9919
72.7355
72.4832
72.2356
71.9943
71.7599
71.5331
71.3146
71.1062
70.9077
70.7201
70.5447
70.3819
70.2319
70.0966
69.975
69.8691
69.7783
69.7037
69.6452
69.6032
69.578
69.5696
69.578
69.6032
69.6452
69.7037
69.7783
69.8691
69.975
70.0966
70.2319
70.3819
70.5447
70.7201
70.9077
71.1062
71.3146
71.5331
71.7599
71.9943
72.2356
72.4832
72.7355
72.9919
73.2517
73.5144
73.7784
74.0431
74.3078
74.5722
74.8351
75.096
75.3537
75.6083
75.8591
76.1059
76.3476
76.5839
76.8143
77.0391
77.2576
77.4699
77.6753
77.8738
78.0647
78.2491
78.4258
78.5961
78.7588
78.9146
79.0628
79.2039
79.3378
79.4649
79.5853
79.6992
79.8067
79.9077
80.0024
80.0906
80.1728
80.2492
80.3202
80.386
80.446
80.5005
80.5503
80.5947
80.6343
80.6691
80.6989
80.7243
80.7447
80.7608
80.7721
80.779
80.7812
77.6122
77.61
77.603
77.5917
77.5755
77.5549
77.5295
77.4993
77.4644
77.4244
77.3797
77.3295
77.2742
77.214
77.1479
77.076
76.998
76.9142
76.8244
76.7285
76.6261
76.517
76.4009
76.2777
76.1472
76.0095
75.8646
75.7123
75.5527
75.3851
75.2101
75.0268
74.8363
74.6376
74.4321
74.219
73.9989
73.7714
73.5372
73.2961
73.0493
72.7968
72.5391
72.2763
72.0091
71.738
71.4642
71.188
70.91
70.6307
70.3514
70.0729
69.7962
69.5214
69.25
68.9829
68.7213
68.4655
68.2168
67.9764
67.7451
67.5232
67.3125
67.1136
66.9269
66.7536
66.5948
66.4501
66.3214
66.2082
66.1119
66.0323
65.9701
65.9254
65.8985
65.8895
65.8985
65.9254
65.9701
66.0323
66.1119
66.2082
66.3214
66.4501
66.5948
66.7536
66.9269
67.1136
67.3125
67.5232
67.7451
67.9764
68.2168
68.4655
68.7213
68.9829
69.25
69.5214
69.7962
70.0729
70.3514
70.6307
70.91
71.188
71.4642
71.738
72.0091
72.2763
72.5391
72.7968
73.0493
73.2961
73.5372
73.7714
73.9989
74.219
74.4321
74.6376
74.8363
75.0268
75.2101
75.3851
75.5527
75.7123
75.8646
76.0095
76.1472
76.2777
76.4009
76.517
76.6261
76.7285
76.8244
76.9142
76.998
77.076
77.1479
77.214
77.2742
77.3295
77.3797
77.4244
77.4644
77.4993
77.5295
77.5549
77.5755
77.5917
77.603
77.61
77.6122
74.4475
74.4453
74.4384
74.4269
74.4107
74.3899
74.3645
74.3341
74.2991
74.2589
74.2139
74.1637
74.1077
74.0465
73.9799
73.9077
73.8294
73.7449
73.6538
73.5561
73.4516
73.3403
73.222
73.0966
72.9638
72.8233
72.6748
72.5183
72.3537
72.1813
72.0005
71.8121
71.6151
71.4103
71.1969
70.9756
70.7464
70.51
70.2661
70.0155
69.7577
69.4936
69.2235
68.9484
68.6684
68.3844
68.0964
67.8057
67.5129
67.2192
66.9249
66.6309
66.3381
66.0481
65.7613
65.4787
65.2012
64.9305
64.667
64.4118
64.166
63.931
63.707
63.4953
63.2971
63.113
62.9434
62.7901
62.6526
62.5325
62.4297
62.345
62.2787
62.2311
62.2025
62.1929
62.2025
62.2311
62.2787
62.345
62.4297
62.5325
62.6526
62.7901
62.9434
63.113
63.2971
63.4953
63.707
63.931
64.166
64.4118
64.667
64.9305
65.2012
65.4787
65.7613
66.0481
66.3381
66.6309
66.9249
67.2192
67.5129
67.8057
68.0964
68.3844
68.6684
68.9484
69.2235
69.4936
69.7577
70.0155
70.2661
70.51
70.7464
70.9756
71.1969
71.4103
71.6151
71.8121
72.0005
72.1813
72.3537
72.5183
72.6748
72.8233
72.9638
73.0966
73.222
73.3403
73.4516
73.5561
73.6538
73.7449
73.8294
73.9077
73.9799
74.0465
74.1077
74.1637
74.2139
74.2589
74.2991
74.3341
74.3645
74.3899
74.4107
74.4269
74.4384
74.4453
74.4475
71.2875
71.2852
71.2783
71.2667
71.2506
71.2297
71.2043
71.1738
71.1387
71.0984
71.0531
71.0029
70.9473
70.8859
70.8185
70.7453
70.666
70.5806
70.4888
70.3903
70.2848
70.172
70.0516
69.9235
69.7876
69.6438
69.492
69.3319
69.1635
68.9862
68.8004
68.6054
68.4022
68.1898
67.9694
67.7402
67.5027
67.2566
67.0027
66.7409
66.4721
66.1964
65.9143
65.626
65.3324
65.0339
64.7318
64.4263
64.1184
63.8085
63.4981
63.188
62.8793
62.5723
62.2688
61.9698
61.6763
61.389
61.1095
60.8389
60.5782
60.3281
60.0903
59.8655
59.6544
59.4584
59.2785
59.1146
58.9688
58.8405
58.7311
58.6408
58.5702
58.5195
58.489
58.4788
58.489
58.5195
58.5702
58.6408
58.7311
58.8405
58.9688
59.1146
59.2785
59.4584
59.6544
59.8655
60.0903
60.3281
60.5782
60.8389
61.1095
61.389
61.6763
61.9698
62.2688
62.5723
62.8793
63.188
63.4981
63.8085
64.1184
64.4263
64.7318
65.0339
65.3324
65.626
65.9143
66.1964
66.4721
66.7409
67.0027
67.2566
67.5027
67.7402
67.9694
68.1898
68.4022
68.6054
68.8004
68.9862
69.1635
69.3319
69.492
69.6438
69.7876
69.9235
70.0516
70.172
70.2848
70.3903
70.4888
70.5806
70.666
70.7453
70.8185
70.8859
70.9473
71.0029
71.0531
71.0984
71.1387
71.1738
71.2043
71.2297
71.2506
71.2667
71.2783
71.2852
71.2875
68.1307
68.1284
68.1215
68.1099
68.0938
68.0729
68.0475
68.0171
67.9821
67.9421
67.8965
67.8458
67.7899
67.7286
67.6616
67.5884
67.5089
67.4228
67.3299
67.23
67.123
67.0086
66.8867
66.7569
66.6189
66.4724
66.3171
66.1531
65.98
65.7981
65.607
65.4069
65.1971
64.9783
64.7497
64.5122
64.2654
64.0101
63.7461
63.4738
63.1932
62.9051
62.6098
62.3083
62.0007
61.6879
61.3702
61.0489
60.7247
60.3987
60.0714
59.744
59.4176
59.0936
58.7726
58.4559
58.1446
57.8405
57.5441
57.2567
56.9796
56.7143
56.4613
56.222
55.9978
55.7892
55.5972
55.4233
55.2673
55.131
55.0143
54.9181
54.8428
54.7887
54.7562
54.7453
54.7562
54.7887
54.8428
54.9181
55.0143
55.131
55.2673
55.4233
55.5972
55.7892
55.9978
56.222
56.4613
56.7143
56.9796
57.2567
57.5441
57.8405
58.1446
58.4559
58.7726
59.0936
59.4176
59.744
60.0714
60.3987
60.7247
61.0489
61.3702
61.6879
62.0007
62.3083
62.6098
62.9051
63.1932
63.4738
63.7461
64.0101
64.2654
64.5122
64.7497
64.9783
65.1971
65.4069
65.607
65.7981
65.98
66.1531
66.3171
66.4724
66.6189
66.7569
66.8867
67.0086
67.123
67.23
67.3299
67.4228
67.5089
67.5884
67.6616
67.7286
67.7899
67.8458
67.8965
67.9421
67.9821
68.0171
68.0475
68.0729
68.0938
68.1099
68.1215
68.1284
68.1307
64.9772
64.9748
64.968
64.9564
64.9403
64.9194
64.8941
64.8638
64.8286
64.7889
64.7441
64.6939
64.638
64.5764
64.5089
64.4354
64.3557
64.2695
64.1764
64.0761
63.9683
63.8527
63.729
63.597
63.4565
63.3073
63.1493
62.982
62.8052
62.6187
62.4225
62.2161
62.0001
61.7739
61.5383
61.2924
61.0369
60.7715
60.4969
60.2131
59.9209
59.6203
59.3119
58.996
58.6736
58.3453
58.0121
57.6744
57.3332
56.9894
56.6444
56.299
55.9544
55.6115
55.2718
54.9366
54.6071
54.2842
53.9696
53.6647
53.3705
53.0881
52.8193
52.5649
52.3259
52.1039
51.8997
51.7139
51.5482
51.4025
51.2782
51.1756
51.0953
51.0376
51.0029
50.9913
51.0029
51.0376
51.0953
51.1756
51.2782
51.4025
51.5482
51.7139
51.8997
52.1039
52.3259
52.5649
52.8193
53.0881
53.3705
53.6647
53.9696
54.2842
54.6071
54.9366
55.2718
55.6115
55.9544
56.299
56.6444
56.9894
57.3332
57.6744
58.0121
58.3453
58.6736
58.996
59.3119
59.6203
59.9209
60.2131
60.4969
60.7715
61.0369
61.2924
61.5383
61.7739
62.0001
62.2161
62.4225
62.6187
62.8052
62.982
63.1493
63.3073
63.4565
63.597
63.729
63.8527
63.9683
64.0761
64.1764
64.2695
64.3557
64.4354
64.5089
64.5764
64.638
64.6939
64.7441
64.7889
64.8286
64.8638
64.8941
64.9194
64.9403
64.9564
64.968
64.9748
64.9772
61.8301
61.8277
61.8209
61.8093
61.7934
61.7726
61.7474
61.7177
61.6827
61.6427
61.5979
61.548
61.4927
61.4318
61.3649
61.2918
61.212
61.1254
61.0318
60.9308
60.8223
60.7059
60.5812
60.4479
60.3056
60.154
59.9928
59.822
59.6411
59.4503
59.2491
59.0376
58.8151
58.5822
58.3383
58.084
57.819
57.544
57.2587
56.9636
56.6586
56.3448
56.0223
55.692
55.3543
55.01
54.6596
54.3045
53.9454
53.5834
53.2194
52.8546
52.4902
52.1279
51.7683
51.4131
51.0634
50.7212
50.3873
50.0631
49.7503
49.4503
49.1639
48.893
48.6387
48.402
48.1841
47.9864
47.8092
47.6541
47.5213
47.4118
47.3261
47.2645
47.2274
47.215
47.2274
47.2645
47.3261
47.4118
47.5213
47.6541
47.8092
47.9864
48.1841
48.402
48.6387
48.893
49.1639
49.4503
49.7503
50.0631
50.3873
50.7212
51.0634
51.4131
51.7683
52.1279
52.4902
52.8546
53.2194
53.5834
53.9454
54.3045
54.6596
55.01
55.3543
55.692
56.0223
56.3448
56.6586
56.9636
57.2587
57.544
57.819
58.084
58.3383
58.5822
58.8151
59.0376
59.2491
59.4503
59.6411
59.822
59.9928
60.154
60.3056
60.4479
60.5812
60.7059
60.8223
60.9308
61.0318
61.1254
61.212
61.2918
61.3649
61.4318
61.4927
61.548
61.5979
61.6427
61.6827
61.7177
61.7474
61.7726
61.7934
61.8093
61.8209
61.8277
61.8301
58.6864
58.684
58.6772
58.6656
58.6496
58.629
58.6036
58.5741
58.5401
58.501
58.4568
58.4073
58.3522
58.2915
58.225
58.1522
58.073
57.9869
57.8936
57.7927
57.6838
57.5666
57.4407
57.3059
57.1618
57.0082
56.8447
56.671
56.4867
56.2915
56.0854
55.8679
55.6394
55.3993
55.1482
54.8853
54.6112
54.3256
54.0292
53.722
53.4046
53.0773
52.7405
52.3946
52.0407
51.6795
51.3118
50.9384
50.5603
50.1786
49.7947
49.4096
49.0246
48.6409
48.2602
47.8839
47.5133
47.1497
46.795
46.4507
46.1181
45.7985
45.4939
45.2053
44.9342
44.6819
44.4497
44.2384
44.0496
43.8838
43.7422
43.6252
43.5336
43.4678
43.4282
43.415
43.4282
43.4678
43.5336
43.6252
43.7422
43.8838
44.0496
44.2384
44.4497
44.6819
44.9342
45.2053
45.4939
45.7985
46.1181
46.4507
46.795
47.1497
47.5133
47.8839
48.2602
48.6409
49.0246
49.4096
49.7947
50.1786
50.5603
50.9384
51.3118
51.6795
52.0407
52.3946
52.7405
53.0773
53.4046
53.722
54.0292
54.3256
54.6112
54.8853
55.1482
55.3993
55.6394
55.8679
56.0854
56.2915
56.4867
56.671
56.8447
57.0082
57.1618
57.3059
57.4407
57.5666
57.6838
57.7927
57.8936
57.9869
58.073
58.1522
58.225
58.2915
58.3522
58.4073
58.4568
58.501
58.5401
58.5741
58.6036
58.629
58.6496
58.6656
58.6772
58.684
58.6864
55.5462
55.5438
55.5369
55.5254
55.5095
55.4894
55.4645
55.4349
55.4009
55.3623
55.3189
55.2704
55.2165
55.1569
55.0912
55.0192
54.9405
54.8548
54.7617
54.6609
54.552
54.4347
54.3085
54.1729
54.0276
53.8721
53.7062
53.5295
53.3417
53.1426
52.9319
52.7094
52.4747
52.2278
51.9685
51.6971
51.4134
51.1178
50.8102
50.4909
50.1601
49.8186
49.4666
49.1052
48.7345
48.3556
47.9692
47.5765
47.1786
46.7765
46.3713
45.9644
45.5573
45.1515
44.7482
44.349
43.9557
43.5699
43.193
42.8267
42.4727
42.1327
41.808
41.5004
41.2114
40.9422
40.6943
40.469
40.2671
40.0902
39.9387
39.8137
39.7158
39.6455
39.6032
39.589
39.6032
39.6455
39.7158
39.8137
39.9387
40.0902
40.2671
40.469
40.6943
40.9422
41.2114
41.5004
41.808
42.1327
42.4727
42.8267
43.193
43.5699
43.9557
44.349
44.7482
45.1515
45.5573
45.9644
46.3713
46.7765
47.1786
47.5765
47.9692
48.3556
48.7345
49.1052
49.4666
49.8186
50.1601
50.4909
50.8102
51.1178
51.4134
51.6971
51.9685
52.2278
52.4747
52.7094
52.9319
53.1426
53.3417
53.5295
53.7062
53.8721
54.0276
54.1729
54.3085
54.4347
54.552
54.6609
54.7617
54.8548
54.9405
55.0192
55.0912
55.1569
55.2165
55.2704
55.3189
55.3623
55.4009
55.4349
55.4645
55.4894
55.5095
55.5254
55.5369
55.5438
55.5462
52.4115
52.409
52.4018
52.3901
52.3738
52.3536
52.3294
52.3008
52.2677
52.23
52.1874
52.1397
52.0866
52.028
51.9634
51.8926
51.8151
51.7305
51.6384
51.5383
51.4298
51.3124
51.1858
51.0496
50.9033
50.7465
50.5788
50.3998
50.209
50.0061
49.7909
49.5629
49.3223
49.0686
48.8019
48.5218
48.2286
47.9222
47.603
47.2711
46.927
46.5709
46.2034
45.8251
45.4368
45.0393
44.6337
44.2207
43.8016
43.3775
42.9499
42.5201
42.0895
41.6596
41.2323
40.809
40.3915
39.9814
39.5807
39.1911
38.8142
38.4518
38.1059
37.7778
37.4693
37.182
36.9172
36.6763
36.4608
36.2715
36.1096
35.9759
35.8712
35.7959
35.7506
35.7355
35.7506
35.7959
35.8712
35.9759
36.1096
36.2715
36.4608
36.6763
36.9172
37.182
37.4693
37.7778
38.1059
38.4518
38.8142
39.1911
39.5807
39.9814
40.3915
40.809
41.2323
41.6596
42.0895
42.5201
42.9499
43.3775
43.8016
44.2207
44.6337
45.0393
45.4368
45.8251
46.2034
46.5709
46.927
47.2711
47.603
47.9222
48.2286
48.5218
48.8019
49.0686
49.3223
49.5629
49.7909
50.0061
50.209
50.3998
50.5788
50.7465
50.9033
51.0496
51.1858
51.3124
51.4298
51.5383
51.6384
51.7305
51.8151
51.8926
51.9634
52.028
52.0866
52.1397
52.1874
52.23
52.2677
52.3008
52.3294
52.3536
52.3738
52.3901
52.4018
52.409
52.4115
49.281
49.2785
49.271
49.2594
49.2434
49.2231
49.1989
49.1707
49.1383
49.1016
49.0604
49.0142
48.9627
48.9057
48.8426
48.7732
48.697
48.6136
48.5226
48.4235
48.3159
48.1992
48.073
47.9368
47.79
47.6321
47.4628
47.2816
47.088
46.8818
46.6625
46.4298
46.1832
45.9229
45.6483
45.3596
45.0567
44.7398
44.4088
44.0641
43.7058
43.3345
42.9508
42.5553
42.1486
41.7317
41.3055
40.8711
40.4297
39.9826
39.5311
39.0767
38.6211
38.1659
37.7128
37.2635
36.82
36.3842
35.9579
35.543
35.1414
34.7552
34.3861
34.0359
33.7065
33.3995
33.1165
32.8591
32.6284
32.426
32.2526
32.1096
31.9974
31.9169
31.8684
31.8522
31.8684
31.9169
31.9974
32.1096
32.2526
32.426
32.6284
32.8591
33.1165
33.3995
33.7065
34.0359
34.3861
34.7552
35.1414
35.543
35.9579
36.3842
36.82
37.2635
37.7128
38.1659
38.6211
39.0767
39.5311
39.9826
40.4297
40.8711
41.3055
41.7317
42.1486
42.5553
42.9508
43.3345
43.7058
44.0641
44.4088
44.7398
45.0567
45.3596
45.6483
45.9229
46.1832
46.4298
46.6625
46.8818
47.088
47.2816
47.4628
47.6321
47.79
47.9368
48.073
48.1992
48.3159
48.4235
48.5226
48.6136
48.697
48.7732
48.8426
48.9057
48.9627
49.0142
49.0604
49.1016
49.1383
49.1707
49.1989
49.2231
49.2434
49.2594
49.271
49.2785
49.281
46.1565
46.1534
46.1446
46.1319
46.1157
46.0958
46.0724
46.0451
46.0139
45.9784
45.9385
45.8938
45.844
45.7887
45.7276
45.6601
45.5859
45.5044
45.4151
45.3176
45.2112
45.0955
44.97
44.8341
44.6872
44.5289
44.3586
44.1758
43.98
43.7706
43.5474
43.3099
43.0579
42.7909
42.509
42.2117
41.8992
41.5713
41.2283
40.8703
40.4977
40.1108
39.7103
39.2966
38.8706
38.4333
37.9856
37.5286
37.0636
36.592
36.1152
35.6348
35.1525
34.6701
34.1895
33.7125
33.2412
32.7776
32.3238
31.8818
31.4537
31.0416
30.6477
30.2737
29.9216
29.5934
29.2907
29.0151
28.7683
28.5515
28.3659
28.2126
28.0925
28.0062
27.9542
27.9369
27.9542
28.0062
28.0925
28.2126
28.3659
28.5515
28.7683
29.0151
29.2907
29.5934
29.9216
30.2737
30.6477
31.0416
31.4537
31.8818
32.3238
32.7776
33.2412
33.7125
34.1895
34.6701
35.1525
35.6348
36.1152
36.592
37.0636
37.5286
37.9856
38.4333
38.8706
39.2966
39.7103
40.1108
40.4977
40.8703
41.2283
41.5713
41.8992
42.2117
42.509
42.7909
43.0579
43.3099
43.5474
43.7706
43.98
44.1758
44.3586
44.5289
44.6872
44.8341
44.97
45.0955
45.2112
45.3176
45.4151
45.5044
45.5859
45.6601
45.7276
45.7887
45.844
45.8938
45.9385
45.9784
46.0139
46.0451
46.0724
46.0958
46.1157
46.1319
46.1446
46.1534
46.1565
43.036
43.0315
43.0217
43.008
42.9912
42.9713
42.9483
42.9219
42.8919
42.8581
42.8201
42.7774
42.7298
42.6769
42.618
42.5529
42.4809
42.4017
42.3146
42.2191
42.1146
42.0006
41.8764
41.7415
41.5951
41.4368
41.2659
41.0819
40.8842
40.6723
40.4457
40.2039
39.9465
39.6733
39.3839
39.0781
38.7559
38.4171
38.0619
37.6905
37.303
36.9
36.4819
36.0495
35.6035
35.1448
34.6744
34.1936
33.7037
33.2061
32.7024
32.1943
31.6837
31.1723
30.6622
30.1556
29.6544
29.1611
28.6777
28.2065
27.7499
27.31
26.8891
26.4894
26.113
25.7618
25.4377
25.1427
24.8783
24.6459
24.447
24.2827
24.1539
24.0613
24.0056
23.9869
24.0056
24.0613
24.1539
24.2827
24.447
24.6459
24.8783
25.1427
25.4377
25.7618
26.113
26.4894
26.8891
27.31
27.7499
28.2065
28.6777
29.1611
29.6544
30.1556
30.6622
31.1723
31.6837
32.1943
32.7024
33.2061
33.7037
34.1936
34.6744
35.1448
35.6035
36.0495
36.4819
36.9
37.303
37.6905
38.0619
38.4171
38.7559
39.0781
39.3839
39.6733
39.9465
40.2039
40.4457
40.6723
40.8842
41.0819
41.2659
41.4368
41.5951
41.7415
41.8764
42.0006
42.1146
42.2191
42.3146
42.4017
42.4809
42.5529
42.618
42.6769
42.7298
42.7774
42.8201
42.8581
42.8919
42.9219
42.9483
42.9713
42.9912
43.008
43.0217
43.0315
43.036
39.9279
39.9163
39.903
39.8879
39.8707
39.8511
39.8289
39.8037
39.7754
39.7434
39.7075
39.6672
39.6222
39.5718
39.5158
39.4535
39.3845
39.3081
39.2237
39.1309
39.0288
38.917
38.7947
38.6613
38.516
38.3583
38.1875
38.0028
37.8038
37.5897
37.3601
37.1144
36.8521
36.5728
36.2762
35.9621
35.6301
35.2804
34.9128
34.5275
34.1248
33.7051
33.2689
32.8169
32.3498
31.8686
31.3744
30.8685
30.3522
29.827
29.2948
28.7572
28.2161
27.6737
27.1321
26.5936
26.0604
25.535
25.0198
24.5172
24.0297
23.5598
23.1098
22.6822
22.2793
21.9033
21.5561
21.2399
20.9564
20.7072
20.4938
20.3175
20.1792
20.0798
20.02
20
20.02
20.0798
20.1792
20.3175
20.4938
20.7072
20.9564
21.2399
21.5561
21.9033
22.2793
22.6822
23.1098
23.5598
24.0297
24.5172
25.0198
25.535
26.0604
26.5936
27.1321
27.6737
28.2161
28.7572
29.2948
29.827
30.3522
30.8685
31.3744
31.8686
32.3498
32.8169
33.2689
33.7051
34.1248
34.5275
34.9128
35.2804
35.6301
35.9621
36.2762
36.5728
36.8521
37.1144
37.3601
37.5897
37.8038
38.0028
38.1875
38.3583
38.516
38.6613
38.7947
38.917
39.0288
39.1309
39.2237
39.3081
39.3845
39.4535
39.5158
39.5718
39.6222
39.6672
39.7075
39.7434
39.7754
39.8037
39.8289
39.8511
39.8707
39.8879
39.903
39.9163
39.9279
