200
200
200
200
200
200
200
200
200
200
200
200
200
200
200
200
200
200
200
200
200
200
200
200
200
200
200
200
200
200
200
200
200
200
200
200
200
200
200
200
200
200
200
200
200
200
200
200
200
200
200
200
200
200
200
200
200
200
200
200
200
200
200
200
200
200
200
200
200
200
200
200
200
200
200
200
200
200
200
200
200
200
200
200
200
200
200
200
200
200
200
200
200
200
200
200
200
200
200
200
200
200
200
200
200
200
200
200
200
200
200
200
200
200
200
200
200
200
200
200
200
200
200
200
200
200
200
200
200
200
200
200
200
200
200
200
200
200
200
200
200
200
200
200
200
200
200
200
200
200
200
196.767
196.768
196.767
196.768
196.767
196.767
196.766
196.766
196.765
196.765
196.763
196.763
196.761
196.76
196.759
196.757
196.756
196.754
196.752
196.75
196.748
196.745
196.742
196.739
196.736
196.733
196.729
196.726
196.722
196.717
196.713
196.708
196.703
196.698
196.692
196.686
196.68
196.673
196.667
196.66
196.653
196.645
196.638
196.63
196.622
196.614
196.605
196.597
196.588
196.58
196.571
196.562
196.553
196.545
196.536
196.527
196.519
196.511
196.503
196.495
196.487
196.48
196.473
196.467
196.46
196.455
196.449
196.445
196.44
196.437
196.433
196.431
196.429
196.427
196.426
196.426
196.426
196.427
196.429
196.431
196.433
196.437
196.44
196.445
196.449
196.455
196.46
196.467
196.473
196.48
196.487
196.495
196.503
196.511
196.519
196.527
196.536
196.545
196.553
196.562
196.571
196.58
196.588
196.597
196.605
196.614
196.622
196.63
196.638
196.645
196.653
196.66
196.667
196.673
196.68
196.686
196.692
196.698
196.703
196.708
196.713
196.717
196.722
196.726
196.729
196.733
196.736
196.739
196.742
196.745
196.748
196.75
196.752
196.754
196.756
196.757
196.759
196.76
196.761
196.763
196.763
196.765
196.765
196.766
196.766
196.767
196.767
196.768
196.767
196.768
196.767
193.54
193.538
193.54
193.537
193.539
193.536
193.537
193.534
193.534
193.531
193.531
193.528
193.526
193.523
193.521
193.517
193.514
193.51
193.506
193.502
193.497
193.492
193.487
193.481
193.474
193.468
193.46
193.453
193.444
193.436
193.426
193.417
193.407
193.396
193.384
193.373
193.36
193.347
193.334
193.32
193.306
193.291
193.276
193.26
193.244
193.228
193.211
193.194
193.177
193.16
193.143
193.126
193.108
193.091
193.074
193.057
193.04
193.024
193.008
192.993
192.978
192.964
192.95
192.937
192.925
192.914
192.904
192.894
192.886
192.878
192.872
192.867
192.863
192.86
192.858
192.858
192.858
192.86
192.863
192.867
192.872
192.878
192.886
192.894
192.904
192.914
192.925
192.937
192.95
192.964
192.978
192.993
193.008
193.024
193.04
193.057
193.074
193.091
193.108
193.126
193.143
193.16
193.177
193.194
193.211
193.228
193.244
193.26
193.276
193.291
193.306
193.32
193.334
193.347
193.36
193.373
193.384
193.396
193.407
193.417
193.426
193.436
193.444
193.453
193.46
193.468
193.474
193.481
193.487
193.492
193.497
193.502
193.506
193.51
193.514
193.517
193.521
193.523
193.526
193.528
193.531
193.531
193.534
193.534
193.537
193.536
193.539
193.537
193.54
193.538
193.54
190.308
190.31
190.307
190.309
190.305
190.307
190.303
190.304
190.299
190.299
190.294
190.293
190.287
190.285
190.279
190.276
190.27
190.264
190.258
190.251
190.244
190.236
190.228
190.219
190.209
190.199
190.187
190.176
190.163
190.15
190.136
190.121
190.106
190.09
190.073
190.055
190.036
190.017
189.997
189.977
189.955
189.933
189.911
189.888
189.864
189.84
189.815
189.79
189.765
189.74
189.715
189.689
189.664
189.639
189.613
189.589
189.564
189.541
189.518
189.495
189.473
189.453
189.433
189.414
189.397
189.38
189.365
189.352
189.339
189.329
189.32
189.312
189.306
189.302
189.299
189.299
189.299
189.302
189.306
189.312
189.32
189.329
189.339
189.352
189.365
189.38
189.397
189.414
189.433
189.453
189.473
189.495
189.518
189.541
189.564
189.589
189.613
189.639
189.664
189.689
189.715
189.74
189.765
189.79
189.815
189.84
189.864
189.888
189.911
189.933
189.955
189.977
189.997
190.017
190.036
190.055
190.073
190.09
190.106
190.121
190.136
190.15
190.163
190.176
190.187
190.199
190.209
190.219
190.228
190.236
190.244
190.251
190.258
190.264
190.27
190.276
190.279
190.285
190.287
190.293
190.294
190.299
190.299
190.304
190.303
190.307
190.305
190.309
190.307
190.31
190.308
187.075
187.072
187.074
187.07
187.072
187.067
187.068
187.063
187.063
187.056
187.055
187.048
187.046
187.038
187.034
187.026
187.02
187.011
187.003
186.993
186.984
186.973
186.961
186.949
186.936
186.922
186.907
186.891
186.874
186.857
186.838
186.818
186.798
186.776
186.753
186.73
186.705
186.68
186.653
186.626
186.598
186.569
186.54
186.509
186.478
186.447
186.415
186.383
186.35
186.317
186.284
186.251
186.218
186.186
186.154
186.122
186.09
186.06
186.03
186.001
185.974
185.947
185.922
185.898
185.875
185.854
185.835
185.818
185.802
185.789
185.777
185.767
185.76
185.754
185.751
185.75
185.751
185.754
185.76
185.767
185.777
185.789
185.802
185.818
185.835
185.854
185.875
185.898
185.922
185.947
185.974
186.001
186.03
186.06
186.09
186.122
186.154
186.186
186.218
186.251
186.284
186.317
186.35
186.383
186.415
186.447
186.478
186.509
186.54
186.569
186.598
186.626
186.653
186.68
186.705
186.73
186.753
186.776
186.798
186.818
186.838
186.857
186.874
186.891
186.907
186.922
186.936
186.949
186.961
186.973
186.984
186.993
187.003
187.011
187.02
187.026
187.034
187.038
187.046
187.048
187.055
187.056
187.063
187.063
187.068
187.067
187.072
187.07
187.074
187.072
187.075
183.837
183.838
183.836
183.837
183.833
183.833
183.828
183.827
183.82
183.819
183.81
183.808
183.798
183.794
183.783
183.778
183.766
183.758
183.745
183.735
183.721
183.708
183.693
183.677
183.66
183.642
183.623
183.603
183.582
183.56
183.536
183.512
183.486
183.459
183.43
183.401
183.371
183.339
183.306
183.273
183.238
183.202
183.166
183.129
183.091
183.052
183.013
182.974
182.934
182.894
182.854
182.814
182.774
182.735
182.696
182.658
182.62
182.583
182.547
182.513
182.479
182.447
182.417
182.388
182.361
182.336
182.313
182.292
182.274
182.258
182.244
182.232
182.223
182.217
182.213
182.212
182.213
182.217
182.223
182.232
182.244
182.258
182.274
182.292
182.313
182.336
182.361
182.388
182.417
182.447
182.479
182.513
182.547
182.583
182.62
182.658
182.696
182.735
182.774
182.814
182.854
182.894
182.934
182.974
183.013
183.052
183.091
183.129
183.166
183.202
183.238
183.273
183.306
183.339
183.371
183.401
183.43
183.459
183.486
183.512
183.536
183.56
183.582
183.603
183.623
183.642
183.66
183.677
183.693
183.708
183.721
183.735
183.745
183.758
183.766
183.778
183.783
183.794
183.798
183.808
183.81
183.819
183.82
183.827
183.828
183.833
183.833
183.837
183.836
183.838
183.837
180.606
180.606
180.604
180.603
180.601
180.598
180.595
180.59
180.586
180.579
180.574
180.565
180.56
180.548
180.541
180.527
180.519
180.503
180.493
180.475
180.462
180.443
180.426
180.406
180.386
180.364
180.341
180.317
180.291
180.264
180.235
180.206
180.174
180.142
180.108
180.073
180.036
179.999
179.96
179.92
179.878
179.836
179.793
179.749
179.704
179.659
179.613
179.567
179.52
179.473
179.427
179.38
179.334
179.288
179.242
179.197
179.154
179.111
179.069
179.029
178.991
178.954
178.918
178.885
178.854
178.825
178.799
178.775
178.754
178.735
178.719
178.706
178.695
178.688
178.683
178.682
178.683
178.688
178.695
178.706
178.719
178.735
178.754
178.775
178.799
178.825
178.854
178.885
178.918
178.954
178.991
179.029
179.069
179.111
179.154
179.197
179.242
179.288
179.334
179.38
179.427
179.473
179.52
179.567
179.613
179.659
179.704
179.749
179.793
179.836
179.878
179.92
179.96
179.999
180.036
180.073
180.108
180.142
180.174
180.206
180.235
180.264
180.291
180.317
180.341
180.364
180.386
180.406
180.426
180.443
180.462
180.475
180.493
180.503
180.519
180.527
180.541
180.548
180.56
180.565
180.574
180.579
180.586
180.59
180.595
180.598
180.601
180.603
180.604
180.606
180.606
177.374
177.371
177.372
177.368
177.368
177.362
177.36
177.353
177.348
177.34
177.333
177.324
177.315
177.305
177.291
177.281
177.264
177.252
177.232
177.218
177.196
177.179
177.155
177.134
177.108
177.083
177.055
177.027
176.996
176.964
176.931
176.896
176.859
176.821
176.782
176.741
176.699
176.655
176.61
176.564
176.516
176.468
176.418
176.368
176.316
176.264
176.212
176.159
176.106
176.053
175.999
175.946
175.894
175.842
175.79
175.74
175.69
175.642
175.595
175.55
175.507
175.465
175.426
175.388
175.353
175.321
175.292
175.265
175.241
175.22
175.202
175.187
175.175
175.167
175.162
175.16
175.162
175.167
175.175
175.187
175.202
175.22
175.241
175.265
175.292
175.321
175.353
175.388
175.426
175.465
175.507
175.55
175.595
175.642
175.69
175.74
175.79
175.842
175.894
175.946
175.999
176.053
176.106
176.159
176.212
176.264
176.316
176.368
176.418
176.468
176.516
176.564
176.61
176.655
176.699
176.741
176.782
176.821
176.859
176.896
176.931
176.964
176.996
177.027
177.055
177.083
177.108
177.134
177.155
177.179
177.196
177.218
177.232
177.252
177.264
177.281
177.291
177.305
177.315
177.324
177.333
177.34
177.348
177.353
177.36
177.362
177.368
177.368
177.372
177.371
177.374
174.134
174.135
174.132
174.132
174.127
174.124
174.117
174.113
174.104
174.098
174.087
174.079
174.065
174.054
174.039
174.025
174.009
173.99
173.973
173.949
173.931
173.903
173.882
173.852
173.826
173.795
173.764
173.731
173.696
173.659
173.621
173.581
173.539
173.496
173.451
173.404
173.356
173.307
173.256
173.203
173.15
173.095
173.039
172.983
172.925
172.867
172.808
172.749
172.69
172.631
172.571
172.513
172.454
172.396
172.339
172.284
172.229
172.176
172.124
172.074
172.026
171.98
171.937
171.896
171.858
171.822
171.79
171.76
171.734
171.711
171.691
171.675
171.662
171.653
171.648
171.646
171.648
171.653
171.662
171.675
171.691
171.711
171.734
171.76
171.79
171.822
171.858
171.896
171.937
171.98
172.026
172.074
172.124
172.176
172.229
172.284
172.339
172.396
172.454
172.513
172.571
172.631
172.69
172.749
172.808
172.867
172.925
172.983
173.039
173.095
173.15
173.203
173.256
173.307
173.356
173.404
173.451
173.496
173.539
173.581
173.621
173.659
173.696
173.731
173.764
173.795
173.826
173.852
173.882
173.903
173.931
173.949
173.973
173.99
174.009
174.025
174.039
174.054
174.065
174.079
174.087
174.098
174.104
174.113
174.117
174.124
174.127
174.132
174.132
174.135
174.134
170.899
170.899
170.897
170.895
170.89
170.886
170.88
170.873
170.865
170.855
170.845
170.832
170.82
170.803
170.79
170.77
170.753
170.731
170.71
170.687
170.66
170.636
170.604
170.577
170.541
170.51
170.472
170.436
170.396
170.354
170.311
170.266
170.219
170.17
170.12
170.068
170.014
169.959
169.902
169.844
169.784
169.723
169.662
169.599
169.535
169.471
169.406
169.341
169.276
169.211
169.146
169.081
169.017
168.954
168.892
168.83
168.771
168.713
168.656
168.602
168.55
168.5
168.453
168.408
168.367
168.328
168.293
168.261
168.232
168.207
168.186
168.169
168.155
168.145
168.139
168.137
168.139
168.145
168.155
168.169
168.186
168.207
168.232
168.261
168.293
168.328
168.367
168.408
168.453
168.5
168.55
168.602
168.656
168.713
168.771
168.83
168.892
168.954
169.017
169.081
169.146
169.211
169.276
169.341
169.406
169.471
169.535
169.599
169.662
169.723
169.784
169.844
169.902
169.959
170.014
170.068
170.12
170.17
170.219
170.266
170.311
170.354
170.396
170.436
170.472
170.51
170.541
170.577
170.604
170.636
170.66
170.687
170.71
170.731
170.753
170.77
170.79
170.803
170.82
170.832
170.845
170.855
170.865
170.873
170.88
170.886
170.89
170.895
170.897
170.899
170.899
167.666
167.664
167.664
167.659
167.657
167.649
167.644
167.634
167.627
167.614
167.603
167.588
167.574
167.557
167.538
167.52
167.497
167.476
167.448
167.424
167.394
167.364
167.333
167.296
167.263
167.221
167.185
167.14
167.097
167.05
167.002
166.952
166.9
166.846
166.79
166.732
166.673
166.612
166.549
166.485
166.419
166.353
166.285
166.216
166.147
166.076
166.006
165.935
165.864
165.793
165.722
165.652
165.582
165.514
165.446
165.38
165.316
165.253
165.192
165.133
165.077
165.023
164.973
164.925
164.88
164.838
164.8
164.766
164.735
164.708
164.686
164.667
164.652
164.642
164.635
164.633
164.635
164.642
164.652
164.667
164.686
164.708
164.735
164.766
164.8
164.838
164.88
164.925
164.973
165.023
165.077
165.133
165.192
165.253
165.316
165.38
165.446
165.514
165.582
165.652
165.722
165.793
165.864
165.935
166.006
166.076
166.147
166.216
166.285
166.353
166.419
166.485
166.549
166.612
166.673
166.732
166.79
166.846
166.9
166.952
167.002
167.05
167.097
167.14
167.185
167.221
167.263
167.296
167.333
167.364
167.394
167.424
167.448
167.476
167.497
167.52
167.538
167.557
167.574
167.588
167.603
167.614
167.627
167.634
167.644
167.649
167.657
167.659
167.664
167.664
167.666
164.428
164.427
164.425
164.421
164.417
164.41
164.402
164.394
164.382
164.371
164.356
164.342
164.323
164.306
164.284
164.263
164.239
164.212
164.186
164.154
164.125
164.088
164.054
164.016
163.974
163.935
163.886
163.844
163.792
163.743
163.689
163.634
163.576
163.517
163.456
163.393
163.328
163.261
163.193
163.123
163.052
162.979
162.906
162.831
162.756
162.68
162.604
162.527
162.451
162.374
162.298
162.223
162.148
162.074
162.002
161.931
161.862
161.794
161.729
161.667
161.606
161.549
161.495
161.444
161.396
161.352
161.311
161.275
161.242
161.213
161.189
161.169
161.153
161.142
161.135
161.133
161.135
161.142
161.153
161.169
161.189
161.213
161.242
161.275
161.311
161.352
161.396
161.444
161.495
161.549
161.606
161.667
161.729
161.794
161.862
161.931
162.002
162.074
162.148
162.223
162.298
162.374
162.451
162.527
162.604
162.68
162.756
162.831
162.906
162.979
163.052
163.123
163.193
163.261
163.328
163.393
163.456
163.517
163.576
163.634
163.689
163.743
163.792
163.844
163.886
163.935
163.974
164.016
164.054
164.088
164.125
164.154
164.186
164.212
164.239
164.263
164.284
164.306
164.323
164.342
164.356
164.371
164.382
164.394
164.402
164.41
164.417
164.421
164.425
164.427
164.428
161.19
161.191
161.187
161.185
161.177
161.172
161.162
161.153
161.14
161.127
161.111
161.094
161.075
161.054
161.032
161.006
160.981
160.95
160.921
160.887
160.852
160.816
160.774
160.735
160.689
160.642
160.595
160.541
160.492
160.432
160.377
160.315
160.253
160.189
160.122
160.054
159.983
159.911
159.837
159.762
159.685
159.607
159.528
159.448
159.367
159.285
159.203
159.121
159.039
158.957
158.875
158.795
158.715
158.636
158.559
158.483
158.41
158.338
158.269
158.202
158.138
158.077
158.02
157.965
157.915
157.868
157.825
157.786
157.751
157.721
157.695
157.674
157.657
157.645
157.638
157.636
157.638
157.645
157.657
157.674
157.695
157.721
157.751
157.786
157.825
157.868
157.915
157.965
158.02
158.077
158.138
158.202
158.269
158.338
158.41
158.483
158.559
158.636
158.715
158.795
158.875
158.957
159.039
159.121
159.203
159.285
159.367
159.448
159.528
159.607
159.685
159.762
159.837
159.911
159.983
160.054
160.122
160.189
160.253
160.315
160.377
160.432
160.492
160.541
160.595
160.642
160.689
160.735
160.774
160.816
160.852
160.887
160.921
160.95
160.981
161.006
161.032
161.054
161.075
161.094
161.111
161.127
161.14
161.153
161.162
161.172
161.177
161.185
161.187
161.191
161.19
157.956
157.956
157.953
157.949
157.943
157.935
157.926
157.913
157.901
157.885
157.869
157.849
157.829
157.805
157.781
157.753
157.724
157.693
157.657
157.623
157.583
157.543
157.5
157.453
157.407
157.354
157.302
157.247
157.187
157.13
157.063
157.001
156.932
156.863
156.791
156.717
156.641
156.564
156.484
156.403
156.321
156.237
156.152
156.066
155.979
155.892
155.805
155.717
155.629
155.542
155.455
155.369
155.284
155.201
155.119
155.038
154.96
154.884
154.811
154.74
154.672
154.608
154.547
154.489
154.436
154.386
154.34
154.299
154.263
154.231
154.203
154.181
154.163
154.151
154.143
154.141
154.143
154.151
154.163
154.181
154.203
154.231
154.263
154.299
154.34
154.386
154.436
154.489
154.547
154.608
154.672
154.74
154.811
154.884
154.96
155.038
155.119
155.201
155.284
155.369
155.455
155.542
155.629
155.717
155.805
155.892
155.979
156.066
156.152
156.237
156.321
156.403
156.484
156.564
156.641
156.717
156.791
156.863
156.932
157.001
157.063
157.13
157.187
157.247
157.302
157.354
157.407
157.453
157.5
157.543
157.583
157.623
157.657
157.693
157.724
157.753
157.781
157.805
157.829
157.849
157.869
157.885
157.901
157.913
157.926
157.935
157.943
157.949
157.953
157.956
157.956
154.72
154.718
154.716
154.71
154.705
154.695
154.686
154.672
154.658
154.641
154.623
154.602
154.579
154.554
154.526
154.498
154.464
154.431
154.393
154.354
154.313
154.267
154.222
154.171
154.119
154.066
154.006
153.948
153.885
153.818
153.754
153.68
153.611
153.534
153.458
153.379
153.297
153.214
153.129
153.043
152.955
152.865
152.775
152.683
152.591
152.499
152.405
152.312
152.219
152.127
152.035
151.944
151.854
151.766
151.679
151.594
151.511
151.431
151.353
151.279
151.207
151.139
151.075
151.014
150.958
150.906
150.858
150.814
150.776
150.742
150.713
150.69
150.671
150.658
150.65
150.648
150.65
150.658
150.671
150.69
150.713
150.742
150.776
150.814
150.858
150.906
150.958
151.014
151.075
151.139
151.207
151.279
151.353
151.431
151.511
151.594
151.679
151.766
151.854
151.944
152.035
152.127
152.219
152.312
152.405
152.499
152.591
152.683
152.775
152.865
152.955
153.043
153.129
153.214
153.297
153.379
153.458
153.534
153.611
153.68
153.754
153.818
153.885
153.948
154.006
154.066
154.119
154.171
154.222
154.267
154.313
154.354
154.393
154.431
154.464
154.498
154.526
154.554
154.579
154.602
154.623
154.641
154.658
154.672
154.686
154.695
154.705
154.71
154.716
154.718
154.72
151.483
151.482
151.479
151.474
151.467
151.457
151.445
151.432
151.416
151.399
151.377
151.356
151.33
151.304
151.273
151.241
151.207
151.169
151.13
151.086
151.042
150.994
150.943
150.891
150.833
150.776
150.714
150.648
150.584
150.512
150.439
150.368
150.285
150.209
150.125
150.041
149.955
149.866
149.776
149.684
149.59
149.495
149.399
149.302
149.205
149.106
149.008
148.909
148.811
148.713
148.616
148.52
148.425
148.332
148.24
148.151
148.063
147.979
147.897
147.819
147.743
147.672
147.604
147.54
147.481
147.426
147.376
147.33
147.29
147.254
147.224
147.199
147.18
147.166
147.158
147.155
147.158
147.166
147.18
147.199
147.224
147.254
147.29
147.33
147.376
147.426
147.481
147.54
147.604
147.672
147.743
147.819
147.897
147.979
148.063
148.151
148.24
148.332
148.425
148.52
148.616
148.713
148.811
148.909
149.008
149.106
149.205
149.302
149.399
149.495
149.59
149.684
149.776
149.866
149.955
150.041
150.125
150.209
150.285
150.368
150.439
150.512
150.584
150.648
150.714
150.776
150.833
150.891
150.943
150.994
151.042
151.086
151.13
151.169
151.207
151.241
151.273
151.304
151.33
151.356
151.377
151.399
151.416
151.432
151.445
151.457
151.467
151.474
151.479
151.482
151.483
148.249
148.249
148.244
148.24
148.231
148.222
148.208
148.195
148.177
148.158
148.135
148.112
148.085
148.055
148.024
147.988
147.952
147.91
147.868
147.823
147.773
147.724
147.668
147.612
147.552
147.487
147.424
147.354
147.281
147.21
147.13
147.05
146.971
146.881
146.798
146.706
146.615
146.521
146.425
146.327
146.228
146.128
146.026
145.924
145.82
145.716
145.612
145.508
145.405
145.301
145.199
145.098
144.998
144.899
144.803
144.709
144.617
144.528
144.442
144.359
144.28
144.205
144.134
144.067
144.005
143.947
143.894
143.846
143.804
143.767
143.735
143.709
143.688
143.674
143.665
143.662
143.665
143.674
143.688
143.709
143.735
143.767
143.804
143.846
143.894
143.947
144.005
144.067
144.134
144.205
144.28
144.359
144.442
144.528
144.617
144.709
144.803
144.899
144.998
145.098
145.199
145.301
145.405
145.508
145.612
145.716
145.82
145.924
146.026
146.128
146.228
146.327
146.425
146.521
146.615
146.706
146.798
146.881
146.971
147.05
147.13
147.21
147.281
147.354
147.424
147.487
147.552
147.612
147.668
147.724
147.773
147.823
147.868
147.91
147.952
147.988
148.024
148.055
148.085
148.112
148.135
148.158
148.177
148.195
148.208
148.222
148.231
148.24
148.244
148.249
148.249
145.013
145.013
145.008
145.003
144.994
144.984
144.97
144.954
144.936
144.914
144.892
144.864
144.837
144.804
144.771
144.733
144.693
144.651
144.604
144.557
144.503
144.449
144.392
144.33
144.268
144.2
144.129
144.058
143.98
143.901
143.822
143.734
143.647
143.56
143.463
143.372
143.273
143.174
143.073
142.97
142.865
142.759
142.652
142.544
142.435
142.326
142.216
142.107
141.998
141.889
141.782
141.675
141.57
141.467
141.365
141.267
141.17
141.077
140.987
140.9
140.817
140.738
140.664
140.593
140.528
140.467
140.412
140.362
140.317
140.278
140.245
140.218
140.197
140.181
140.172
140.169
140.172
140.181
140.197
140.218
140.245
140.278
140.317
140.362
140.412
140.467
140.528
140.593
140.664
140.738
140.817
140.9
140.987
141.077
141.17
141.267
141.365
141.467
141.57
141.675
141.782
141.889
141.998
142.107
142.216
142.326
142.435
142.544
142.652
142.759
142.865
142.97
143.073
143.174
143.273
143.372
143.463
143.56
143.647
143.734
143.822
143.901
143.98
144.058
144.129
144.2
144.268
144.33
144.392
144.449
144.503
144.557
144.604
144.651
144.693
144.733
144.771
144.804
144.837
144.864
144.892
144.914
144.936
144.954
144.97
144.984
144.994
145.003
145.008
145.013
145.013
141.781
141.779
141.776
141.768
141.76
141.748
141.735
141.716
141.698
141.674
141.65
141.622
141.591
141.558
141.52
141.482
141.438
141.394
141.344
141.292
141.238
141.178
141.119
141.053
140.985
140.916
140.84
140.763
140.684
140.598
140.512
140.425
140.33
140.235
140.141
140.036
139.937
139.831
139.724
139.616
139.506
139.394
139.281
139.167
139.053
138.938
138.823
138.708
138.593
138.479
138.366
138.254
138.144
138.035
137.929
137.825
137.724
137.626
137.532
137.441
137.354
137.271
137.193
137.119
137.051
136.987
136.929
136.877
136.83
136.789
136.755
136.726
136.704
136.688
136.678
136.675
136.678
136.688
136.704
136.726
136.755
136.789
136.83
136.877
136.929
136.987
137.051
137.119
137.193
137.271
137.354
137.441
137.532
137.626
137.724
137.825
137.929
138.035
138.144
138.254
138.366
138.479
138.593
138.708
138.823
138.938
139.053
139.167
139.281
139.394
139.506
139.616
139.724
139.831
139.937
140.036
140.141
140.235
140.33
140.425
140.512
140.598
140.684
140.763
140.84
140.916
140.985
141.053
141.119
141.178
141.238
141.292
141.344
141.394
141.438
141.482
141.52
141.558
141.591
141.622
141.65
141.674
141.698
141.716
141.735
141.748
141.76
141.768
141.776
141.779
141.781
138.549
138.547
138.544
138.536
138.527
138.514
138.5
138.481
138.46
138.437
138.41
138.381
138.347
138.312
138.272
138.231
138.186
138.137
138.086
138.03
137.973
137.911
137.846
137.779
137.705
137.631
137.554
137.47
137.387
137.3
137.206
137.113
137.018
136.914
136.812
136.71
136.598
136.49
136.377
136.263
136.147
136.03
135.912
135.792
135.672
135.551
135.431
135.31
135.19
135.07
134.951
134.834
134.718
134.605
134.493
134.384
134.279
134.176
134.077
133.981
133.89
133.804
133.722
133.645
133.573
133.506
133.445
133.39
133.342
133.299
133.262
133.232
133.209
133.192
133.182
133.179
133.182
133.192
133.209
133.232
133.262
133.299
133.342
133.39
133.445
133.506
133.573
133.645
133.722
133.804
133.89
133.981
134.077
134.176
134.279
134.384
134.493
134.605
134.718
134.834
134.951
135.07
135.19
135.31
135.431
135.551
135.672
135.792
135.912
136.03
136.147
136.263
136.377
136.49
136.598
136.71
136.812
136.914
137.018
137.113
137.206
137.3
137.387
137.47
137.554
137.631
137.705
137.779
137.846
137.911
137.973
138.03
138.086
138.137
138.186
138.231
138.272
138.312
138.347
138.381
138.41
138.437
138.46
138.481
138.5
138.514
138.527
138.536
138.544
138.547
138.549
135.316
135.315
135.31
135.303
135.293
135.28
135.263
135.245
135.222
135.198
135.169
135.138
135.103
135.066
135.024
134.98
134.933
134.881
134.827
134.769
134.707
134.643
134.573
134.503
134.427
134.347
134.266
134.18
134.089
133.998
133.903
133.801
133.7
133.598
133.487
133.376
133.266
133.147
133.032
132.911
132.79
132.667
132.543
132.418
132.292
132.165
132.039
131.912
131.786
131.661
131.536
131.414
131.292
131.173
131.057
130.943
130.832
130.724
130.621
130.521
130.426
130.335
130.249
130.168
130.093
130.023
129.96
129.902
129.851
129.806
129.768
129.737
129.712
129.695
129.684
129.681
129.684
129.695
129.712
129.737
129.768
129.806
129.851
129.902
129.96
130.023
130.093
130.168
130.249
130.335
130.426
130.521
130.621
130.724
130.832
130.943
131.057
131.173
131.292
131.414
131.536
131.661
131.786
131.912
132.039
132.165
132.292
132.418
132.543
132.667
132.79
132.911
133.032
133.147
133.266
133.376
133.487
133.598
133.7
133.801
133.903
133.998
134.089
134.18
134.266
134.347
134.427
134.503
134.573
134.643
134.707
134.769
134.827
134.881
134.933
134.98
135.024
135.066
135.103
135.138
135.169
135.198
135.222
135.245
135.263
135.28
135.293
135.303
135.31
135.315
135.316
132.087
132.087
132.081
132.075
132.063
132.05
132.032
132.013
131.989
131.963
131.933
131.9
131.864
131.823
131.781
131.733
131.684
131.63
131.572
131.512
131.446
131.379
131.307
131.231
131.153
131.069
130.982
130.894
130.8
130.7
130.602
130.499
130.389
130.28
130.169
130.051
129.931
129.814
129.687
129.564
129.436
129.307
129.177
129.046
128.914
128.782
128.649
128.517
128.385
128.253
128.123
127.995
127.868
127.743
127.621
127.502
127.385
127.273
127.164
127.06
126.96
126.865
126.775
126.69
126.611
126.538
126.472
126.411
126.358
126.311
126.271
126.238
126.212
126.194
126.183
126.179
126.183
126.194
126.212
126.238
126.271
126.311
126.358
126.411
126.472
126.538
126.611
126.69
126.775
126.865
126.96
127.06
127.164
127.273
127.385
127.502
127.621
127.743
127.868
127.995
128.123
128.253
128.385
128.517
128.649
128.782
128.914
129.046
129.177
129.307
129.436
129.564
129.687
129.814
129.931
130.051
130.169
130.28
130.389
130.499
130.602
130.7
130.8
130.894
130.982
131.069
131.153
131.231
131.307
131.379
131.446
131.512
131.572
131.63
131.684
131.733
131.781
131.823
131.864
131.9
131.933
131.963
131.989
132.013
132.032
132.05
132.063
132.075
132.081
132.087
132.087
128.859
128.858
128.853
128.845
128.833
128.819
128.801
128.78
128.756
128.727
128.697
128.661
128.624
128.581
128.537
128.487
128.434
128.379
128.318
128.255
128.187
128.115
128.041
127.961
127.878
127.793
127.7
127.606
127.51
127.408
127.3
127.193
127.083
126.965
126.847
126.728
126.603
126.474
126.349
126.215
126.083
125.948
125.812
125.675
125.537
125.399
125.26
125.121
124.983
124.846
124.71
124.575
124.443
124.312
124.184
124.059
123.938
123.82
123.706
123.597
123.492
123.392
123.298
123.21
123.127
123.051
122.981
122.918
122.861
122.812
122.77
122.736
122.709
122.69
122.678
122.674
122.678
122.69
122.709
122.736
122.77
122.812
122.861
122.918
122.981
123.051
123.127
123.21
123.298
123.392
123.492
123.597
123.706
123.82
123.938
124.059
124.184
124.312
124.443
124.575
124.71
124.846
124.983
125.121
125.26
125.399
125.537
125.675
125.812
125.948
126.083
126.215
126.349
126.474
126.603
126.728
126.847
126.965
127.083
127.193
127.3
127.408
127.51
127.606
127.7
127.793
127.878
127.961
128.041
128.115
128.187
128.255
128.318
128.379
128.434
128.487
128.537
128.581
128.624
128.661
128.697
128.727
128.756
128.78
128.801
128.819
128.833
128.845
128.853
128.858
128.859
125.633
125.631
125.627
125.618
125.606
125.591
125.573
125.55
125.525
125.495
125.463
125.426
125.387
125.343
125.295
125.245
125.189
125.131
125.067
125
124.931
124.855
124.777
124.695
124.607
124.517
124.424
124.323
124.221
124.117
124.007
123.891
123.775
123.657
123.532
123.403
123.276
123.144
123.007
122.873
122.732
122.592
122.45
122.307
122.162
122.017
121.872
121.728
121.583
121.44
121.297
121.156
121.017
120.881
120.747
120.616
120.489
120.366
120.246
120.132
120.022
119.918
119.819
119.726
119.64
119.56
119.487
119.42
119.361
119.31
119.266
119.23
119.202
119.181
119.169
119.165
119.169
119.181
119.202
119.23
119.266
119.31
119.361
119.42
119.487
119.56
119.64
119.726
119.819
119.918
120.022
120.132
120.246
120.366
120.489
120.616
120.747
120.881
121.017
121.156
121.297
121.44
121.583
121.728
121.872
122.017
122.162
122.307
122.45
122.592
122.732
122.873
123.007
123.144
123.276
123.403
123.532
123.657
123.775
123.891
124.007
124.117
124.221
124.323
124.424
124.517
124.607
124.695
124.777
124.855
124.931
125
125.067
125.131
125.189
125.245
125.295
125.343
125.387
125.426
125.463
125.495
125.525
125.55
125.573
125.591
125.606
125.618
125.627
125.631
125.633
122.411
122.408
122.404
122.394
122.382
122.366
122.347
122.323
122.297
122.266
122.232
122.195
122.152
122.108
122.057
122.005
121.947
121.886
121.821
121.75
121.678
121.6
121.517
121.432
121.341
121.245
121.148
121.047
120.938
120.827
120.715
120.597
120.473
120.347
120.22
120.088
119.951
119.814
119.675
119.529
119.387
119.238
119.09
118.94
118.79
118.639
118.487
118.336
118.185
118.034
117.885
117.738
117.593
117.45
117.31
117.173
117.04
116.91
116.785
116.665
116.55
116.441
116.338
116.24
116.15
116.066
115.989
115.919
115.858
115.803
115.757
115.72
115.69
115.669
115.656
115.652
115.656
115.669
115.69
115.72
115.757
115.803
115.858
115.919
115.989
116.066
116.15
116.24
116.338
116.441
116.55
116.665
116.785
116.91
117.04
117.173
117.31
117.45
117.593
117.738
117.885
118.034
118.185
118.336
118.487
118.639
118.79
118.94
119.09
119.238
119.387
119.529
119.675
119.814
119.951
120.088
120.22
120.347
120.473
120.597
120.715
120.827
120.938
121.047
121.148
121.245
121.341
121.432
121.517
121.6
121.678
121.75
121.821
121.886
121.947
122.005
122.057
122.108
122.152
122.195
122.232
122.266
122.297
122.323
122.347
122.366
122.382
122.394
122.404
122.408
122.411
119.187
119.185
119.18
119.171
119.158
119.141
119.121
119.097
119.069
119.038
119.002
118.964
118.919
118.873
118.821
118.765
118.706
118.642
118.575
118.502
118.425
118.345
118.259
118.169
118.077
117.978
117.874
117.768
117.659
117.542
117.422
117.3
117.175
117.042
116.907
116.771
116.631
116.485
116.339
116.192
116.038
115.887
115.731
115.575
115.418
115.26
115.102
114.943
114.785
114.628
114.473
114.319
114.167
114.017
113.87
113.727
113.588
113.452
113.322
113.196
113.075
112.961
112.852
112.75
112.655
112.567
112.486
112.414
112.349
112.292
112.244
112.204
112.173
112.151
112.137
112.133
112.137
112.151
112.173
112.204
112.244
112.292
112.349
112.414
112.486
112.567
112.655
112.75
112.852
112.961
113.075
113.196
113.322
113.452
113.588
113.727
113.87
114.017
114.167
114.319
114.473
114.628
114.785
114.943
115.102
115.26
115.418
115.575
115.731
115.887
116.038
116.192
116.339
116.485
116.631
116.771
116.907
117.042
117.175
117.3
117.422
117.542
117.659
117.768
117.874
117.978
118.077
118.169
118.259
118.345
118.425
118.502
118.575
118.642
118.706
118.765
118.821
118.873
118.919
118.964
119.002
119.038
119.069
119.097
119.121
119.141
119.158
119.171
119.18
119.185
119.187
115.969
115.968
115.962
115.953
115.939
115.922
115.901
115.877
115.847
115.815
115.778
115.737
115.692
115.643
115.59
115.532
115.471
115.404
115.334
115.26
115.179
115.096
115.008
114.913
114.816
114.716
114.609
114.496
114.381
114.264
114.14
114.01
113.878
113.744
113.604
113.459
113.313
113.165
113.011
112.855
112.699
112.537
112.377
112.213
112.049
111.884
111.719
111.554
111.389
111.225
111.062
110.9
110.741
110.585
110.431
110.281
110.135
109.993
109.856
109.724
109.598
109.477
109.363
109.256
109.156
109.064
108.979
108.903
108.835
108.775
108.724
108.683
108.65
108.627
108.612
108.608
108.612
108.627
108.65
108.683
108.724
108.775
108.835
108.903
108.979
109.064
109.156
109.256
109.363
109.477
109.598
109.724
109.856
109.993
110.135
110.281
110.431
110.585
110.741
110.9
111.062
111.225
111.389
111.554
111.719
111.884
112.049
112.213
112.377
112.537
112.699
112.855
113.011
113.165
113.313
113.459
113.604
113.744
113.878
114.01
114.14
114.264
114.381
114.496
114.609
114.716
114.816
114.913
115.008
115.096
115.179
115.26
115.334
115.404
115.471
115.532
115.59
115.643
115.692
115.737
115.778
115.815
115.847
115.877
115.901
115.922
115.939
115.953
115.962
115.968
115.969
112.752
112.751
112.744
112.735
112.721
112.704
112.681
112.656
112.626
112.593
112.554
112.512
112.466
112.415
112.36
112.3
112.236
112.169
112.094
112.018
111.935
111.847
111.757
111.661
111.558
111.453
111.344
111.23
111.108
110.984
110.857
110.725
110.586
110.444
110.3
110.152
109.998
109.842
109.685
109.523
109.357
109.193
109.022
108.853
108.682
108.509
108.337
108.164
107.992
107.82
107.65
107.481
107.315
107.151
106.99
106.833
106.679
106.531
106.387
106.249
106.116
105.99
105.87
105.758
105.653
105.556
105.467
105.387
105.315
105.252
105.199
105.155
105.121
105.096
105.081
105.076
105.081
105.096
105.121
105.155
105.199
105.252
105.315
105.387
105.467
105.556
105.653
105.758
105.87
105.99
106.116
106.249
106.387
106.531
106.679
106.833
106.99
107.151
107.315
107.481
107.65
107.82
107.992
108.164
108.337
108.509
108.682
108.853
109.022
109.193
109.357
109.523
109.685
109.842
109.998
110.152
110.3
110.444
110.586
110.725
110.857
110.984
111.108
111.23
111.344
111.453
111.558
111.661
111.757
111.847
111.935
112.018
112.094
112.169
112.236
112.3
112.36
112.415
112.466
112.512
112.554
112.593
112.626
112.656
112.681
112.704
112.721
112.735
112.744
112.751
112.752
109.539
109.537
109.531
109.521
109.507
109.489
109.466
109.44
109.409
109.374
109.335
109.291
109.244
109.191
109.134
109.073
109.006
108.937
108.861
108.78
108.697
108.606
108.51
108.412
108.309
108.197
108.082
107.965
107.842
107.713
107.578
107.44
107.3
107.153
107.001
106.846
106.689
106.527
106.36
106.193
106.022
105.847
105.674
105.495
105.317
105.137
104.956
104.776
104.596
104.416
104.238
104.062
103.887
103.716
103.547
103.382
103.222
103.066
102.915
102.77
102.63
102.498
102.372
102.254
102.144
102.042
101.949
101.864
101.789
101.723
101.667
101.62
101.584
101.558
101.543
101.538
101.543
101.558
101.584
101.62
101.667
101.723
101.789
101.864
101.949
102.042
102.144
102.254
102.372
102.498
102.63
102.77
102.915
103.066
103.222
103.382
103.547
103.716
103.887
104.062
104.238
104.416
104.596
104.776
104.956
105.137
105.317
105.495
105.674
105.847
106.022
106.193
106.36
106.527
106.689
106.846
107.001
107.153
107.3
107.44
107.578
107.713
107.842
107.965
108.082
108.197
108.309
108.412
108.51
108.606
108.697
108.78
108.861
108.937
109.006
109.073
109.134
109.191
109.244
109.291
109.335
109.374
109.409
109.44
109.466
109.489
109.507
109.521
109.531
109.537
109.539
106.33
106.328
106.322
106.311
106.297
106.278
106.255
106.227
106.197
106.16
106.12
106.075
106.026
105.972
105.913
105.851
105.782
105.71
105.632
105.548
105.462
105.37
105.271
105.167
105.061
104.949
104.83
104.705
104.577
104.446
104.308
104.164
104.016
103.865
103.71
103.548
103.382
103.215
103.044
102.867
102.689
102.51
102.325
102.141
101.954
101.767
101.578
101.39
101.201
101.014
100.827
100.642
100.46
100.28
100.103
99.9305
99.7619
99.5982
99.4398
99.2873
99.1411
99.0018
98.8699
98.7457
98.6297
98.5224
98.424
98.335
98.2557
98.1864
98.1273
98.0786
98.0406
98.0133
97.9969
97.9915
97.9969
98.0133
98.0406
98.0786
98.1273
98.1864
98.2557
98.335
98.424
98.5224
98.6297
98.7457
98.8699
99.0018
99.1411
99.2873
99.4398
99.5982
99.7619
99.9305
100.103
100.28
100.46
100.642
100.827
101.014
101.201
101.39
101.578
101.767
101.954
102.141
102.325
102.51
102.689
102.867
103.044
103.215
103.382
103.548
103.71
103.865
104.016
104.164
104.308
104.446
104.577
104.705
104.83
104.949
105.061
105.167
105.271
105.37
105.462
105.548
105.632
105.71
105.782
105.851
105.913
105.972
106.026
106.075
106.12
106.16
106.197
106.227
106.255
106.278
106.297
106.311
106.322
106.328
106.33
103.122
103.119
103.113
103.102
103.088
103.068
103.045
103.016
102.985
102.947
102.906
102.86
102.809
102.755
102.694
102.629
102.56
102.484
102.405
102.32
102.228
102.134
102.035
101.928
101.815
101.699
101.578
101.452
101.318
101.179
101.037
100.891
100.738
100.579
100.417
100.252
100.081
99.9044
99.726
99.5453
99.3587
99.1701
98.9811
98.7865
98.5932
98.3968
98.2004
98.0033
97.8064
97.6101
97.415
97.2215
97.0302
96.8417
96.6565
96.4752
96.2983
96.1264
95.9601
95.7999
95.6463
95.4998
95.361
95.2304
95.1084
94.9954
94.8918
94.7981
94.7146
94.6416
94.5793
94.5281
94.488
94.4593
94.442
94.4362
94.442
94.4593
94.488
94.5281
94.5793
94.6416
94.7146
94.7981
94.8918
94.9954
95.1084
95.2304
95.361
95.4998
95.6463
95.7999
95.9601
96.1264
96.2983
96.4752
96.6565
96.8417
97.0302
97.2215
97.415
97.6101
97.8064
98.0033
98.2004
98.3968
98.5932
98.7865
98.9811
99.1701
99.3587
99.5453
99.726
99.9044
100.081
100.252
100.417
100.579
100.738
100.891
101.037
101.179
101.318
101.452
101.578
101.699
101.815
101.928
102.035
102.134
102.228
102.32
102.405
102.484
102.56
102.629
102.694
102.755
102.809
102.86
102.906
102.947
102.985
103.016
103.045
103.068
103.088
103.102
103.113
103.119
103.122
99.9201
99.9173
99.9114
99.8999
99.8852
99.8651
99.8414
99.8126
99.7795
99.742
99.6992
99.6528
99.6002
99.5443
99.4824
99.4155
99.3448
99.2669
99.1849
99.0992
99.0058
98.9061
98.8029
98.6956
98.5815
98.4602
98.3333
98.2025
98.0673
97.9255
97.7766
97.6228
97.4656
97.3036
97.1349
96.9608
96.7841
96.6036
96.417
96.2267
96.0353
95.839
95.6392
95.4398
95.2355
95.0318
94.826
94.6202
94.4142
94.2088
94.0044
93.8017
93.6012
93.4034
93.2091
93.0187
92.8329
92.6523
92.4774
92.3089
92.1472
91.9931
91.847
91.7094
91.5808
91.4617
91.3526
91.2538
91.1657
91.0887
91.023
90.9689
90.9267
90.8963
90.8781
90.872
90.8781
90.8963
90.9267
90.9689
91.023
91.0887
91.1657
91.2538
91.3526
91.4617
91.5808
91.7094
91.847
91.9931
92.1472
92.3089
92.4774
92.6523
92.8329
93.0187
93.2091
93.4034
93.6012
93.8017
94.0044
94.2088
94.4142
94.6202
94.826
95.0318
95.2355
95.4398
95.6392
95.839
96.0353
96.2267
96.417
96.6036
96.7841
96.9608
97.1349
97.3036
97.4656
97.6228
97.7766
97.9255
98.0673
98.2025
98.3333
98.4602
98.5815
98.6956
98.8029
98.9061
99.0058
99.0992
99.1849
99.2669
99.3448
99.4155
99.4824
99.5443
99.6002
99.6528
99.6992
99.742
99.7795
99.8126
99.8414
99.8651
99.8852
99.8999
99.9114
99.9173
99.9201
96.7195
96.717
96.7106
96.6993
96.6838
96.6638
96.639
96.6102
96.5759
96.5381
96.4941
96.4467
96.3934
96.3354
96.2731
96.2039
96.1315
96.0532
95.9675
95.8783
95.785
95.6845
95.5768
95.4637
95.3467
95.2245
95.0954
94.959
94.8171
94.6709
94.5198
94.3619
94.1972
94.0278
93.8549
93.6764
93.4914
93.3022
93.1106
92.9138
92.7118
92.5086
92.3022
92.0911
91.8808
91.6665
91.4523
91.2369
91.0215
90.8065
90.5924
90.38
90.1698
89.9623
89.7583
89.5584
89.3632
89.1733
88.9894
88.8121
88.642
88.4797
88.3258
88.1808
88.0453
87.9198
87.8047
87.7005
87.6076
87.5263
87.457
87.3999
87.3552
87.3232
87.3039
87.2975
87.3039
87.3232
87.3552
87.3999
87.457
87.5263
87.6076
87.7005
87.8047
87.9198
88.0453
88.1808
88.3258
88.4797
88.642
88.8121
88.9894
89.1733
89.3632
89.5584
89.7583
89.9623
90.1698
90.38
90.5924
90.8065
91.0215
91.2369
91.4523
91.6665
91.8808
92.0911
92.3022
92.5086
92.7118
92.9138
93.1106
93.3022
93.4914
93.6764
93.8549
94.0278
94.1972
94.3619
94.5198
94.6709
94.8171
94.959
95.0954
95.2245
95.3467
95.4637
95.5768
95.6845
95.785
95.8783
95.9675
96.0532
96.1315
96.2039
96.2731
96.3354
96.3934
96.4467
96.4941
96.5381
96.5759
96.6102
96.639
96.6638
96.6838
96.6993
96.7106
96.717
96.7195
93.523
93.521
93.5139
93.503
93.4867
93.4668
93.4412
93.4122
93.3771
93.3385
93.294
93.2452
93.1915
93.1317
93.0684
92.9982
92.9228
92.844
92.7582
92.665
92.567
92.4651
92.3574
92.2423
92.1201
91.9922
91.8598
91.7219
91.577
91.4247
91.2666
91.1041
90.9363
90.7615
90.5801
90.3945
90.205
90.0093
89.8078
89.6035
89.3959
89.1824
88.9666
88.7493
88.527
88.3052
88.0804
87.8555
87.63
87.4049
87.1807
86.958
86.7374
86.5197
86.3054
86.0953
85.8901
85.6903
85.4968
85.3101
85.1309
84.9599
84.7976
84.6447
84.5018
84.3693
84.2478
84.1378
84.0397
83.9539
83.8806
83.8203
83.7731
83.7393
83.719
83.7122
83.719
83.7393
83.7731
83.8203
83.8806
83.9539
84.0397
84.1378
84.2478
84.3693
84.5018
84.6447
84.7976
84.9599
85.1309
85.3101
85.4968
85.6903
85.8901
86.0953
86.3054
86.5197
86.7374
86.958
87.1807
87.4049
87.63
87.8555
88.0804
88.3052
88.527
88.7493
88.9666
89.1824
89.3959
89.6035
89.8078
90.0093
90.205
90.3945
90.5801
90.7615
90.9363
91.1041
91.2666
91.4247
91.577
91.7219
91.8598
91.9922
92.1201
92.2423
92.3574
92.4651
92.567
92.665
92.7582
92.844
92.9228
92.9982
93.0684
93.1317
93.1915
93.2452
93.294
93.3385
93.3771
93.4122
93.4412
93.4668
93.4867
93.503
93.5139
93.521
93.523
90.3329
90.3312
90.3238
90.3129
90.2962
90.2761
90.2501
90.2205
90.1851
90.1454
90.1009
90.0505
89.9965
89.9355
89.8705
89.8005
89.7226
89.6401
89.554
89.4614
89.3612
89.2543
89.1423
89.0255
88.9027
88.7724
88.6346
88.4907
88.3417
88.1871
88.0253
87.8559
87.6807
87.5009
87.3154
87.1227
86.924
86.7215
86.5145
86.3009
86.0832
85.8633
85.6383
85.4095
85.1803
84.9464
84.7127
84.4768
84.241
84.005
83.77
83.5363
83.3048
83.076
82.8508
82.6299
82.4139
82.2036
81.9997
81.8029
81.614
81.4336
81.2623
81.1009
80.95
80.81
80.6817
80.5654
80.4617
80.3709
80.2934
80.2296
80.1797
80.1439
80.1224
80.1152
80.1224
80.1439
80.1797
80.2296
80.2934
80.3709
80.4617
80.5654
80.6817
80.81
80.95
81.1009
81.2623
81.4336
81.614
81.8029
81.9997
82.2036
82.4139
82.6299
82.8508
83.076
83.3048
83.5363
83.77
84.005
84.241
84.4768
84.7127
84.9464
85.1803
85.4095
85.6383
85.8633
86.0832
86.3009
86.5145
86.7215
86.924
87.1227
87.3154
87.5009
87.6807
87.8559
88.0253
88.1871
88.3417
88.4907
88.6346
88.7724
88.9027
89.0255
89.1423
89.2543
89.3612
89.4614
89.554
89.6401
89.7226
89.8005
89.8705
89.9355
89.9965
90.0505
90.1009
90.1454
90.1851
90.2205
90.2501
90.2761
90.2962
90.3129
90.3238
90.3312
90.3329
87.1437
87.1419
87.1344
87.1233
87.1066
87.0859
87.06
87.0295
86.9942
86.9534
86.9087
86.8574
86.8023
86.7412
86.6737
86.6031
86.5263
86.4415
86.3509
86.2559
86.1558
86.0489
85.9343
85.8127
85.6851
85.5521
85.413
85.2664
85.1119
84.9508
84.7842
84.6117
84.4319
84.2444
84.0511
83.8531
83.6489
83.4376
83.2212
83.0011
82.7756
82.5444
82.3109
82.0738
81.832
81.5901
81.3442
81.0983
80.851
80.604
80.3575
80.1123
79.8692
79.6289
79.3921
79.1597
78.9323
78.7109
78.496
78.2886
78.0893
77.8989
77.7182
77.5477
77.3883
77.2404
77.1047
76.9817
76.872
76.776
76.694
76.6265
76.5737
76.5358
76.513
76.5054
76.513
76.5358
76.5737
76.6265
76.694
76.776
76.872
76.9817
77.1047
77.2404
77.3883
77.5477
77.7182
77.8989
78.0893
78.2886
78.496
78.7109
78.9323
79.1597
79.3921
79.6289
79.8692
80.1123
80.3575
80.604
80.851
81.0983
81.3442
81.5901
81.832
82.0738
82.3109
82.5444
82.7756
83.0011
83.2212
83.4376
83.6489
83.8531
84.0511
84.2444
84.4319
84.6117
84.7842
84.9508
85.1119
85.2664
85.413
85.5521
85.6851
85.8127
85.9343
86.0489
86.1558
86.2559
86.3509
86.4415
86.5263
86.6031
86.6737
86.7412
86.8023
86.8574
86.9087
86.9534
86.9942
87.0295
87.06
87.0859
87.1066
87.1233
87.1344
87.1419
87.1437
83.9614
83.9592
83.952
83.9404
83.9239
83.9026
83.8769
83.8456
83.8104
83.7688
83.7237
83.6721
83.6156
83.5549
83.4864
83.4122
83.3344
83.2511
83.1604
83.0623
82.9578
82.848
82.7326
82.6104
82.4805
82.3428
82.1983
82.0479
81.8912
81.7269
81.5544
81.3748
81.1893
80.9978
80.7986
80.5919
80.3795
80.1622
79.9383
79.7077
79.4731
79.2344
78.9897
78.7418
78.4915
78.2364
77.981
77.7226
77.464
77.2049
76.9462
76.6888
76.4334
76.1807
75.9315
75.6868
75.4473
75.2138
74.9872
74.7683
74.5579
74.3568
74.1658
73.9856
73.8169
73.6604
73.5168
73.3867
73.2705
73.1688
73.082
73.0105
72.9545
72.9143
72.8902
72.8821
72.8902
72.9143
72.9545
73.0105
73.082
73.1688
73.2705
73.3867
73.5168
73.6604
73.8169
73.9856
74.1658
74.3568
74.5579
74.7683
74.9872
75.2138
75.4473
75.6868
75.9315
76.1807
76.4334
76.6888
76.9462
77.2049
77.464
77.7226
77.981
78.2364
78.4915
78.7418
78.9897
79.2344
79.4731
79.7077
79.9383
80.1622
80.3795
80.5919
80.7986
80.9978
81.1893
81.3748
81.5544
81.7269
81.8912
82.0479
82.1983
82.3428
82.4805
82.6104
82.7326
82.848
82.9578
83.0623
83.1604
83.2511
83.3344
83.4122
83.4864
83.5549
83.6156
83.6721
83.7237
83.7688
83.8104
83.8456
83.8769
83.9026
83.9239
83.9404
83.952
83.9592
83.9614
80.7845
80.7819
80.7751
80.7629
80.7467
80.7249
80.6993
80.6675
80.632
80.5903
80.5442
80.493
80.4348
80.3732
80.3065
80.2319
80.1506
80.0641
79.9727
79.8754
79.7708
79.6584
79.5388
79.4127
79.2807
79.1418
78.9951
78.8401
78.6774
78.5082
78.3324
78.1488
77.9568
77.7574
77.5518
77.3398
77.12
76.8929
76.6606
76.4228
76.1782
75.9282
75.6748
75.4162
75.1532
74.8887
74.6198
74.3503
74.0788
73.8071
73.5356
73.2651
72.9965
72.7307
72.4683
72.2105
71.9579
71.7116
71.4724
71.2412
71.0189
70.8063
70.6042
70.4136
70.235
70.0693
69.9172
69.7793
69.6562
69.5483
69.4563
69.3804
69.3211
69.2785
69.2529
69.2443
69.2529
69.2785
69.3211
69.3804
69.4563
69.5483
69.6562
69.7793
69.9172
70.0693
70.235
70.4136
70.6042
70.8063
71.0189
71.2412
71.4724
71.7116
71.9579
72.2105
72.4683
72.7307
72.9965
73.2651
73.5356
73.8071
74.0788
74.3503
74.6198
74.8887
75.1532
75.4162
75.6748
75.9282
76.1782
76.4228
76.6606
76.8929
77.12
77.3398
77.5518
77.7574
77.9568
78.1488
78.3324
78.5082
78.6774
78.8401
78.9951
79.1418
79.2807
79.4127
79.5388
79.6584
79.7708
79.8754
79.9727
80.0641
80.1506
80.2319
80.3065
80.3732
80.4348
80.493
80.5442
80.5903
80.632
80.6675
80.6993
80.7249
80.7467
80.7629
80.7751
80.7819
80.7845
77.6083
77.6055
77.5989
77.5865
77.5704
77.5483
77.5226
77.4908
77.4548
77.4135
77.3664
77.3157
77.2578
77.1931
77.1247
77.0516
76.9718
76.8845
76.7901
76.6894
76.5829
76.4703
76.3505
76.2226
76.0866
75.9432
75.7929
75.6357
75.4705
75.2966
75.1143
74.9248
74.7284
74.524
74.311
74.0903
73.8634
73.6297
73.3881
73.1397
72.8865
72.6272
72.3615
72.0922
71.8189
71.5404
71.2609
70.9775
70.6935
70.4083
70.1233
69.8391
69.5566
69.2768
69.0005
68.7288
68.4624
68.2025
67.9499
67.7056
67.4706
67.2457
67.0319
66.8301
66.641
66.4655
66.3043
66.1581
66.0275
65.9131
65.8155
65.735
65.672
65.6268
65.5996
65.5905
65.5996
65.6268
65.672
65.735
65.8155
65.9131
66.0275
66.1581
66.3043
66.4655
66.641
66.8301
67.0319
67.2457
67.4706
67.7056
67.9499
68.2025
68.4624
68.7288
69.0005
69.2768
69.5566
69.8391
70.1233
70.4083
70.6935
70.9775
71.2609
71.5404
71.8189
72.0922
72.3615
72.6272
72.8865
73.1397
73.3881
73.6297
73.8634
74.0903
74.311
74.524
74.7284
74.9248
75.1143
75.2966
75.4705
75.6357
75.7929
75.9432
76.0866
76.2226
76.3505
76.4703
76.5829
76.6894
76.7901
76.8845
76.9718
77.0516
77.1247
77.1931
77.2578
77.3157
77.3664
77.4135
77.4548
77.4908
77.5226
77.5483
77.5704
77.5865
77.5989
77.6055
77.6083
74.4402
74.4373
74.4307
74.4183
74.4021
74.3801
74.354
74.3225
74.2858
74.245
74.197
74.1452
74.0893
74.0261
73.9557
73.8795
73.7981
73.7113
73.618
73.5173
73.4088
73.2927
73.1698
73.0402
72.9034
72.7584
72.6046
72.4422
72.2722
72.0948
71.9092
71.7145
71.5109
71.2994
71.0807
70.8538
70.6181
70.3747
70.125
69.8682
69.6035
69.3331
69.0578
68.776
68.4896
68.2003
67.9059
67.6102
67.3117
67.0126
66.713
66.4141
66.1168
65.8221
65.5308
65.2441
64.9629
64.6883
64.4214
64.163
63.9143
63.6762
63.4497
63.2357
63.0353
62.8491
62.678
62.5228
62.3842
62.2628
62.1591
62.0735
62.0066
61.9586
61.9297
61.92
61.9297
61.9586
62.0066
62.0735
62.1591
62.2628
62.3842
62.5228
62.678
62.8491
63.0353
63.2357
63.4497
63.6762
63.9143
64.163
64.4214
64.6883
64.9629
65.2441
65.5308
65.8221
66.1168
66.4141
66.713
67.0126
67.3117
67.6102
67.9059
68.2003
68.4896
68.776
69.0578
69.3331
69.6035
69.8682
70.125
70.3747
70.6181
70.8538
71.0807
71.2994
71.5109
71.7145
71.9092
72.0948
72.2722
72.4422
72.6046
72.7584
72.9034
73.0402
73.1698
73.2927
73.4088
73.5173
73.618
73.7113
73.7981
73.8795
73.9557
74.0261
74.0893
74.1452
74.197
74.245
74.2858
74.3225
74.354
74.3801
74.4021
74.4183
74.4307
74.4373
74.4402
71.2775
71.2748
71.268
71.2558
71.2393
71.2178
71.1912
71.1604
71.1232
71.0829
71.0362
70.9821
70.9239
70.8615
70.7934
70.7184
70.6361
70.5468
70.4512
70.3494
70.241
70.1252
70.0012
69.8687
69.7281
69.5798
69.4239
69.2597
69.0861
68.9032
68.7117
68.5121
68.3041
68.0866
67.8597
67.6246
67.3818
67.1306
66.8704
66.603
66.3292
66.0477
65.7593
65.4662
65.1674
64.8633
64.5566
64.2455
63.933
63.6185
63.3036
62.9891
62.676
62.3653
62.0581
61.7554
61.4584
61.1681
60.8856
60.6121
60.3487
60.0964
59.8563
59.6293
59.4166
59.2189
59.0373
58.8724
58.7251
58.596
58.4857
58.3948
58.3236
58.2725
58.2418
58.2315
58.2418
58.2725
58.3236
58.3948
58.4857
58.596
58.7251
58.8724
59.0373
59.2189
59.4166
59.6293
59.8563
60.0964
60.3487
60.6121
60.8856
61.1681
61.4584
61.7554
62.0581
62.3653
62.676
62.9891
63.3036
63.6185
63.933
64.2455
64.5566
64.8633
65.1674
65.4662
65.7593
66.0477
66.3292
66.603
66.8704
67.1306
67.3818
67.6246
67.8597
68.0866
68.3041
68.5121
68.7117
68.9032
69.0861
69.2597
69.4239
69.5798
69.7281
69.8687
70.0012
70.1252
70.241
70.3494
70.4512
70.5468
70.6361
70.7184
70.7934
70.8615
70.9239
70.9821
71.0362
71.0829
71.1232
71.1604
71.1912
71.2178
71.2393
71.2558
71.268
71.2748
71.2775
68.1156
68.1132
68.106
68.0942
68.0773
68.0562
68.0293
67.9988
67.9614
67.9197
67.8749
67.8237
67.7653
67.7007
67.6306
67.5552
67.4741
67.3863
67.2911
67.188
67.0772
66.9591
66.8338
66.7008
66.5594
66.4088
66.249
66.0804
65.9034
65.7176
65.5221
65.3166
65.1016
64.8779
64.6453
64.4029
64.1508
63.8902
63.6217
63.3444
63.0585
62.7658
62.4663
62.1594
61.8471
61.5302
61.2076
60.8826
60.554
60.224
59.8928
59.5618
59.232
58.9044
58.5803
58.2606
57.9467
57.6397
57.3408
57.0512
56.7721
56.5046
56.2499
56.009
55.7832
55.5732
55.3802
55.205
55.0484
54.9111
54.7938
54.697
54.6213
54.5669
54.5342
54.5233
54.5342
54.5669
54.6213
54.697
54.7938
54.9111
55.0484
55.205
55.3802
55.5732
55.7832
56.009
56.2499
56.5046
56.7721
57.0512
57.3408
57.6397
57.9467
58.2606
58.5803
58.9044
59.232
59.5618
59.8928
60.224
60.554
60.8826
61.2076
61.5302
61.8471
62.1594
62.4663
62.7658
63.0585
63.3444
63.6217
63.8902
64.1508
64.4029
64.6453
64.8779
65.1016
65.3166
65.5221
65.7176
65.9034
66.0804
66.249
66.4088
66.5594
66.7008
66.8338
66.9591
67.0772
67.188
67.2911
67.3863
67.4741
67.5552
67.6306
67.7007
67.7653
67.8237
67.8749
67.9197
67.9614
67.9988
68.0293
68.0562
68.0773
68.0942
68.106
68.1132
68.1156
64.9611
64.959
64.9516
64.9402
64.9231
64.9025
64.8756
64.8455
64.8103
64.7674
64.7199
64.6685
64.6123
64.5501
64.4812
64.4053
64.3226
64.2333
64.1376
64.0351
63.9251
63.8069
63.6798
63.5441
63.4001
63.2476
63.0864
62.9155
62.7344
62.5434
62.343
62.1332
61.9134
61.6828
61.4421
61.192
60.9325
60.6629
60.3835
60.0956
59.7994
59.4942
59.1812
58.8619
58.5354
58.2028
57.8662
57.5243
57.1799
56.8326
56.4843
56.1357
55.788
55.4423
55.1
54.7622
54.4301
54.1052
53.7885
53.4816
53.1855
52.9016
52.6312
52.3753
52.1353
51.912
51.7067
51.5203
51.3536
51.2074
51.0825
50.9794
50.8988
50.8408
50.806
50.7943
50.806
50.8408
50.8988
50.9794
51.0825
51.2074
51.3536
51.5203
51.7067
51.912
52.1353
52.3753
52.6312
52.9016
53.1855
53.4816
53.7885
54.1052
54.4301
54.7622
55.1
55.4423
55.788
56.1357
56.4843
56.8326
57.1799
57.5243
57.8662
58.2028
58.5354
58.8619
59.1812
59.4942
59.7994
60.0956
60.3835
60.6629
60.9325
61.192
61.4421
61.6828
61.9134
62.1332
62.343
62.5434
62.7344
62.9155
63.0864
63.2476
63.4001
63.5441
63.6798
63.8069
63.9251
64.0351
64.1376
64.2333
64.3226
64.4053
64.4812
64.5501
64.6123
64.6685
64.7199
64.7674
64.8103
64.8455
64.8756
64.9025
64.9231
64.9402
64.9516
64.959
64.9611
61.8151
61.8133
61.8056
61.7944
61.7771
61.7565
61.7298
61.6979
61.6638
61.6246
61.5788
61.5267
61.4689
61.4057
61.3372
61.2628
61.1819
61.0937
60.9978
60.894
60.7825
60.6633
60.5362
60.4004
60.2553
60.1003
59.9356
59.7614
59.5776
59.3837
59.1789
58.963
58.7368
58.5003
58.2533
57.995
57.726
57.4471
57.1584
56.8593
56.5504
56.2332
55.9074
55.573
55.232
54.8845
54.5305
54.1727
53.8102
53.4453
53.0784
52.711
52.3442
51.9792
51.6174
51.26
50.9085
50.5642
50.2285
49.9028
49.5885
49.2869
48.9994
48.7273
48.4719
48.2343
48.0157
47.8171
47.6394
47.4836
47.3505
47.2406
47.1546
47.0928
47.0556
47.0432
47.0556
47.0928
47.1546
47.2406
47.3505
47.4836
47.6394
47.8171
48.0157
48.2343
48.4719
48.7273
48.9994
49.2869
49.5885
49.9028
50.2285
50.5642
50.9085
51.26
51.6174
51.9792
52.3442
52.711
53.0784
53.4453
53.8102
54.1727
54.5305
54.8845
55.232
55.573
55.9074
56.2332
56.5504
56.8593
57.1584
57.4471
57.726
57.995
58.2533
58.5003
58.7368
58.963
59.1789
59.3837
59.5776
59.7614
59.9356
60.1003
60.2553
60.4004
60.5362
60.6633
60.7825
60.894
60.9978
61.0937
61.1819
61.2628
61.3372
61.4057
61.4689
61.5267
61.5788
61.6246
61.6638
61.6979
61.7298
61.7565
61.7771
61.7944
61.8056
61.8133
61.8151
58.6691
58.6674
58.6598
58.6487
58.632
58.6116
58.5874
58.5558
58.5191
58.4786
58.4339
58.3843
58.329
58.2673
58.199
58.1241
58.0426
57.9545
57.8595
57.7571
57.6464
57.5269
57.3984
57.2609
57.1143
56.9584
56.7924
56.6158
56.4282
56.2298
56.0208
55.8008
55.5693
55.3259
55.071
54.8052
54.5282
54.2395
53.9396
53.6295
53.3092
52.9784
52.6384
52.2902
51.9333
51.5691
51.199
50.8226
50.4423
50.0582
49.672
49.2846
48.8975
48.512
48.1294
47.7513
47.379
47.014
46.6579
46.3122
45.9784
45.6579
45.3522
45.0627
44.7908
44.5378
44.3049
44.0932
43.9038
43.7377
43.5956
43.4784
43.3866
43.3206
43.2809
43.2677
43.2809
43.3206
43.3866
43.4784
43.5956
43.7377
43.9038
44.0932
44.3049
44.5378
44.7908
45.0627
45.3522
45.6579
45.9784
46.3122
46.6579
47.014
47.379
47.7513
48.1294
48.512
48.8975
49.2846
49.672
50.0582
50.4423
50.8226
51.199
51.5691
51.9333
52.2902
52.6384
52.9784
53.3092
53.6295
53.9396
54.2395
54.5282
54.8052
55.071
55.3259
55.5693
55.8008
56.0208
56.2298
56.4282
56.6158
56.7924
56.9584
57.1143
57.2609
57.3984
57.5269
57.6464
57.7571
57.8595
57.9545
58.0426
58.1241
58.199
58.2673
58.329
58.3843
58.4339
58.4786
58.5191
58.5558
58.5874
58.6116
58.632
58.6487
58.6598
58.6674
58.6691
55.5289
55.5269
55.5193
55.5076
55.4909
55.4682
55.4439
55.4157
55.382
55.3425
55.2975
55.2472
55.1917
55.1309
55.0645
54.9917
54.9121
54.8249
54.73
54.6271
54.5163
54.3972
54.2693
54.1319
53.9844
53.8265
53.6581
53.4792
53.2895
53.0882
52.8748
52.6493
52.412
52.1628
51.9013
51.6271
51.3406
51.0425
50.7325
50.4105
50.0771
49.7334
49.3792
49.0149
48.6422
48.2612
47.8724
47.478
47.0778
46.6739
46.2668
45.8583
45.4496
45.0422
44.6375
44.2371
43.8426
43.4555
43.0776
42.7103
42.3555
42.0146
41.6893
41.3811
41.0914
40.8217
40.5733
40.3476
40.1455
39.9682
39.8165
39.6913
39.5933
39.5228
39.4804
39.4663
39.4804
39.5228
39.5933
39.6913
39.8165
39.9682
40.1455
40.3476
40.5733
40.8217
41.0914
41.3811
41.6893
42.0146
42.3555
42.7103
43.0776
43.4555
43.8426
44.2371
44.6375
45.0422
45.4496
45.8583
46.2668
46.6739
47.0778
47.478
47.8724
48.2612
48.6422
49.0149
49.3792
49.7334
50.0771
50.4105
50.7325
51.0425
51.3406
51.6271
51.9013
52.1628
52.412
52.6493
52.8748
53.0882
53.2895
53.4792
53.6581
53.8265
53.9844
54.1319
54.2693
54.3972
54.5163
54.6271
54.73
54.8249
54.9121
54.9917
55.0645
55.1309
55.1917
55.2472
55.2975
55.3425
55.382
55.4157
55.4439
55.4682
55.4909
55.5076
55.5193
55.5269
55.5289
52.3972
52.3949
52.3878
52.3763
52.3623
52.3413
52.3149
52.2848
52.2509
52.2129
52.1703
52.1226
52.069
52.0094
51.9435
51.8712
51.7923
51.7065
51.6133
51.5122
51.4024
51.2834
51.1551
51.0171
50.8692
50.7109
50.5415
50.3605
50.1675
49.9625
49.7455
49.5159
49.2732
49.0172
48.7481
48.4662
48.1711
47.8626
47.5411
47.2074
46.8613
46.503
46.1335
45.7537
45.3634
44.9641
44.5569
44.142
43.7215
43.2958
42.8668
42.4356
42.0037
41.5727
41.1442
40.7198
40.3013
39.8903
39.4887
39.0983
38.7207
38.3577
38.0111
37.6825
37.3735
37.0858
36.8206
36.5795
36.3636
36.1741
36.012
35.8781
35.7733
35.698
35.6526
35.6375
35.6526
35.698
35.7733
35.8781
36.012
36.1741
36.3636
36.5795
36.8206
37.0858
37.3735
37.6825
38.0111
38.3577
38.7207
39.0983
39.4887
39.8903
40.3013
40.7198
41.1442
41.5727
42.0037
42.4356
42.8668
43.2958
43.7215
44.142
44.5569
44.9641
45.3634
45.7537
46.1335
46.503
46.8613
47.2074
47.5411
47.8626
48.1711
48.4662
48.7481
49.0172
49.2732
49.5159
49.7455
49.9625
50.1675
50.3605
50.5415
50.7109
50.8692
51.0171
51.1551
51.2834
51.4024
51.5122
51.6133
51.7065
51.7923
51.8712
51.9435
52.0094
52.069
52.1226
52.1703
52.2129
52.2509
52.2848
52.3149
52.3413
52.3623
52.3763
52.3878
52.3949
52.3972
49.2748
49.2716
49.264
49.2493
49.2329
49.2138
49.1905
49.1625
49.1297
49.0922
49.0498
49.0026
48.9504
48.8928
48.8293
48.7594
48.6825
48.5982
48.506
48.4056
48.2969
48.1792
48.052
47.9146
47.7664
47.607
47.4362
47.2537
47.0589
46.8513
46.6303
46.3958
46.1477
45.8859
45.61
45.3196
45.015
44.6965
44.3641
44.0176
43.6578
43.2852
42.9
42.5028
42.0948
41.6766
41.2489
40.8134
40.3706
39.9224
39.4697
39.0143
38.5577
38.1015
37.6475
37.1974
36.7531
36.3165
35.8895
35.474
35.0719
34.6851
34.3155
33.9649
33.6351
33.3278
33.0445
32.7867
32.5558
32.3532
32.1797
32.0365
31.9243
31.8436
31.7951
31.7789
31.7951
31.8436
31.9243
32.0365
32.1797
32.3532
32.5558
32.7867
33.0445
33.3278
33.6351
33.9649
34.3155
34.6851
35.0719
35.474
35.8895
36.3165
36.7531
37.1974
37.6475
38.1015
38.5577
39.0143
39.4697
39.9224
40.3706
40.8134
41.2489
41.6766
42.0948
42.5028
42.9
43.2852
43.6578
44.0176
44.3641
44.6965
45.015
45.3196
45.61
45.8859
46.1477
46.3958
46.6303
46.8513
47.0589
47.2537
47.4362
47.607
47.7664
47.9146
48.052
48.1792
48.2969
48.4056
48.506
48.5982
48.6825
48.7594
48.8293
48.8928
48.9504
49.0026
49.0498
49.0922
49.1297
49.1625
49.1905
49.2138
49.2329
49.2493
49.264
49.2716
49.2748
46.1478
46.1442
46.1387
46.1269
46.1096
46.0886
46.0643
46.0365
46.0051
45.9697
45.9298
45.885
45.8349
45.779
45.7172
45.649
45.5741
45.492
45.4023
45.3042
45.1972
45.0806
44.9542
44.8174
44.6698
44.5107
44.3396
44.1557
43.9588
43.7484
43.5243
43.286
43.0329
42.7648
42.4817
42.1835
41.87
41.5411
41.197
40.8381
40.4645
40.0766
39.675
39.2606
38.8337
38.3954
37.947
37.489
37.0234
36.5509
36.0734
35.5924
35.1095
34.6265
34.1453
33.6678
33.196
32.7319
32.2777
31.8353
31.4069
30.9945
30.6003
30.226
29.8738
29.5453
29.2424
28.9668
28.7198
28.5028
28.3172
28.1638
28.0436
27.9573
27.9053
27.8879
27.9053
27.9573
28.0436
28.1638
28.3172
28.5028
28.7198
28.9668
29.2424
29.5453
29.8738
30.226
30.6003
30.9945
31.4069
31.8353
32.2777
32.7319
33.196
33.6678
34.1453
34.6265
35.1095
35.5924
36.0734
36.5509
37.0234
37.489
37.947
38.3954
38.8337
39.2606
39.675
40.0766
40.4645
40.8381
41.197
41.5411
41.87
42.1835
42.4817
42.7648
43.0329
43.286
43.5243
43.7484
43.9588
44.1557
44.3396
44.5107
44.6698
44.8174
44.9542
45.0806
45.1972
45.3042
45.4023
45.492
45.5741
45.649
45.7172
45.779
45.8349
45.885
45.9298
45.9697
46.0051
46.0365
46.0643
46.0886
46.1096
46.1269
46.1387
46.1442
46.1478
43.0343
43.0267
43.0153
43.0019
42.9855
42.966
42.9432
42.9168
42.8866
42.8525
42.8141
42.7711
42.7233
42.6702
42.6112
42.5459
42.4737
42.3941
42.3066
42.2107
42.1059
41.9916
41.8671
41.7317
41.5849
41.4261
41.2548
41.0703
40.8722
40.6599
40.4327
40.1904
39.9326
39.6589
39.369
39.0627
38.74
38.4008
38.0451
37.6731
37.2852
36.8818
36.4633
36.0304
35.584
35.1248
34.6541
34.173
33.6826
33.1848
32.6808
32.1724
31.6614
31.1498
30.6395
30.1326
29.6313
29.1377
28.6541
28.1828
27.7261
27.2861
26.8651
26.4653
26.0888
25.7375
25.4134
25.1183
24.8538
24.6215
24.4225
24.2582
24.1293
24.0368
23.981
23.9624
23.981
24.0368
24.1293
24.2582
24.4225
24.6215
24.8538
25.1183
25.4134
25.7375
26.0888
26.4653
26.8651
27.2861
27.7261
28.1828
28.6541
29.1377
29.6313
30.1326
30.6395
31.1498
31.6614
32.1724
32.6808
33.1848
33.6826
34.173
34.6541
35.1248
35.584
36.0304
36.4633
36.8818
37.2852
37.6731
38.0451
38.4008
38.74
39.0627
39.369
39.6589
39.9326
40.1904
40.4327
40.6599
40.8722
41.0703
41.2548
41.4261
41.5849
41.7317
41.8671
41.9916
42.1059
42.2107
42.3066
42.3941
42.4737
42.5459
42.6112
42.6702
42.7233
42.7711
42.8141
42.8525
42.8866
42.9168
42.9432
42.966
42.9855
43.0019
43.0153
43.0267
43.0343
39.9279
39.9163
39.903
39.8879
39.8707
39.8511
39.8289
39.8037
39.7754
39.7434
39.7075
39.6672
39.6222
39.5718
39.5158
39.4535
39.3845
39.3081
39.2237
39.1309
39.0288
38.917
38.7947
38.6613
38.516
38.3583
38.1875
38.0028
37.8038
37.5897
37.3601
37.1144
36.8521
36.5728
36.2762
35.9621
35.6301
35.2804
34.9128
34.5275
34.1248
33.7051
33.2689
32.8169
32.3498
31.8686
31.3744
30.8685
30.3522
29.827
29.2948
28.7572
28.2161
27.6737
27.1321
26.5936
26.0604
25.535
25.0198
24.5172
24.0297
23.5598
23.1098
22.6822
22.2793
21.9033
21.5561
21.2399
20.9564
20.7072
20.4938
20.3175
20.1792
20.0798
20.02
20
20.02
20.0798
20.1792
20.3175
20.4938
20.7072
20.9564
21.2399
21.5561
21.9033
22.2793
22.6822
23.1098
23.5598
24.0297
24.5172
25.0198
25.535
26.0604
26.5936
27.1321
27.6737
28.2161
28.7572
29.2948
29.827
30.3522
30.8685
31.3744
31.8686
32.3498
32.8169
33.2689
33.7051
34.1248
34.5275
34.9128
35.2804
35.6301
35.9621
36.2762
36.5728
36.8521
37.1144
37.3601
37.5897
37.8038
38.0028
38.1875
38.3583
38.516
38.6613
38.7947
38.917
39.0288
39.1309
39.2237
39.3081
39.3845
39.4535
39.5158
39.5718
39.6222
39.6672
39.7075
39.7434
39.7754
39.8037
39.8289
39.8511
39.8707
39.8879
39.903
39.9163
39.9279
