200
200
200
200
200
200
200
200
200
200
200
200
200
200
200
200
200
200
200
200
200
200
200
200
200
200
200
200
200
200
200
200
200
200
200
200
200
200
200
200
200
200
200
200
200
200
200
200
200
200
200
200
200
200
200
200
200
200
200
200
200
200
200
200
200
200
200
200
200
200
200
200
200
200
200
200
200
200
200
200
200
200
200
200
200
200
200
200
200
200
200
200
200
200
200
200
200
200
200
200
200
200
200
200
200
200
200
200
200
200
200
200
200
200
200
200
200
200
200
200
200
200
200
200
200
200
200
200
200
200
200
200
200
200
200
200
200
200
200
200
200
200
200
200
200
200
200
200
200
200
200
196.746
196.746
196.746
196.745
196.745
196.744
196.744
196.743
196.742
196.741
196.739
196.738
196.736
196.735
196.733
196.731
196.729
196.727
196.724
196.722
196.719
196.717
196.714
196.711
196.708
196.705
196.701
196.698
196.694
196.691
196.687
196.683
196.68
196.676
196.672
196.668
196.663
196.659
196.655
196.651
196.646
196.642
196.638
196.633
196.629
196.625
196.62
196.616
196.612
196.608
196.604
196.599
196.595
196.591
196.588
196.584
196.58
196.577
196.573
196.57
196.567
196.564
196.561
196.559
196.556
196.554
196.552
196.55
196.549
196.547
196.546
196.545
196.544
196.544
196.543
196.543
196.543
196.544
196.544
196.545
196.546
196.547
196.549
196.55
196.552
196.554
196.556
196.559
196.561
196.564
196.567
196.57
196.573
196.577
196.58
196.584
196.588
196.591
196.595
196.599
196.604
196.608
196.612
196.616
196.62
196.625
196.629
196.633
196.638
196.642
196.646
196.651
196.655
196.659
196.663
196.668
196.672
196.676
196.68
196.683
196.687
196.691
196.694
196.698
196.701
196.705
196.708
196.711
196.714
196.717
196.719
196.722
196.724
196.727
196.729
196.731
196.733
196.735
196.736
196.738
196.739
196.741
196.742
196.743
196.744
196.744
196.745
196.745
196.746
196.746
196.746
193.492
193.492
193.492
193.491
193.49
193.489
193.487
193.486
193.483
193.481
193.479
193.476
193.473
193.469
193.466
193.462
193.458
193.453
193.449
193.444
193.438
193.433
193.427
193.422
193.415
193.409
193.403
193.396
193.389
193.382
193.374
193.367
193.359
193.351
193.343
193.335
193.327
193.318
193.31
193.301
193.293
193.284
193.275
193.267
193.258
193.249
193.241
193.232
193.224
193.215
193.207
193.199
193.191
193.183
193.175
193.167
193.16
193.153
193.147
193.14
193.134
193.128
193.123
193.117
193.112
193.108
193.104
193.1
193.097
193.094
193.092
193.09
193.088
193.087
193.086
193.086
193.086
193.087
193.088
193.09
193.092
193.094
193.097
193.1
193.104
193.108
193.112
193.117
193.123
193.128
193.134
193.14
193.147
193.153
193.16
193.167
193.175
193.183
193.191
193.199
193.207
193.215
193.224
193.232
193.241
193.249
193.258
193.267
193.275
193.284
193.293
193.301
193.31
193.318
193.327
193.335
193.343
193.351
193.359
193.367
193.374
193.382
193.389
193.396
193.403
193.409
193.415
193.422
193.427
193.433
193.438
193.444
193.449
193.453
193.458
193.462
193.466
193.469
193.473
193.476
193.479
193.481
193.483
193.486
193.487
193.489
193.49
193.491
193.492
193.492
193.492
190.238
190.238
190.238
190.236
190.235
190.233
190.231
190.228
190.225
190.222
190.218
190.214
190.209
190.204
190.199
190.193
190.187
190.18
190.173
190.166
190.158
190.15
190.141
190.132
190.123
190.114
190.104
190.094
190.083
190.073
190.062
190.05
190.039
190.027
190.015
190.003
189.99
189.978
189.965
189.952
189.939
189.926
189.913
189.9
189.887
189.874
189.861
189.848
189.835
189.823
189.81
189.798
189.786
189.774
189.762
189.751
189.74
189.729
189.719
189.709
189.7
189.691
189.683
189.675
189.668
189.661
189.655
189.649
189.645
189.64
189.637
189.634
189.631
189.63
189.629
189.628
189.629
189.63
189.631
189.634
189.637
189.64
189.645
189.649
189.655
189.661
189.668
189.675
189.683
189.691
189.7
189.709
189.719
189.729
189.74
189.751
189.762
189.774
189.786
189.798
189.81
189.823
189.835
189.848
189.861
189.874
189.887
189.9
189.913
189.926
189.939
189.952
189.965
189.978
189.99
190.003
190.015
190.027
190.039
190.05
190.062
190.073
190.083
190.094
190.104
190.114
190.123
190.132
190.141
190.15
190.158
190.166
190.173
190.18
190.187
190.193
190.199
190.204
190.209
190.214
190.218
190.222
190.225
190.228
190.231
190.233
190.235
190.236
190.238
190.238
190.238
186.985
186.985
186.984
186.982
186.98
186.978
186.975
186.971
186.967
186.963
186.958
186.952
186.946
186.939
186.932
186.924
186.916
186.907
186.898
186.888
186.877
186.867
186.855
186.844
186.831
186.819
186.806
186.792
186.778
186.764
186.749
186.734
186.719
186.703
186.687
186.67
186.654
186.637
186.62
186.603
186.586
186.568
186.551
186.533
186.516
186.498
186.481
186.464
186.447
186.43
186.413
186.396
186.38
186.364
186.349
186.334
186.319
186.305
186.291
186.279
186.266
186.254
186.243
186.233
186.223
186.214
186.206
186.198
186.192
186.186
186.181
186.177
186.174
186.172
186.17
186.17
186.17
186.172
186.174
186.177
186.181
186.186
186.192
186.198
186.206
186.214
186.223
186.233
186.243
186.254
186.266
186.279
186.291
186.305
186.319
186.334
186.349
186.364
186.38
186.396
186.413
186.43
186.447
186.464
186.481
186.498
186.516
186.533
186.551
186.568
186.586
186.603
186.62
186.637
186.654
186.67
186.687
186.703
186.719
186.734
186.749
186.764
186.778
186.792
186.806
186.819
186.831
186.844
186.855
186.867
186.877
186.888
186.898
186.907
186.916
186.924
186.932
186.939
186.946
186.952
186.958
186.963
186.967
186.971
186.975
186.978
186.98
186.982
186.984
186.985
186.985
183.732
183.731
183.73
183.729
183.726
183.723
183.719
183.715
183.71
183.704
183.698
183.691
183.683
183.675
183.666
183.656
183.645
183.634
183.623
183.61
183.597
183.584
183.57
183.555
183.54
183.524
183.507
183.491
183.473
183.455
183.437
183.418
183.399
183.379
183.359
183.338
183.318
183.297
183.275
183.254
183.232
183.21
183.189
183.167
183.145
183.123
183.101
183.079
183.058
183.036
183.016
182.995
182.975
182.955
182.935
182.916
182.898
182.88
182.863
182.847
182.831
182.816
182.803
182.789
182.777
182.766
182.756
182.746
182.738
182.731
182.725
182.72
182.716
182.713
182.711
182.711
182.711
182.713
182.716
182.72
182.725
182.731
182.738
182.746
182.756
182.766
182.777
182.789
182.803
182.816
182.831
182.847
182.863
182.88
182.898
182.916
182.935
182.955
182.975
182.995
183.016
183.036
183.058
183.079
183.101
183.123
183.145
183.167
183.189
183.21
183.232
183.254
183.275
183.297
183.318
183.338
183.359
183.379
183.399
183.418
183.437
183.455
183.473
183.491
183.507
183.524
183.54
183.555
183.57
183.584
183.597
183.61
183.623
183.634
183.645
183.656
183.666
183.675
183.683
183.691
183.698
183.704
183.71
183.715
183.719
183.723
183.726
183.729
183.73
183.731
183.732
180.479
180.479
180.478
180.476
180.473
180.469
180.465
180.459
180.453
180.446
180.439
180.43
180.421
180.411
180.4
180.388
180.376
180.363
180.349
180.334
180.318
180.302
180.285
180.267
180.249
180.23
180.21
180.19
180.169
180.147
180.125
180.102
180.079
180.055
180.031
180.007
179.982
179.956
179.931
179.905
179.879
179.853
179.826
179.8
179.774
179.747
179.721
179.695
179.669
179.643
179.618
179.593
179.569
179.545
179.521
179.498
179.476
179.455
179.434
179.414
179.396
179.378
179.361
179.345
179.33
179.317
179.304
179.293
179.283
179.274
179.267
179.261
179.256
179.253
179.251
179.25
179.251
179.253
179.256
179.261
179.267
179.274
179.283
179.293
179.304
179.317
179.33
179.345
179.361
179.378
179.396
179.414
179.434
179.455
179.476
179.498
179.521
179.545
179.569
179.593
179.618
179.643
179.669
179.695
179.721
179.747
179.774
179.8
179.826
179.853
179.879
179.905
179.931
179.956
179.982
180.007
180.031
180.055
180.079
180.102
180.125
180.147
180.169
180.19
180.21
180.23
180.249
180.267
180.285
180.302
180.318
180.334
180.349
180.363
180.376
180.388
180.4
180.411
180.421
180.43
180.439
180.446
180.453
180.459
180.465
180.469
180.473
180.476
180.478
180.479
180.479
177.228
177.227
177.226
177.224
177.22
177.216
177.211
177.205
177.198
177.19
177.181
177.171
177.16
177.148
177.135
177.122
177.107
177.092
177.075
177.058
177.04
177.021
177.001
176.98
176.959
176.937
176.913
176.89
176.865
176.84
176.814
176.787
176.76
176.732
176.704
176.675
176.646
176.617
176.587
176.556
176.526
176.495
176.464
176.433
176.402
176.371
176.341
176.31
176.28
176.25
176.22
176.191
176.162
176.134
176.106
176.08
176.054
176.029
176.004
175.981
175.959
175.938
175.918
175.9
175.883
175.867
175.852
175.839
175.827
175.817
175.808
175.801
175.796
175.791
175.789
175.788
175.789
175.791
175.796
175.801
175.808
175.817
175.827
175.839
175.852
175.867
175.883
175.9
175.918
175.938
175.959
175.981
176.004
176.029
176.054
176.08
176.106
176.134
176.162
176.191
176.22
176.25
176.28
176.31
176.341
176.371
176.402
176.433
176.464
176.495
176.526
176.556
176.587
176.617
176.646
176.675
176.704
176.732
176.76
176.787
176.814
176.84
176.865
176.89
176.913
176.937
176.959
176.98
177.001
177.021
177.04
177.058
177.075
177.092
177.107
177.122
177.135
177.148
177.16
177.171
177.181
177.19
177.198
177.205
177.211
177.216
177.22
177.224
177.226
177.227
177.228
173.977
173.977
173.975
173.973
173.969
173.964
173.958
173.951
173.943
173.934
173.923
173.912
173.899
173.886
173.871
173.856
173.839
173.821
173.803
173.783
173.762
173.741
173.718
173.694
173.67
173.644
173.618
173.59
173.562
173.533
173.503
173.473
173.442
173.41
173.378
173.345
173.311
173.277
173.243
173.208
173.173
173.138
173.102
173.067
173.031
172.996
172.96
172.925
172.89
172.856
172.821
172.788
172.755
172.723
172.691
172.66
172.63
172.602
172.574
172.547
172.522
172.497
172.475
172.453
172.433
172.415
172.398
172.383
172.369
172.358
172.348
172.339
172.333
172.329
172.326
172.325
172.326
172.329
172.333
172.339
172.348
172.358
172.369
172.383
172.398
172.415
172.433
172.453
172.475
172.497
172.522
172.547
172.574
172.602
172.63
172.66
172.691
172.723
172.755
172.788
172.821
172.856
172.89
172.925
172.96
172.996
173.031
173.067
173.102
173.138
173.173
173.208
173.243
173.277
173.311
173.345
173.378
173.41
173.442
173.473
173.503
173.533
173.562
173.59
173.618
173.644
173.67
173.694
173.718
173.741
173.762
173.783
173.803
173.821
173.839
173.856
173.871
173.886
173.899
173.912
173.923
173.934
173.943
173.951
173.958
173.964
173.969
173.973
173.975
173.977
173.977
170.728
170.727
170.725
170.722
170.718
170.713
170.706
170.698
170.689
170.678
170.667
170.654
170.64
170.625
170.609
170.591
170.572
170.552
170.531
170.509
170.486
170.461
170.435
170.409
170.381
170.352
170.322
170.292
170.26
170.227
170.194
170.159
170.124
170.088
170.052
170.014
169.976
169.938
169.899
169.86
169.82
169.78
169.74
169.7
169.66
169.62
169.58
169.54
169.5
169.461
169.423
169.384
169.347
169.31
169.275
169.24
169.206
169.173
169.142
169.111
169.083
169.055
169.029
169.005
168.982
168.962
168.943
168.925
168.91
168.897
168.885
168.876
168.869
168.863
168.86
168.859
168.86
168.863
168.869
168.876
168.885
168.897
168.91
168.925
168.943
168.962
168.982
169.005
169.029
169.055
169.083
169.111
169.142
169.173
169.206
169.24
169.275
169.31
169.347
169.384
169.423
169.461
169.5
169.54
169.58
169.62
169.66
169.7
169.74
169.78
169.82
169.86
169.899
169.938
169.976
170.014
170.052
170.088
170.124
170.159
170.194
170.227
170.26
170.292
170.322
170.352
170.381
170.409
170.435
170.461
170.486
170.509
170.531
170.552
170.572
170.591
170.609
170.625
170.64
170.654
170.667
170.678
170.689
170.698
170.706
170.713
170.718
170.722
170.725
170.727
170.728
167.479
167.479
167.477
167.473
167.469
167.462
167.455
167.446
167.436
167.425
167.412
167.397
167.382
167.365
167.347
167.327
167.306
167.284
167.261
167.236
167.21
167.183
167.154
167.124
167.094
167.061
167.028
166.994
166.959
166.922
166.885
166.846
166.807
166.767
166.726
166.685
166.642
166.599
166.556
166.512
166.468
166.423
166.378
166.333
166.289
166.244
166.199
166.154
166.11
166.066
166.023
165.98
165.938
165.897
165.857
165.818
165.78
165.744
165.708
165.675
165.642
165.612
165.583
165.555
165.53
165.507
165.485
165.466
165.449
165.434
165.421
165.411
165.403
165.397
165.393
165.392
165.393
165.397
165.403
165.411
165.421
165.434
165.449
165.466
165.485
165.507
165.53
165.555
165.583
165.612
165.642
165.675
165.708
165.744
165.78
165.818
165.857
165.897
165.938
165.98
166.023
166.066
166.11
166.154
166.199
166.244
166.289
166.333
166.378
166.423
166.468
166.512
166.556
166.599
166.642
166.685
166.726
166.767
166.807
166.846
166.885
166.922
166.959
166.994
167.028
167.061
167.094
167.124
167.154
167.183
167.21
167.236
167.261
167.284
167.306
167.327
167.347
167.365
167.382
167.397
167.412
167.425
167.436
167.446
167.455
167.462
167.469
167.473
167.477
167.479
167.479
164.232
164.232
164.229
164.226
164.22
164.214
164.206
164.196
164.185
164.172
164.158
164.142
164.125
164.106
164.086
164.065
164.042
164.017
163.992
163.964
163.936
163.906
163.874
163.841
163.807
163.772
163.735
163.697
163.658
163.618
163.577
163.534
163.491
163.447
163.402
163.356
163.309
163.261
163.213
163.165
163.116
163.066
163.017
162.967
162.917
162.867
162.818
162.768
162.719
162.671
162.623
162.576
162.529
162.484
162.439
162.396
162.354
162.313
162.274
162.236
162.2
162.166
162.134
162.104
162.076
162.05
162.026
162.004
161.985
161.969
161.954
161.943
161.934
161.927
161.923
161.922
161.923
161.927
161.934
161.943
161.954
161.969
161.985
162.004
162.026
162.05
162.076
162.104
162.134
162.166
162.2
162.236
162.274
162.313
162.354
162.396
162.439
162.484
162.529
162.576
162.623
162.671
162.719
162.768
162.818
162.867
162.917
162.967
163.017
163.066
163.116
163.165
163.213
163.261
163.309
163.356
163.402
163.447
163.491
163.534
163.577
163.618
163.658
163.697
163.735
163.772
163.807
163.841
163.874
163.906
163.936
163.964
163.992
164.017
164.042
164.065
164.086
164.106
164.125
164.142
164.158
164.172
164.185
164.196
164.206
164.214
164.22
164.226
164.229
164.232
164.232
160.987
160.986
160.984
160.98
160.974
160.967
160.958
160.947
160.935
160.921
160.905
160.888
160.87
160.849
160.827
160.804
160.779
160.752
160.724
160.694
160.663
160.63
160.595
160.56
160.522
160.484
160.443
160.402
160.359
160.315
160.27
160.223
160.176
160.127
160.078
160.027
159.976
159.924
159.871
159.818
159.764
159.71
159.655
159.601
159.546
159.491
159.437
159.382
159.328
159.275
159.222
159.17
159.119
159.069
159.02
158.972
158.926
158.881
158.837
158.796
158.756
158.719
158.683
158.65
158.619
158.59
158.564
158.54
158.519
158.501
158.485
158.472
158.462
158.455
158.451
158.45
158.451
158.455
158.462
158.472
158.485
158.501
158.519
158.54
158.564
158.59
158.619
158.65
158.683
158.719
158.756
158.796
158.837
158.881
158.926
158.972
159.02
159.069
159.119
159.17
159.222
159.275
159.328
159.382
159.437
159.491
159.546
159.601
159.655
159.71
159.764
159.818
159.871
159.924
159.976
160.027
160.078
160.127
160.176
160.223
160.27
160.315
160.359
160.402
160.443
160.484
160.522
160.56
160.595
160.63
160.663
160.694
160.724
160.752
160.779
160.804
160.827
160.849
160.87
160.888
160.905
160.921
160.935
160.947
160.958
160.967
160.974
160.98
160.984
160.986
160.987
157.743
157.742
157.739
157.735
157.729
157.721
157.711
157.7
157.686
157.672
157.655
157.636
157.616
157.594
157.57
157.545
157.517
157.488
157.458
157.425
157.391
157.356
157.318
157.279
157.239
157.197
157.153
157.108
157.061
157.013
156.964
156.914
156.862
156.809
156.755
156.7
156.644
156.587
156.53
156.471
156.413
156.354
156.294
156.234
156.174
156.115
156.055
155.996
155.937
155.878
155.82
155.764
155.708
155.653
155.599
155.547
155.496
155.447
155.4
155.354
155.311
155.27
155.231
155.194
155.16
155.129
155.1
155.074
155.051
155.031
155.014
155
154.988
154.981
154.976
154.974
154.976
154.981
154.988
155
155.014
155.031
155.051
155.074
155.1
155.129
155.16
155.194
155.231
155.27
155.311
155.354
155.4
155.447
155.496
155.547
155.599
155.653
155.708
155.764
155.82
155.878
155.937
155.996
156.055
156.115
156.174
156.234
156.294
156.354
156.413
156.471
156.53
156.587
156.644
156.7
156.755
156.809
156.862
156.914
156.964
157.013
157.061
157.108
157.153
157.197
157.239
157.279
157.318
157.356
157.391
157.425
157.458
157.488
157.517
157.545
157.57
157.594
157.616
157.636
157.655
157.672
157.686
157.7
157.711
157.721
157.729
157.735
157.739
157.742
157.743
154.501
154.5
154.497
154.492
154.485
154.477
154.466
154.454
154.44
154.424
154.406
154.386
154.364
154.34
154.314
154.287
154.258
154.226
154.193
154.158
154.122
154.083
154.043
154.001
153.957
153.911
153.864
153.815
153.765
153.713
153.66
153.605
153.549
153.492
153.433
153.374
153.313
153.251
153.189
153.126
153.062
152.998
152.933
152.868
152.803
152.738
152.673
152.609
152.545
152.481
152.418
152.356
152.295
152.235
152.177
152.12
152.065
152.011
151.959
151.91
151.863
151.818
151.775
151.735
151.698
151.664
151.633
151.604
151.579
151.557
151.539
151.523
151.511
151.502
151.497
151.495
151.497
151.502
151.511
151.523
151.539
151.557
151.579
151.604
151.633
151.664
151.698
151.735
151.775
151.818
151.863
151.91
151.959
152.011
152.065
152.12
152.177
152.235
152.295
152.356
152.418
152.481
152.545
152.609
152.673
152.738
152.803
152.868
152.933
152.998
153.062
153.126
153.189
153.251
153.313
153.374
153.433
153.492
153.549
153.605
153.66
153.713
153.765
153.815
153.864
153.911
153.957
154.001
154.043
154.083
154.122
154.158
154.193
154.226
154.258
154.287
154.314
154.34
154.364
154.386
154.406
154.424
154.44
154.454
154.466
154.477
154.485
154.492
154.497
154.5
154.501
151.26
151.259
151.256
151.251
151.244
151.235
151.224
151.21
151.195
151.178
151.158
151.137
151.114
151.088
151.061
151.031
151
150.966
150.931
150.893
150.854
150.812
150.769
150.724
150.676
150.628
150.577
150.524
150.47
150.414
150.357
150.298
150.237
150.176
150.112
150.048
149.983
149.916
149.849
149.781
149.712
149.642
149.572
149.502
149.432
149.361
149.291
149.221
149.152
149.083
149.015
148.948
148.881
148.817
148.753
148.692
148.632
148.573
148.517
148.464
148.412
148.364
148.317
148.274
148.234
148.197
148.163
148.132
148.104
148.08
148.06
148.043
148.03
148.021
148.015
148.013
148.015
148.021
148.03
148.043
148.06
148.08
148.104
148.132
148.163
148.197
148.234
148.274
148.317
148.364
148.412
148.464
148.517
148.573
148.632
148.692
148.753
148.817
148.881
148.948
149.015
149.083
149.152
149.221
149.291
149.361
149.432
149.502
149.572
149.642
149.712
149.781
149.849
149.916
149.983
150.048
150.112
150.176
150.237
150.298
150.357
150.414
150.47
150.524
150.577
150.628
150.676
150.724
150.769
150.812
150.854
150.893
150.931
150.966
151
151.031
151.061
151.088
151.114
151.137
151.158
151.178
151.195
151.21
151.224
151.235
151.244
151.251
151.256
151.259
151.26
148.022
148.021
148.018
148.012
148.004
147.995
147.983
147.969
147.952
147.934
147.913
147.89
147.865
147.838
147.809
147.777
147.744
147.708
147.67
147.63
147.588
147.543
147.497
147.448
147.398
147.346
147.291
147.235
147.177
147.117
147.055
146.992
146.927
146.861
146.793
146.724
146.653
146.582
146.509
146.436
146.362
146.287
146.212
146.136
146.06
145.985
145.909
145.833
145.758
145.684
145.611
145.538
145.467
145.397
145.328
145.261
145.197
145.134
145.073
145.015
144.96
144.907
144.857
144.81
144.766
144.726
144.689
144.656
144.626
144.6
144.578
144.56
144.546
144.536
144.53
144.528
144.53
144.536
144.546
144.56
144.578
144.6
144.626
144.656
144.689
144.726
144.766
144.81
144.857
144.907
144.96
145.015
145.073
145.134
145.197
145.261
145.328
145.397
145.467
145.538
145.611
145.684
145.758
145.833
145.909
145.985
146.06
146.136
146.212
146.287
146.362
146.436
146.509
146.582
146.653
146.724
146.793
146.861
146.927
146.992
147.055
147.117
147.177
147.235
147.291
147.346
147.398
147.448
147.497
147.543
147.588
147.63
147.67
147.708
147.744
147.777
147.809
147.838
147.865
147.89
147.913
147.934
147.952
147.969
147.983
147.995
148.004
148.012
148.018
148.021
148.022
144.786
144.785
144.781
144.775
144.767
144.757
144.744
144.729
144.712
144.692
144.67
144.646
144.619
144.591
144.559
144.526
144.49
144.452
144.411
144.369
144.324
144.277
144.227
144.175
144.122
144.066
144.008
143.948
143.886
143.822
143.756
143.688
143.619
143.548
143.475
143.401
143.326
143.249
143.171
143.093
143.013
142.933
142.852
142.771
142.689
142.608
142.526
142.445
142.365
142.285
142.206
142.127
142.051
141.975
141.901
141.829
141.759
141.692
141.626
141.564
141.504
141.447
141.393
141.343
141.295
141.252
141.212
141.176
141.144
141.116
141.092
141.073
141.057
141.046
141.04
141.038
141.04
141.046
141.057
141.073
141.092
141.116
141.144
141.176
141.212
141.252
141.295
141.343
141.393
141.447
141.504
141.564
141.626
141.692
141.759
141.829
141.901
141.975
142.051
142.127
142.206
142.285
142.365
142.445
142.526
142.608
142.689
142.771
142.852
142.933
143.013
143.093
143.171
143.249
143.326
143.401
143.475
143.548
143.619
143.688
143.756
143.822
143.886
143.948
144.008
144.066
144.122
144.175
144.227
144.277
144.324
144.369
144.411
144.452
144.49
144.526
144.559
144.591
144.619
144.646
144.67
144.692
144.712
144.729
144.744
144.757
144.767
144.775
144.781
144.785
144.786
141.552
141.55
141.547
141.541
141.532
141.521
141.508
141.492
141.473
141.453
141.429
141.404
141.376
141.345
141.312
141.276
141.238
141.198
141.155
141.11
141.062
141.012
140.959
140.904
140.847
140.788
140.726
140.662
140.596
140.528
140.458
140.386
140.312
140.236
140.158
140.079
139.999
139.917
139.834
139.75
139.665
139.579
139.492
139.405
139.318
139.231
139.144
139.057
138.97
138.884
138.799
138.716
138.633
138.552
138.473
138.395
138.32
138.247
138.177
138.11
138.045
137.984
137.926
137.872
137.821
137.774
137.731
137.692
137.658
137.628
137.602
137.581
137.565
137.553
137.546
137.543
137.546
137.553
137.565
137.581
137.602
137.628
137.658
137.692
137.731
137.774
137.821
137.872
137.926
137.984
138.045
138.11
138.177
138.247
138.32
138.395
138.473
138.552
138.633
138.716
138.799
138.884
138.97
139.057
139.144
139.231
139.318
139.405
139.492
139.579
139.665
139.75
139.834
139.917
139.999
140.079
140.158
140.236
140.312
140.386
140.458
140.528
140.596
140.662
140.726
140.788
140.847
140.904
140.959
141.012
141.062
141.11
141.155
141.198
141.238
141.276
141.312
141.345
141.376
141.404
141.429
141.453
141.473
141.492
141.508
141.521
141.532
141.541
141.547
141.55
141.552
138.32
138.319
138.315
138.308
138.299
138.288
138.274
138.257
138.238
138.216
138.191
138.164
138.134
138.102
138.067
138.029
137.989
137.947
137.901
137.853
137.803
137.75
137.694
137.636
137.575
137.512
137.447
137.379
137.309
137.236
137.162
137.085
137.006
136.926
136.843
136.759
136.673
136.586
136.498
136.408
136.317
136.226
136.133
136.04
135.947
135.854
135.76
135.667
135.575
135.483
135.392
135.302
135.214
135.127
135.042
134.959
134.879
134.801
134.725
134.653
134.584
134.518
134.456
134.397
134.343
134.292
134.246
134.205
134.168
134.135
134.108
134.085
134.067
134.055
134.047
134.044
134.047
134.055
134.067
134.085
134.108
134.135
134.168
134.205
134.246
134.292
134.343
134.397
134.456
134.518
134.584
134.653
134.725
134.801
134.879
134.959
135.042
135.127
135.214
135.302
135.392
135.483
135.575
135.667
135.76
135.854
135.947
136.04
136.133
136.226
136.317
136.408
136.498
136.586
136.673
136.759
136.843
136.926
137.006
137.085
137.162
137.236
137.309
137.379
137.447
137.512
137.575
137.636
137.694
137.75
137.803
137.853
137.901
137.947
137.989
138.029
138.067
138.102
138.134
138.164
138.191
138.216
138.238
138.257
138.274
138.288
138.299
138.308
138.315
138.319
138.32
135.091
135.089
135.085
135.079
135.069
135.057
135.042
135.025
135.004
134.981
134.955
134.927
134.896
134.861
134.825
134.785
134.743
134.698
134.65
134.599
134.546
134.49
134.431
134.37
134.306
134.239
134.17
134.098
134.024
133.947
133.868
133.787
133.703
133.618
133.53
133.441
133.35
133.257
133.163
133.067
132.971
132.873
132.775
132.676
132.576
132.477
132.377
132.278
132.179
132.081
131.984
131.888
131.793
131.7
131.609
131.521
131.435
131.351
131.27
131.193
131.118
131.048
130.981
130.919
130.86
130.806
130.757
130.712
130.672
130.637
130.608
130.583
130.565
130.551
130.543
130.54
130.543
130.551
130.565
130.583
130.608
130.637
130.672
130.712
130.757
130.806
130.86
130.919
130.981
131.048
131.118
131.193
131.27
131.351
131.435
131.521
131.609
131.7
131.793
131.888
131.984
132.081
132.179
132.278
132.377
132.477
132.576
132.676
132.775
132.873
132.971
133.067
133.163
133.257
133.35
133.441
133.53
133.618
133.703
133.787
133.868
133.947
134.024
134.098
134.17
134.239
134.306
134.37
134.431
134.49
134.546
134.599
134.65
134.698
134.743
134.785
134.825
134.861
134.896
134.927
134.955
134.981
135.004
135.025
135.042
135.057
135.069
135.079
135.085
135.089
135.091
131.864
131.863
131.859
131.852
131.842
131.829
131.813
131.795
131.774
131.749
131.722
131.692
131.66
131.624
131.585
131.544
131.499
131.452
131.401
131.348
131.292
131.233
131.171
131.106
131.039
130.969
130.895
130.82
130.741
130.66
130.577
130.491
130.402
130.312
130.219
130.124
130.028
129.929
129.829
129.728
129.625
129.522
129.417
129.312
129.206
129.1
128.994
128.888
128.783
128.678
128.574
128.472
128.371
128.272
128.175
128.08
127.988
127.898
127.812
127.729
127.65
127.574
127.503
127.436
127.373
127.315
127.262
127.214
127.172
127.135
127.103
127.077
127.056
127.042
127.033
127.03
127.033
127.042
127.056
127.077
127.103
127.135
127.172
127.214
127.262
127.315
127.373
127.436
127.503
127.574
127.65
127.729
127.812
127.898
127.988
128.08
128.175
128.272
128.371
128.472
128.574
128.678
128.783
128.888
128.994
129.1
129.206
129.312
129.417
129.522
129.625
129.728
129.829
129.929
130.028
130.124
130.219
130.312
130.402
130.491
130.577
130.66
130.741
130.82
130.895
130.969
131.039
131.106
131.171
131.233
131.292
131.348
131.401
131.452
131.499
131.544
131.585
131.624
131.66
131.692
131.722
131.749
131.774
131.795
131.813
131.829
131.842
131.852
131.859
131.863
131.864
128.641
128.639
128.635
128.627
128.617
128.604
128.587
128.568
128.546
128.52
128.492
128.461
128.426
128.389
128.348
128.305
128.258
128.208
128.156
128.1
128.041
127.979
127.914
127.846
127.775
127.701
127.624
127.544
127.461
127.376
127.287
127.197
127.103
127.008
126.91
126.809
126.707
126.603
126.497
126.39
126.281
126.171
126.06
125.948
125.835
125.723
125.61
125.497
125.385
125.274
125.164
125.055
124.947
124.841
124.738
124.637
124.538
124.443
124.351
124.262
124.177
124.097
124.02
123.949
123.882
123.82
123.763
123.712
123.666
123.627
123.593
123.565
123.543
123.527
123.518
123.515
123.518
123.527
123.543
123.565
123.593
123.627
123.666
123.712
123.763
123.82
123.882
123.949
124.02
124.097
124.177
124.262
124.351
124.443
124.538
124.637
124.738
124.841
124.947
125.055
125.164
125.274
125.385
125.497
125.61
125.723
125.835
125.948
126.06
126.171
126.281
126.39
126.497
126.603
126.707
126.809
126.91
127.008
127.103
127.197
127.287
127.376
127.461
127.544
127.624
127.701
127.775
127.846
127.914
127.979
128.041
128.1
128.156
128.208
128.258
128.305
128.348
128.389
128.426
128.461
128.492
128.52
128.546
128.568
128.587
128.604
128.617
128.627
128.635
128.639
128.641
125.42
125.418
125.414
125.406
125.395
125.381
125.364
125.344
125.321
125.294
125.265
125.232
125.196
125.157
125.115
125.069
125.02
124.968
124.913
124.855
124.793
124.728
124.66
124.588
124.514
124.436
124.355
124.271
124.184
124.094
124.001
123.906
123.807
123.706
123.603
123.497
123.389
123.279
123.167
123.053
122.938
122.821
122.703
122.585
122.466
122.346
122.226
122.107
121.988
121.869
121.752
121.636
121.521
121.409
121.298
121.191
121.086
120.984
120.886
120.791
120.7
120.614
120.533
120.456
120.385
120.319
120.258
120.204
120.155
120.112
120.076
120.046
120.023
120.006
119.996
119.993
119.996
120.006
120.023
120.046
120.076
120.112
120.155
120.204
120.258
120.319
120.385
120.456
120.533
120.614
120.7
120.791
120.886
120.984
121.086
121.191
121.298
121.409
121.521
121.636
121.752
121.869
121.988
122.107
122.226
122.346
122.466
122.585
122.703
122.821
122.938
123.053
123.167
123.279
123.389
123.497
123.603
123.706
123.807
123.906
124.001
124.094
124.184
124.271
124.355
124.436
124.514
124.588
124.66
124.728
124.793
124.855
124.913
124.968
125.02
125.069
125.115
125.157
125.196
125.232
125.265
125.294
125.321
125.344
125.364
125.381
125.395
125.406
125.414
125.418
125.42
122.202
122.2
122.196
122.188
122.176
122.162
122.144
122.123
122.099
122.072
122.041
122.007
121.969
121.928
121.884
121.837
121.786
121.732
121.674
121.613
121.548
121.48
121.409
121.334
121.256
121.174
121.089
121.001
120.91
120.815
120.718
120.617
120.513
120.407
120.298
120.187
120.072
119.956
119.838
119.718
119.596
119.473
119.348
119.222
119.096
118.969
118.842
118.716
118.589
118.463
118.339
118.215
118.094
117.974
117.856
117.742
117.63
117.521
117.417
117.316
117.22
117.128
117.041
116.959
116.883
116.812
116.748
116.689
116.637
116.592
116.553
116.521
116.496
116.478
116.467
116.464
116.467
116.478
116.496
116.521
116.553
116.592
116.637
116.689
116.748
116.812
116.883
116.959
117.041
117.128
117.22
117.316
117.417
117.521
117.63
117.742
117.856
117.974
118.094
118.215
118.339
118.463
118.589
118.716
118.842
118.969
119.096
119.222
119.348
119.473
119.596
119.718
119.838
119.956
120.072
120.187
120.298
120.407
120.513
120.617
120.718
120.815
120.91
121.001
121.089
121.174
121.256
121.334
121.409
121.48
121.548
121.613
121.674
121.732
121.786
121.837
121.884
121.928
121.969
122.007
122.041
122.072
122.099
122.123
122.144
122.162
122.176
122.188
122.196
122.2
122.202
118.988
118.986
118.981
118.973
118.961
118.946
118.927
118.906
118.881
118.852
118.82
118.784
118.746
118.703
118.657
118.608
118.555
118.498
118.438
118.374
118.307
118.236
118.161
118.083
118.001
117.916
117.827
117.735
117.639
117.54
117.437
117.331
117.223
117.111
116.996
116.878
116.758
116.636
116.511
116.384
116.256
116.125
115.994
115.861
115.727
115.593
115.459
115.324
115.19
115.057
114.924
114.793
114.664
114.537
114.412
114.29
114.171
114.056
113.944
113.837
113.734
113.636
113.544
113.456
113.375
113.3
113.231
113.169
113.113
113.065
113.023
112.989
112.963
112.944
112.932
112.928
112.932
112.944
112.963
112.989
113.023
113.065
113.113
113.169
113.231
113.3
113.375
113.456
113.544
113.636
113.734
113.837
113.944
114.056
114.171
114.29
114.412
114.537
114.664
114.793
114.924
115.057
115.19
115.324
115.459
115.593
115.727
115.861
115.994
116.125
116.256
116.384
116.511
116.636
116.758
116.878
116.996
117.111
117.223
117.331
117.437
117.54
117.639
117.735
117.827
117.916
118.001
118.083
118.161
118.236
118.307
118.374
118.438
118.498
118.555
118.608
118.657
118.703
118.746
118.784
118.82
118.852
118.881
118.906
118.927
118.946
118.961
118.973
118.981
118.986
118.988
115.776
115.774
115.769
115.761
115.748
115.733
115.714
115.691
115.665
115.636
115.602
115.566
115.525
115.481
115.434
115.382
115.327
115.268
115.206
115.139
115.069
114.995
114.917
114.835
114.75
114.661
114.568
114.471
114.371
114.267
114.16
114.049
113.935
113.817
113.697
113.573
113.447
113.318
113.186
113.053
112.917
112.78
112.64
112.5
112.359
112.217
112.075
111.932
111.79
111.649
111.508
111.369
111.232
111.097
110.964
110.835
110.708
110.586
110.467
110.353
110.244
110.139
110.041
109.948
109.861
109.781
109.708
109.641
109.582
109.53
109.486
109.45
109.421
109.401
109.389
109.385
109.389
109.401
109.421
109.45
109.486
109.53
109.582
109.641
109.708
109.781
109.861
109.948
110.041
110.139
110.244
110.353
110.467
110.586
110.708
110.835
110.964
111.097
111.232
111.369
111.508
111.649
111.79
111.932
112.075
112.217
112.359
112.5
112.64
112.78
112.917
113.053
113.186
113.318
113.447
113.573
113.697
113.817
113.935
114.049
114.16
114.267
114.371
114.471
114.568
114.661
114.75
114.835
114.917
114.995
115.069
115.139
115.206
115.268
115.327
115.382
115.434
115.481
115.525
115.566
115.602
115.636
115.665
115.691
115.714
115.733
115.748
115.761
115.769
115.774
115.776
112.568
112.566
112.561
112.552
112.54
112.524
112.504
112.481
112.454
112.423
112.389
112.35
112.309
112.263
112.214
112.16
112.103
112.042
111.977
111.908
111.835
111.758
111.677
111.592
111.503
111.41
111.313
111.212
111.107
110.999
110.886
110.77
110.65
110.527
110.401
110.271
110.138
110.003
109.864
109.723
109.58
109.435
109.289
109.141
108.991
108.841
108.691
108.54
108.39
108.24
108.091
107.944
107.798
107.655
107.514
107.376
107.242
107.112
106.986
106.864
106.748
106.637
106.532
106.433
106.341
106.255
106.177
106.106
106.043
105.988
105.941
105.902
105.872
105.85
105.837
105.833
105.837
105.85
105.872
105.902
105.941
105.988
106.043
106.106
106.177
106.255
106.341
106.433
106.532
106.637
106.748
106.864
106.986
107.112
107.242
107.376
107.514
107.655
107.798
107.944
108.091
108.24
108.39
108.54
108.691
108.841
108.991
109.141
109.289
109.435
109.58
109.723
109.864
110.003
110.138
110.271
110.401
110.527
110.65
110.77
110.886
110.999
111.107
111.212
111.313
111.41
111.503
111.592
111.677
111.758
111.835
111.908
111.977
112.042
112.103
112.16
112.214
112.263
112.309
112.35
112.389
112.423
112.454
112.481
112.504
112.524
112.54
112.552
112.561
112.566
112.568
109.364
109.362
109.356
109.347
109.334
109.318
109.297
109.273
109.245
109.214
109.178
109.139
109.096
109.049
108.997
108.942
108.883
108.82
108.752
108.681
108.605
108.525
108.441
108.352
108.26
108.163
108.062
107.957
107.847
107.734
107.616
107.495
107.37
107.24
107.108
106.972
106.832
106.69
106.544
106.396
106.246
106.093
105.938
105.782
105.625
105.466
105.307
105.148
104.989
104.83
104.673
104.517
104.362
104.21
104.061
103.915
103.772
103.634
103.5
103.371
103.247
103.129
103.017
102.912
102.814
102.723
102.639
102.564
102.497
102.438
102.388
102.346
102.314
102.291
102.277
102.272
102.277
102.291
102.314
102.346
102.388
102.438
102.497
102.564
102.639
102.723
102.814
102.912
103.017
103.129
103.247
103.371
103.5
103.634
103.772
103.915
104.061
104.21
104.362
104.517
104.673
104.83
104.989
105.148
105.307
105.466
105.625
105.782
105.938
106.093
106.246
106.396
106.544
106.69
106.832
106.972
107.108
107.24
107.37
107.495
107.616
107.734
107.847
107.957
108.062
108.163
108.26
108.352
108.441
108.525
108.605
108.681
108.752
108.82
108.883
108.942
108.997
109.049
109.096
109.139
109.178
109.214
109.245
109.273
109.297
109.318
109.334
109.347
109.356
109.362
109.364
106.163
106.161
106.155
106.146
106.133
106.115
106.095
106.07
106.041
106.008
105.972
105.931
105.887
105.838
105.785
105.728
105.667
105.602
105.532
105.458
105.379
105.296
105.209
105.117
105.021
104.92
104.815
104.705
104.591
104.473
104.35
104.223
104.092
103.957
103.818
103.676
103.53
103.38
103.227
103.072
102.913
102.753
102.59
102.425
102.259
102.092
101.924
101.756
101.587
101.42
101.253
101.088
100.924
100.763
100.605
100.45
100.298
100.151
100.009
99.8716
99.74
99.6146
99.4957
99.3838
99.2791
99.1823
99.0935
99.0132
98.9416
98.879
98.8255
98.7815
98.7471
98.7225
98.7076
98.7027
98.7076
98.7225
98.7471
98.7815
98.8255
98.879
98.9416
99.0132
99.0935
99.1823
99.2791
99.3838
99.4957
99.6146
99.74
99.8716
100.009
100.151
100.298
100.45
100.605
100.763
100.924
101.088
101.253
101.42
101.587
101.756
101.924
102.092
102.259
102.425
102.59
102.753
102.913
103.072
103.227
103.38
103.53
103.676
103.818
103.957
104.092
104.223
104.35
104.473
104.591
104.705
104.815
104.92
105.021
105.117
105.209
105.296
105.379
105.458
105.532
105.602
105.667
105.728
105.785
105.838
105.887
105.931
105.972
106.008
106.041
106.07
106.095
106.115
106.133
106.146
106.155
106.161
106.163
102.966
102.964
102.958
102.948
102.934
102.917
102.895
102.87
102.841
102.807
102.769
102.728
102.682
102.632
102.577
102.518
102.455
102.388
102.316
102.239
102.158
102.072
101.981
101.886
101.786
101.682
101.572
101.458
101.34
101.216
101.089
100.956
100.819
100.678
100.533
100.384
100.23
100.074
99.9133
99.7498
99.5834
99.4144
99.2429
99.0696
98.8945
98.7182
98.541
98.3633
98.1856
98.0082
97.8319
97.6569
97.4837
97.313
97.145
96.9806
96.8199
96.6638
96.5125
96.3668
96.227
96.0936
95.9671
95.8479
95.7367
95.6336
95.5391
95.4534
95.3772
95.3104
95.2535
95.2066
95.17
95.1437
95.1279
95.1226
95.1279
95.1437
95.17
95.2066
95.2535
95.3104
95.3772
95.4534
95.5391
95.6336
95.7367
95.8479
95.9671
96.0936
96.227
96.3668
96.5125
96.6638
96.8199
96.9806
97.145
97.313
97.4837
97.6569
97.8319
98.0082
98.1856
98.3633
98.541
98.7182
98.8945
99.0696
99.2429
99.4144
99.5834
99.7498
99.9133
100.074
100.23
100.384
100.533
100.678
100.819
100.956
101.089
101.216
101.34
101.458
101.572
101.682
101.786
101.886
101.981
102.072
102.158
102.239
102.316
102.388
102.455
102.518
102.577
102.632
102.682
102.728
102.769
102.807
102.841
102.87
102.895
102.917
102.934
102.948
102.958
102.964
102.966
99.7723
99.7703
99.7643
99.7544
99.7404
99.7225
99.7004
99.6743
99.644
99.6097
99.571
99.5282
99.481
99.4295
99.3735
99.313
99.248
99.1783
99.104
99.0249
98.9411
98.8523
98.7588
98.6602
98.5568
98.4483
98.3349
98.2163
98.093
97.9646
97.8314
97.6934
97.5507
97.4034
97.2515
97.0954
96.935
96.7707
96.6026
96.431
96.2564
96.0786
95.8985
95.7159
95.5315
95.3456
95.1586
94.9711
94.7834
94.5961
94.4095
94.2242
94.041
93.86
93.6821
93.5076
93.3373
93.1715
93.0109
92.8561
92.7075
92.5657
92.4312
92.3045
92.186
92.0763
91.9756
91.8846
91.8032
91.7322
91.6715
91.6216
91.5825
91.5545
91.5376
91.532
91.5376
91.5545
91.5825
91.6216
91.6715
91.7322
91.8032
91.8846
91.9756
92.0763
92.186
92.3045
92.4312
92.5657
92.7075
92.8561
93.0109
93.1715
93.3373
93.5076
93.6821
93.86
94.041
94.2242
94.4095
94.5961
94.7834
94.9711
95.1586
95.3456
95.5315
95.7159
95.8985
96.0786
96.2564
96.431
96.6026
96.7707
96.935
97.0954
97.2515
97.4034
97.5507
97.6934
97.8314
97.9646
98.093
98.2163
98.3349
98.4483
98.5568
98.6602
98.7588
98.8523
98.9411
99.0249
99.104
99.1783
99.248
99.313
99.3735
99.4295
99.481
99.5282
99.571
99.6097
99.644
99.6743
99.7004
99.7225
99.7404
99.7544
99.7643
99.7703
99.7723
96.5828
96.5807
96.5747
96.5645
96.5502
96.5318
96.5093
96.4825
96.4516
96.4163
96.3768
96.3329
96.2845
96.2316
96.1741
96.112
96.0451
95.9735
95.8969
95.8156
95.729
95.6375
95.5408
95.4389
95.3318
95.2195
95.1019
94.9791
94.851
94.7175
94.579
94.4352
94.2865
94.1327
93.9742
93.811
93.6433
93.4714
93.2952
93.1154
92.9319
92.7453
92.5559
92.3638
92.1698
91.9739
91.7769
91.579
91.3808
91.1829
90.9856
90.7899
90.5957
90.4043
90.2157
90.0307
89.8501
89.6742
89.5038
89.3393
89.1815
89.0308
88.8878
88.753
88.6271
88.5103
88.4032
88.3061
88.2196
88.1439
88.0793
88.0261
87.9845
87.9546
87.9367
87.9307
87.9367
87.9546
87.9845
88.0261
88.0793
88.1439
88.2196
88.3061
88.4032
88.5103
88.6271
88.753
88.8878
89.0308
89.1815
89.3393
89.5038
89.6742
89.8501
90.0307
90.2157
90.4043
90.5957
90.7899
90.9856
91.1829
91.3808
91.579
91.7769
91.9739
92.1698
92.3638
92.5559
92.7453
92.9319
93.1154
93.2952
93.4714
93.6433
93.811
93.9742
94.1327
94.2865
94.4352
94.579
94.7175
94.851
94.9791
95.1019
95.2195
95.3318
95.4389
95.5408
95.6375
95.729
95.8156
95.8969
95.9735
96.0451
96.112
96.1741
96.2316
96.2845
96.3329
96.3768
96.4163
96.4516
96.4825
96.5093
96.5318
96.5502
96.5645
96.5747
96.5807
96.5828
93.3974
93.3953
93.3891
93.3787
93.3641
93.3454
93.3224
93.295
93.2635
93.2274
93.187
93.142
93.0926
93.0384
92.9795
92.9158
92.8473
92.7736
92.695
92.6112
92.5222
92.4279
92.3282
92.2231
92.1124
91.9963
91.8745
91.7472
91.6142
91.4758
91.3318
91.1823
91.0275
90.8672
90.7019
90.5314
90.3562
90.1762
89.9919
89.8034
89.611
89.4152
89.216
89.0142
88.8098
88.6036
88.396
88.1872
87.9782
87.769
87.5608
87.3535
87.1483
86.9454
86.7457
86.5497
86.358
86.1715
85.9905
85.8159
85.6482
85.4881
85.336
85.1927
85.0586
84.9344
84.8203
84.7171
84.6249
84.5443
84.4754
84.4188
84.3744
84.3426
84.3235
84.3171
84.3235
84.3426
84.3744
84.4188
84.4754
84.5443
84.6249
84.7171
84.8203
84.9344
85.0586
85.1927
85.336
85.4881
85.6482
85.8159
85.9905
86.1715
86.358
86.5497
86.7457
86.9454
87.1483
87.3535
87.5608
87.769
87.9782
88.1872
88.396
88.6036
88.8098
89.0142
89.216
89.4152
89.611
89.8034
89.9919
90.1762
90.3562
90.5314
90.7019
90.8672
91.0275
91.1823
91.3318
91.4758
91.6142
91.7472
91.8745
91.9963
92.1124
92.2231
92.3282
92.4279
92.5222
92.6112
92.695
92.7736
92.8473
92.9158
92.9795
93.0384
93.0926
93.142
93.187
93.2274
93.2635
93.295
93.3224
93.3454
93.3641
93.3787
93.3891
93.3953
93.3974
90.216
90.2139
90.2075
90.197
90.1821
90.163
90.1396
90.1118
90.0795
90.0428
90.0016
89.9557
89.9052
89.8498
89.7896
89.7244
89.6542
89.5788
89.4982
89.4121
89.3207
89.2236
89.121
89.0126
88.8985
88.7786
88.6528
88.521
88.3833
88.2398
88.0902
87.935
87.7738
87.6071
87.4346
87.2569
87.0739
86.8858
86.6929
86.4954
86.2939
86.0882
85.8792
85.667
85.4521
85.2351
85.0162
84.7962
84.5754
84.3548
84.1345
83.9155
83.6982
83.4835
83.2719
83.0641
82.8609
82.6629
82.4708
82.2853
82.1071
81.9368
81.7752
81.6227
81.4801
81.3478
81.2264
81.1163
81.0182
80.9323
80.8589
80.7985
80.7513
80.7173
80.697
80.6901
80.697
80.7173
80.7513
80.7985
80.8589
80.9323
81.0182
81.1163
81.2264
81.3478
81.4801
81.6227
81.7752
81.9368
82.1071
82.2853
82.4708
82.6629
82.8609
83.0641
83.2719
83.4835
83.6982
83.9155
84.1345
84.3548
84.5754
84.7962
85.0162
85.2351
85.4521
85.667
85.8792
86.0882
86.2939
86.4954
86.6929
86.8858
87.0739
87.2569
87.4346
87.6071
87.7738
87.935
88.0902
88.2398
88.3833
88.521
88.6528
88.7786
88.8985
89.0126
89.121
89.2236
89.3207
89.4121
89.4982
89.5788
89.6542
89.7244
89.7896
89.8498
89.9052
89.9557
90.0016
90.0428
90.0795
90.1118
90.1396
90.163
90.1821
90.197
90.2075
90.2139
90.216
87.0388
87.0367
87.0302
87.0195
87.0044
86.985
86.9611
86.9329
86.9001
86.8628
86.8207
86.7741
86.7225
86.6661
86.6047
86.5382
86.4663
86.3892
86.3066
86.2185
86.1247
86.0251
85.9196
85.8081
85.6905
85.5668
85.4369
85.3007
85.1584
85.0096
84.8547
84.6934
84.526
84.3525
84.1729
83.9876
83.7966
83.6002
83.3984
83.1919
82.9806
82.765
82.5456
82.3226
82.0968
81.8681
81.6378
81.4057
81.173
80.9399
80.7073
80.4757
80.2458
80.0185
79.7944
79.5742
79.3586
79.1486
78.9446
78.7476
78.5582
78.3773
78.2053
78.0431
77.8912
77.7504
77.6212
77.504
77.3994
77.3078
77.2297
77.1653
77.1149
77.0787
77.057
77.0497
77.057
77.0787
77.1149
77.1653
77.2297
77.3078
77.3994
77.504
77.6212
77.7504
77.8912
78.0431
78.2053
78.3773
78.5582
78.7476
78.9446
79.1486
79.3586
79.5742
79.7944
80.0185
80.2458
80.4757
80.7073
80.9399
81.173
81.4057
81.6378
81.8681
82.0968
82.3226
82.5456
82.765
82.9806
83.1919
83.3984
83.6002
83.7966
83.9876
84.1729
84.3525
84.526
84.6934
84.8547
85.0096
85.1584
85.3007
85.4369
85.5668
85.6905
85.8081
85.9196
86.0251
86.1247
86.2185
86.3066
86.3892
86.4663
86.5382
86.6047
86.6661
86.7225
86.7741
86.8207
86.8628
86.9001
86.9329
86.9611
86.985
87.0044
87.0195
87.0302
87.0367
87.0388
83.8659
83.8636
83.8572
83.8462
83.831
83.8112
83.7871
83.7584
83.7252
83.6872
83.6446
83.5971
83.5448
83.4873
83.4247
83.3569
83.2837
83.205
83.1206
83.0304
82.9342
82.8322
82.7238
82.6094
82.4884
82.3611
82.2271
82.0866
81.9394
81.7855
81.625
81.4577
81.284
81.1036
80.9169
80.7238
80.5247
80.3195
80.1088
79.8926
79.6713
79.4455
79.2152
78.9812
78.7436
78.5033
78.2605
78.0162
77.7706
77.5246
77.2789
77.0341
76.791
76.5504
76.313
76.0796
75.8511
75.6281
75.4117
75.2024
75.0012
74.8088
74.626
74.4534
74.2919
74.1419
74.0043
73.8794
73.7681
73.6705
73.5872
73.5185
73.4648
73.4263
73.4031
73.3953
73.4031
73.4263
73.4648
73.5185
73.5872
73.6705
73.7681
73.8794
74.0043
74.1419
74.2919
74.4534
74.626
74.8088
75.0012
75.2024
75.4117
75.6281
75.8511
76.0796
76.313
76.5504
76.791
77.0341
77.2789
77.5246
77.7706
78.0162
78.2605
78.5033
78.7436
78.9812
79.2152
79.4455
79.6713
79.8926
80.1088
80.3195
80.5247
80.7238
80.9169
81.1036
81.284
81.4577
81.625
81.7855
81.9394
82.0866
82.2271
82.3611
82.4884
82.6094
82.7238
82.8322
82.9342
83.0304
83.1206
83.205
83.2837
83.3569
83.4247
83.4873
83.5448
83.5971
83.6446
83.6872
83.7252
83.7584
83.7871
83.8112
83.831
83.8462
83.8572
83.8636
83.8659
80.6973
80.6951
80.6885
80.6775
80.662
80.6421
80.6176
80.5886
80.5549
80.5165
80.4733
80.4252
80.3721
80.3138
80.2502
80.1812
80.1067
80.0264
79.9405
79.8483
79.7502
79.6456
79.5347
79.4172
79.293
79.162
79.0241
78.8793
78.7273
78.5684
78.4022
78.2291
78.0487
77.8615
77.6672
77.4663
77.2587
77.0447
76.8247
76.5986
76.3672
76.1304
75.889
75.6431
75.3936
75.1407
74.8853
74.6277
74.3688
74.1092
73.8496
73.5909
73.3337
73.0791
72.8276
72.5803
72.3378
72.1013
71.8714
71.6492
71.4353
71.2308
71.0362
70.8526
70.6806
70.521
70.3743
70.2414
70.1226
70.0186
69.9298
69.8566
69.7993
69.7582
69.7334
69.7252
69.7334
69.7582
69.7993
69.8566
69.9298
70.0186
70.1226
70.2414
70.3743
70.521
70.6806
70.8526
71.0362
71.2308
71.4353
71.6492
71.8714
72.1013
72.3378
72.5803
72.8276
73.0791
73.3337
73.5909
73.8496
74.1092
74.3688
74.6277
74.8853
75.1407
75.3936
75.6431
75.889
76.1304
76.3672
76.5986
76.8247
77.0447
77.2587
77.4663
77.6672
77.8615
78.0487
78.2291
78.4022
78.5684
78.7273
78.8793
79.0241
79.162
79.293
79.4172
79.5347
79.6456
79.7502
79.8483
79.9405
80.0264
80.1067
80.1812
80.2502
80.3138
80.3721
80.4252
80.4733
80.5165
80.5549
80.5886
80.6176
80.6421
80.662
80.6775
80.6885
80.6951
80.6973
77.5329
77.5307
77.524
77.5129
77.4973
77.4772
77.4525
77.4232
77.3892
77.3505
77.3067
77.2582
77.2043
77.1454
77.0809
77.011
76.9353
76.8538
76.7661
76.6724
76.5722
76.4654
76.352
76.2317
76.1044
75.9699
75.8282
75.679
75.5225
75.3583
75.1867
75.0074
74.8206
74.6263
74.4246
74.2156
73.9994
73.7764
73.5465
73.3105
73.0681
72.8203
72.5671
72.3092
72.047
71.7811
71.5122
71.2408
70.9678
70.6938
70.4196
70.1461
69.8741
69.6043
69.338
69.0757
68.8186
68.5675
68.3234
68.0872
67.8598
67.6422
67.4353
67.2397
67.0566
66.8864
66.7302
66.5884
66.4618
66.3509
66.2561
66.178
66.1169
66.073
66.0466
66.0378
66.0466
66.073
66.1169
66.178
66.2561
66.3509
66.4618
66.5884
66.7302
66.8864
67.0566
67.2397
67.4353
67.6422
67.8598
68.0872
68.3234
68.5675
68.8186
69.0757
69.338
69.6043
69.8741
70.1461
70.4196
70.6938
70.9678
71.2408
71.5122
71.7811
72.047
72.3092
72.5671
72.8203
73.0681
73.3105
73.5465
73.7764
73.9994
74.2156
74.4246
74.6263
74.8206
75.0074
75.1867
75.3583
75.5225
75.679
75.8282
75.9699
76.1044
76.2317
76.352
76.4654
76.5722
76.6724
76.7661
76.8538
76.9353
77.011
77.0809
77.1454
77.2043
77.2582
77.3067
77.3505
77.3892
77.4232
77.4525
77.4772
77.4973
77.5129
77.524
77.5307
77.5329
74.3731
74.3708
74.3642
74.3529
74.3373
74.317
74.2921
74.2626
74.2284
74.1893
74.1453
74.0962
74.042
73.9824
73.9173
73.8465
73.7698
73.6872
73.5982
73.5029
73.4009
73.2921
73.1763
73.0534
72.9229
72.7852
72.6396
72.4864
72.3252
72.156
71.9788
71.7935
71.6002
71.3987
71.1894
70.9721
70.7473
70.5147
70.2751
70.0283
69.7751
69.5155
69.2502
68.9795
68.7042
68.4246
68.1416
67.8558
67.5678
67.2787
66.989
66.6999
66.412
66.1265
65.8442
65.5662
65.2933
65.0268
64.7674
64.5164
64.2746
64.0431
63.8227
63.6146
63.4194
63.2381
63.0715
62.9203
62.7852
62.6669
62.5658
62.4824
62.4172
62.3703
62.3421
62.3328
62.3421
62.3703
62.4172
62.4824
62.5658
62.6669
62.7852
62.9203
63.0715
63.2381
63.4194
63.6146
63.8227
64.0431
64.2746
64.5164
64.7674
65.0268
65.2933
65.5662
65.8442
66.1265
66.412
66.6999
66.989
67.2787
67.5678
67.8558
68.1416
68.4246
68.7042
68.9795
69.2502
69.5155
69.7751
70.0283
70.2751
70.5147
70.7473
70.9721
71.1894
71.3987
71.6002
71.7935
71.9788
72.156
72.3252
72.4864
72.6396
72.7852
72.9229
73.0534
73.1763
73.2921
73.4009
73.5029
73.5982
73.6872
73.7698
73.8465
73.9173
73.9824
74.042
74.0962
74.1453
74.1893
74.2284
74.2626
74.2921
74.317
74.3373
74.3529
74.3642
74.3708
74.3731
71.2177
71.2155
71.2087
71.1975
71.1817
71.1613
71.1364
71.1067
71.0724
71.0331
70.9889
70.9395
70.885
70.8249
70.7593
70.6878
70.6104
70.5266
70.4366
70.3398
70.2363
70.1256
70.0077
69.8822
69.749
69.6079
69.4588
69.3014
69.1356
68.9615
68.7787
68.5875
68.3874
68.1789
67.9617
67.7362
67.5022
67.2602
67.0102
66.7527
66.4879
66.2164
65.9384
65.6545
65.3653
65.0715
64.7737
64.4725
64.169
63.8639
63.558
63.2523
62.9478
62.6454
62.3464
62.0515
61.7621
61.479
61.2035
60.9366
60.6795
60.433
60.1985
59.9767
59.7688
59.5756
59.3979
59.2366
59.0926
58.9662
58.8583
58.7693
58.6997
58.6497
58.6196
58.6095
58.6196
58.6497
58.6997
58.7693
58.8583
58.9662
59.0926
59.2366
59.3979
59.5756
59.7688
59.9767
60.1985
60.433
60.6795
60.9366
61.2035
61.479
61.7621
62.0515
62.3464
62.6454
62.9478
63.2523
63.558
63.8639
64.169
64.4725
64.7737
65.0715
65.3653
65.6545
65.9384
66.2164
66.4879
66.7527
67.0102
67.2602
67.5022
67.7362
67.9617
68.1789
68.3874
68.5875
68.7787
68.9615
69.1356
69.3014
69.4588
69.6079
69.749
69.8822
70.0077
70.1256
70.2363
70.3398
70.4366
70.5266
70.6104
70.6878
70.7593
70.8249
70.885
70.9395
70.9889
71.0331
71.0724
71.1067
71.1364
71.1613
71.1817
71.1975
71.2087
71.2155
71.2177
68.0668
68.0646
68.0578
68.0465
68.0306
68.0103
67.9852
67.9556
67.9211
67.8819
67.8375
67.7881
67.7332
67.673
67.607
67.5351
67.457
67.3727
67.2816
67.1838
67.0787
66.9664
66.8464
66.7186
66.5828
66.4386
66.2861
66.1247
65.9547
65.7754
65.5873
65.3898
65.1833
64.9674
64.7425
64.5083
64.2653
64.0133
63.753
63.4842
63.2076
62.9235
62.6323
62.3346
62.031
61.7222
61.4089
61.0918
60.7718
60.4498
60.1266
59.8035
59.4813
59.1612
58.8442
58.5315
58.2243
57.9237
57.6309
57.3472
57.0736
56.8114
56.5615
56.3253
56.1036
55.8976
55.7081
55.5361
55.3822
55.2474
55.1322
55.0372
54.9627
54.9093
54.8772
54.8665
54.8772
54.9093
54.9627
55.0372
55.1322
55.2474
55.3822
55.5361
55.7081
55.8976
56.1036
56.3253
56.5615
56.8114
57.0736
57.3472
57.6309
57.9237
58.2243
58.5315
58.8442
59.1612
59.4813
59.8035
60.1266
60.4498
60.7718
61.0918
61.4089
61.7222
62.031
62.3346
62.6323
62.9235
63.2076
63.4842
63.753
64.0133
64.2653
64.5083
64.7425
64.9674
65.1833
65.3898
65.5873
65.7754
65.9547
66.1247
66.2861
66.4386
66.5828
66.7186
66.8464
66.9664
67.0787
67.1838
67.2816
67.3727
67.457
67.5351
67.607
67.673
67.7332
67.7881
67.8375
67.8819
67.9211
67.9556
67.9852
68.0103
68.0306
68.0465
68.0578
68.0646
68.0668
64.9205
64.9182
64.9115
64.9001
64.8843
64.8639
64.839
64.8093
64.7749
64.7356
64.6915
64.642
64.5873
64.5269
64.4608
64.3887
64.3103
64.2254
64.1336
64.0349
63.9287
63.815
63.6932
63.5635
63.4251
63.2782
63.1221
62.9572
62.7826
62.5988
62.4051
62.2018
61.9885
61.7655
61.5325
61.2898
61.0373
60.7754
60.5041
60.2238
59.9349
59.6378
59.3329
59.0208
58.7022
58.3776
58.0479
57.7139
57.3766
57.0367
56.6954
56.3537
56.0128
55.6736
55.3376
55.0059
54.6798
54.3604
54.0492
53.7473
53.4561
53.1768
52.9107
52.6588
52.4224
52.2026
52.0004
51.8167
51.6525
51.5084
51.3853
51.2837
51.2043
51.1472
51.1128
51.1013
51.1128
51.1472
51.2043
51.2837
51.3853
51.5084
51.6525
51.8167
52.0004
52.2026
52.4224
52.6588
52.9107
53.1768
53.4561
53.7473
54.0492
54.3604
54.6798
55.0059
55.3376
55.6736
56.0128
56.3537
56.6954
57.0367
57.3766
57.7139
58.0479
58.3776
58.7022
59.0208
59.3329
59.6378
59.9349
60.2238
60.5041
60.7754
61.0373
61.2898
61.5325
61.7655
61.9885
62.2018
62.4051
62.5988
62.7826
62.9572
63.1221
63.2782
63.4251
63.5635
63.6932
63.815
63.9287
64.0349
64.1336
64.2254
64.3103
64.3887
64.4608
64.5269
64.5873
64.642
64.6915
64.7356
64.7749
64.8093
64.839
64.8639
64.8843
64.9001
64.9115
64.9182
64.9205
61.7786
61.7764
61.7695
61.7582
61.7424
61.7221
61.6972
61.6677
61.6335
61.5945
61.5505
61.5013
61.4467
61.3866
61.3206
61.2485
61.1701
61.0849
60.9928
60.8933
60.7864
60.6714
60.5484
60.4166
60.2763
60.1266
59.9677
59.799
59.6206
59.4319
59.2331
59.0237
58.804
58.5735
58.3326
58.0811
57.8191
57.5469
57.2645
56.9723
56.6707
56.3601
56.0409
55.7138
55.3793
55.0383
54.6914
54.3397
53.9839
53.6252
53.2646
52.9032
52.5422
52.183
51.8266
51.4746
51.1281
50.7887
50.4577
50.1365
49.8263
49.5288
49.245
48.9764
48.7241
48.4895
48.2735
48.0773
47.9017
47.7478
47.6162
47.5076
47.4225
47.3615
47.3247
47.3124
47.3247
47.3615
47.4225
47.5076
47.6162
47.7478
47.9017
48.0773
48.2735
48.4895
48.7241
48.9764
49.245
49.5288
49.8263
50.1365
50.4577
50.7887
51.1281
51.4746
51.8266
52.183
52.5422
52.9032
53.2646
53.6252
53.9839
54.3397
54.6914
55.0383
55.3793
55.7138
56.0409
56.3601
56.6707
56.9723
57.2645
57.5469
57.8191
58.0811
58.3326
58.5735
58.804
59.0237
59.2331
59.4319
59.6206
59.799
59.9677
60.1266
60.2763
60.4166
60.5484
60.6714
60.7864
60.8933
60.9928
61.0849
61.1701
61.2485
61.3206
61.3866
61.4467
61.5013
61.5505
61.5945
61.6335
61.6677
61.6972
61.7221
61.7424
61.7582
61.7695
61.7764
61.7786
58.6414
58.6391
58.6323
58.6209
58.6051
58.5849
58.56
58.5309
58.4969
58.4584
58.4147
58.366
58.3119
58.2522
58.1865
58.1148
58.0364
57.9515
57.8591
57.7596
57.6519
57.5363
57.4119
57.2789
57.1364
56.9846
56.8227
56.6509
56.4684
56.2753
56.0713
55.8563
55.6299
55.3923
55.1433
54.8829
54.6112
54.3284
54.0347
53.7303
53.4155
53.0909
52.7569
52.414
52.0631
51.7047
51.3399
50.9694
50.5943
50.2156
49.8345
49.4522
49.0701
48.6893
48.3113
47.9376
47.5696
47.2087
46.8565
46.5144
46.1841
45.8668
45.5642
45.2775
45.0082
44.7576
44.5269
44.3171
44.1295
43.9648
43.824
43.7078
43.6168
43.5515
43.5121
43.499
43.5121
43.5515
43.6168
43.7078
43.824
43.9648
44.1295
44.3171
44.5269
44.7576
45.0082
45.2775
45.5642
45.8668
46.1841
46.5144
46.8565
47.2087
47.5696
47.9376
48.3113
48.6893
49.0701
49.4522
49.8345
50.2156
50.5943
50.9694
51.3399
51.7047
52.0631
52.414
52.7569
53.0909
53.4155
53.7303
54.0347
54.3284
54.6112
54.8829
55.1433
55.3923
55.6299
55.8563
56.0713
56.2753
56.4684
56.6509
56.8227
56.9846
57.1364
57.2789
57.4119
57.5363
57.6519
57.7596
57.8591
57.9515
58.0364
58.1148
58.1865
58.2522
58.3119
58.366
58.4147
58.4584
58.4969
58.5309
58.56
58.5849
58.6051
58.6209
58.6323
58.6391
58.6414
55.5087
55.5064
55.4995
55.4881
55.4723
55.4521
55.4277
55.3986
55.3653
55.3271
55.2842
55.236
55.1827
55.1236
55.0588
54.9875
54.9099
54.8251
54.7332
54.6334
54.5257
54.4094
54.2844
54.15
54.0062
53.8522
53.6879
53.5129
53.3268
53.1294
52.9205
52.6997
52.4669
52.222
51.9649
51.6956
51.4142
51.1206
50.8152
50.4982
50.1699
49.8308
49.4813
49.1221
48.7539
48.3775
47.9936
47.6035
47.2079
46.8082
46.4055
46.0011
45.5964
45.1928
44.7918
44.395
44.0039
43.6201
43.2453
42.881
42.5289
42.1907
41.8678
41.5618
41.2742
41.0064
40.7598
40.5355
40.3348
40.1587
40.008
39.8837
39.7862
39.7163
39.6741
39.6601
39.6741
39.7163
39.7862
39.8837
40.008
40.1587
40.3348
40.5355
40.7598
41.0064
41.2742
41.5618
41.8678
42.1907
42.5289
42.881
43.2453
43.6201
44.0039
44.395
44.7918
45.1928
45.5964
46.0011
46.4055
46.8082
47.2079
47.6035
47.9936
48.3775
48.7539
49.1221
49.4813
49.8308
50.1699
50.4982
50.8152
51.1206
51.4142
51.6956
51.9649
52.222
52.4669
52.6997
52.9205
53.1294
53.3268
53.5129
53.6879
53.8522
54.0062
54.15
54.2844
54.4094
54.5257
54.6334
54.7332
54.8251
54.9099
54.9875
55.0588
55.1236
55.1827
55.236
55.2842
55.3271
55.3653
55.3986
55.4277
55.4521
55.4723
55.4881
55.4995
55.5064
55.5087
52.381
52.3786
52.3715
52.3599
52.344
52.324
52.2997
52.2713
52.2383
52.2011
52.1588
52.1118
52.0592
52.0013
51.9372
51.8671
51.7901
51.7062
51.6147
51.5155
51.4079
51.2916
51.1661
51.031
50.8858
50.7302
50.5636
50.3859
50.1964
49.995
49.7812
49.5549
49.3158
49.0638
48.7986
48.5203
48.2289
47.9244
47.607
47.277
46.9347
46.5806
46.2151
45.8388
45.4526
45.0572
44.6535
44.2426
43.8255
43.4035
42.9779
42.5501
42.1215
41.6936
41.2681
40.8467
40.431
40.0227
39.6237
39.2356
38.8603
38.4995
38.1549
37.8281
37.5209
37.2346
36.9709
36.731
36.5163
36.3277
36.1665
36.0333
35.929
35.854
35.8089
35.7938
35.8089
35.854
35.929
36.0333
36.1665
36.3277
36.5163
36.731
36.9709
37.2346
37.5209
37.8281
38.1549
38.4995
38.8603
39.2356
39.6237
40.0227
40.431
40.8467
41.2681
41.6936
42.1215
42.5501
42.9779
43.4035
43.8255
44.2426
44.6535
45.0572
45.4526
45.8388
46.2151
46.5806
46.9347
47.277
47.607
47.9244
48.2289
48.5203
48.7986
49.0638
49.3158
49.5549
49.7812
49.995
50.1964
50.3859
50.5636
50.7302
50.8858
51.031
51.1661
51.2916
51.4079
51.5155
51.6147
51.7062
51.7901
51.8671
51.9372
52.0013
52.0592
52.1118
52.1588
52.2011
52.2383
52.2713
52.2997
52.324
52.344
52.3599
52.3715
52.3786
52.381
49.258
49.2554
49.2479
49.236
49.2201
49.2001
49.1762
49.1482
49.1162
49.0796
49.0386
48.9926
48.9415
48.8847
48.8222
48.7532
48.6776
48.5948
48.5044
48.4059
48.299
48.1829
48.0574
47.9219
47.776
47.619
47.4507
47.2705
47.078
46.8728
46.6545
46.4229
46.1776
45.9185
45.6452
45.3579
45.0564
44.7408
44.4112
44.0679
43.7112
43.3415
42.9593
42.5653
42.1602
41.7449
41.3203
40.8875
40.4477
40.0022
39.5523
39.0995
38.6455
38.1918
37.7402
37.2924
36.8504
36.4159
35.9909
35.5773
35.177
34.792
34.424
34.0749
33.7464
33.4404
33.1582
32.9014
32.6715
32.4696
32.2968
32.1541
32.0423
31.962
31.9136
31.8975
31.9136
31.962
32.0423
32.1541
32.2968
32.4696
32.6715
32.9014
33.1582
33.4404
33.7464
34.0749
34.424
34.792
35.177
35.5773
35.9909
36.4159
36.8504
37.2924
37.7402
38.1918
38.6455
39.0995
39.5523
40.0022
40.4477
40.8875
41.3203
41.7449
42.1602
42.5653
42.9593
43.3415
43.7112
44.0679
44.4112
44.7408
45.0564
45.3579
45.6452
45.9185
46.1776
46.4229
46.6545
46.8728
47.078
47.2705
47.4507
47.619
47.776
47.9219
48.0574
48.1829
48.299
48.4059
48.5044
48.5948
48.6776
48.7532
48.8222
48.8847
48.9415
48.9926
49.0386
49.0796
49.1162
49.1482
49.1762
49.2001
49.2201
49.236
49.2479
49.2554
49.258
46.1405
46.1373
46.129
46.1164
46.1001
46.0803
46.0568
46.0296
45.9984
45.9632
45.9235
45.8791
45.8295
45.7746
45.7136
45.6465
45.5725
45.4913
45.4024
45.3053
45.1993
45.0842
44.9591
44.8238
44.6775
44.5197
44.35
44.1678
43.9726
43.764
43.5416
43.3049
43.0536
42.7875
42.5064
42.21
41.8984
41.5715
41.2295
40.8725
40.5009
40.1151
39.7156
39.303
38.8782
38.4419
37.9953
37.5395
37.0756
36.6051
36.1294
35.6501
35.1689
34.6876
34.208
33.7321
33.2618
32.7992
32.3463
31.9052
31.4781
31.0669
30.6736
30.3004
29.9491
29.6215
29.3194
29.0444
28.798
28.5816
28.3964
28.2434
28.1235
28.0374
27.9855
27.9681
27.9855
28.0374
28.1235
28.2434
28.3964
28.5816
28.798
29.0444
29.3194
29.6215
29.9491
30.3004
30.6736
31.0669
31.4781
31.9052
32.3463
32.7992
33.2618
33.7321
34.208
34.6876
35.1689
35.6501
36.1294
36.6051
37.0756
37.5395
37.9953
38.4419
38.8782
39.303
39.7156
40.1151
40.5009
40.8725
41.2295
41.5715
41.8984
42.21
42.5064
42.7875
43.0536
43.3049
43.5416
43.764
43.9726
44.1678
44.35
44.5197
44.6775
44.8238
44.9591
45.0842
45.1993
45.3053
45.4024
45.4913
45.5725
45.6465
45.7136
45.7746
45.8295
45.8791
45.9235
45.9632
45.9984
46.0296
46.0568
46.0803
46.1001
46.1164
46.129
46.1373
46.1405
43.0291
43.0242
43.0142
43.0006
42.9839
42.9641
42.9411
42.9148
42.8849
42.8511
42.8132
42.7706
42.7231
42.6702
42.6115
42.5465
42.4748
42.3957
42.3088
42.2135
42.1092
41.9954
41.8714
41.7367
41.5906
41.4326
41.262
41.0783
40.881
40.6694
40.4431
40.2017
39.9448
39.672
39.383
39.0777
38.7559
38.4176
38.0629
37.6919
37.305
36.9025
36.485
36.0531
35.6076
35.1494
34.6796
34.1994
33.71
33.213
32.7099
32.2024
31.6922
31.1814
30.6719
30.1657
29.6651
29.1722
28.6893
28.2186
27.7625
27.323
26.9025
26.5032
26.1271
25.7762
25.4525
25.1578
24.8936
24.6614
24.4627
24.2985
24.1698
24.0774
24.0217
24.0031
24.0217
24.0774
24.1698
24.2985
24.4627
24.6614
24.8936
25.1578
25.4525
25.7762
26.1271
26.5032
26.9025
27.323
27.7625
28.2186
28.6893
29.1722
29.6651
30.1657
30.6719
31.1814
31.6922
32.2024
32.7099
33.213
33.71
34.1994
34.6796
35.1494
35.6076
36.0531
36.485
36.9025
37.305
37.6919
38.0629
38.4176
38.7559
39.0777
39.383
39.672
39.9448
40.2017
40.4431
40.6694
40.881
41.0783
41.262
41.4326
41.5906
41.7367
41.8714
41.9954
42.1092
42.2135
42.3088
42.3957
42.4748
42.5465
42.6115
42.6702
42.7231
42.7706
42.8132
42.8511
42.8849
42.9148
42.9411
42.9641
42.9839
43.0006
43.0142
43.0242
43.0291
39.9279
39.9163
39.903
39.8879
39.8707
39.8511
39.8289
39.8037
39.7754
39.7434
39.7075
39.6672
39.6222
39.5718
39.5158
39.4535
39.3845
39.3081
39.2237
39.1309
39.0288
38.917
38.7947
38.6613
38.516
38.3583
38.1875
38.0028
37.8038
37.5897
37.3601
37.1144
36.8521
36.5728
36.2762
35.9621
35.6301
35.2804
34.9128
34.5275
34.1248
33.7051
33.2689
32.8169
32.3498
31.8686
31.3744
30.8685
30.3522
29.827
29.2948
28.7572
28.2161
27.6737
27.1321
26.5936
26.0604
25.535
25.0198
24.5172
24.0297
23.5598
23.1098
22.6822
22.2793
21.9033
21.5561
21.2399
20.9564
20.7072
20.4938
20.3175
20.1792
20.0798
20.02
20
20.02
20.0798
20.1792
20.3175
20.4938
20.7072
20.9564
21.2399
21.5561
21.9033
22.2793
22.6822
23.1098
23.5598
24.0297
24.5172
25.0198
25.535
26.0604
26.5936
27.1321
27.6737
28.2161
28.7572
29.2948
29.827
30.3522
30.8685
31.3744
31.8686
32.3498
32.8169
33.2689
33.7051
34.1248
34.5275
34.9128
35.2804
35.6301
35.9621
36.2762
36.5728
36.8521
37.1144
37.3601
37.5897
37.8038
38.0028
38.1875
38.3583
38.516
38.6613
38.7947
38.917
39.0288
39.1309
39.2237
39.3081
39.3845
39.4535
39.5158
39.5718
39.6222
39.6672
39.7075
39.7434
39.7754
39.8037
39.8289
39.8511
39.8707
39.8879
39.903
39.9163
39.9279
