200
200
200
200
200
200
200
200
200
200
200
200
200
200
200
200
200
200
200
200
200
200
200
200
200
200
200
200
200
200
200
200
200
200
200
200
200
200
200
200
200
200
200
200
200
200
200
200
200
200
200
200
200
200
200
200
200
200
200
200
200
200
200
200
200
200
200
200
200
200
200
200
200
200
200
200
200
200
200
200
200
200
200
200
200
200
200
200
200
200
200
200
200
200
200
200
200
200
200
200
200
200
200
200
200
200
200
200
200
200
200
200
200
200
200
200
200
200
200
200
200
200
200
200
200
200
200
200
200
200
200
200
200
200
200
200
200
200
200
200
200
200
200
200
200
200
200
200
200
200
200
196.765
196.764
196.764
196.763
196.764
196.761
196.762
196.758
196.76
196.754
196.757
196.749
196.754
196.744
196.749
196.739
196.742
196.734
196.735
196.729
196.726
196.723
196.717
196.717
196.709
196.709
196.701
196.699
196.693
196.689
196.684
196.68
196.675
196.67
196.665
196.66
196.655
196.65
196.645
196.64
196.635
196.63
196.625
196.62
196.615
196.611
196.606
196.601
196.596
196.592
196.587
196.583
196.579
196.574
196.57
196.566
196.563
196.559
196.556
196.552
196.549
196.546
196.543
196.54
196.538
196.536
196.533
196.532
196.53
196.528
196.527
196.526
196.525
196.525
196.524
196.524
196.524
196.525
196.525
196.526
196.527
196.528
196.53
196.532
196.533
196.536
196.538
196.54
196.543
196.546
196.549
196.552
196.556
196.559
196.563
196.566
196.57
196.574
196.579
196.583
196.587
196.592
196.596
196.601
196.606
196.611
196.615
196.62
196.625
196.63
196.635
196.64
196.645
196.65
196.655
196.66
196.665
196.67
196.675
196.68
196.684
196.689
196.693
196.699
196.701
196.709
196.709
196.717
196.717
196.723
196.726
196.729
196.735
196.734
196.742
196.739
196.749
196.744
196.754
196.749
196.757
196.754
196.76
196.758
196.762
196.761
196.764
196.763
196.764
196.764
196.765
193.52
193.52
193.519
193.518
193.516
193.516
193.511
193.511
193.505
193.506
193.497
193.499
193.487
193.49
193.476
193.479
193.465
193.466
193.453
193.451
193.442
193.434
193.429
193.417
193.414
193.4
193.397
193.383
193.378
193.366
193.358
193.348
193.338
193.329
193.319
193.309
193.299
193.289
193.28
193.27
193.26
193.251
193.241
193.232
193.222
193.213
193.204
193.195
193.187
193.178
193.17
193.162
193.154
193.146
193.139
193.132
193.125
193.119
193.113
193.107
193.101
193.096
193.091
193.086
193.082
193.078
193.075
193.072
193.069
193.066
193.064
193.063
193.061
193.06
193.06
193.059
193.06
193.06
193.061
193.063
193.064
193.066
193.069
193.072
193.075
193.078
193.082
193.086
193.091
193.096
193.101
193.107
193.113
193.119
193.125
193.132
193.139
193.146
193.154
193.162
193.17
193.178
193.187
193.195
193.204
193.213
193.222
193.232
193.241
193.251
193.26
193.27
193.28
193.289
193.299
193.309
193.319
193.329
193.338
193.348
193.358
193.366
193.378
193.383
193.397
193.4
193.414
193.417
193.429
193.434
193.442
193.451
193.453
193.466
193.465
193.479
193.476
193.49
193.487
193.499
193.497
193.506
193.505
193.511
193.511
193.516
193.516
193.518
193.519
193.52
193.52
190.282
190.281
190.281
190.279
190.277
190.274
190.271
190.266
190.263
190.256
190.252
190.243
190.239
190.228
190.224
190.211
190.206
190.191
190.187
190.171
190.164
190.149
190.139
190.127
190.112
190.104
190.084
190.077
190.057
190.048
190.03
190.017
190.002
189.987
189.972
189.957
189.942
189.927
189.913
189.898
189.884
189.869
189.855
189.841
189.828
189.815
189.802
189.789
189.777
189.765
189.753
189.742
189.731
189.721
189.711
189.702
189.693
189.684
189.676
189.668
189.661
189.655
189.648
189.643
189.637
189.633
189.628
189.624
189.621
189.618
189.616
189.614
189.612
189.611
189.61
189.61
189.61
189.611
189.612
189.614
189.616
189.618
189.621
189.624
189.628
189.633
189.637
189.643
189.648
189.655
189.661
189.668
189.676
189.684
189.693
189.702
189.711
189.721
189.731
189.742
189.753
189.765
189.777
189.789
189.802
189.815
189.828
189.841
189.855
189.869
189.884
189.898
189.913
189.927
189.942
189.957
189.972
189.987
190.002
190.017
190.03
190.048
190.057
190.077
190.084
190.104
190.112
190.127
190.139
190.149
190.164
190.171
190.187
190.191
190.206
190.211
190.224
190.228
190.239
190.243
190.252
190.256
190.263
190.266
190.271
190.274
190.277
190.279
190.281
190.281
190.282
187.047
187.051
187.046
187.047
187.041
187.04
187.033
187.03
187.022
187.016
187.007
186.998
186.99
186.978
186.969
186.955
186.944
186.93
186.916
186.903
186.885
186.872
186.852
186.838
186.819
186.801
186.785
186.761
186.749
186.723
186.709
186.685
186.667
186.646
186.626
186.606
186.586
186.566
186.546
186.526
186.507
186.488
186.469
186.451
186.433
186.416
186.399
186.383
186.367
186.352
186.337
186.323
186.31
186.297
186.285
186.274
186.263
186.253
186.243
186.234
186.226
186.218
186.211
186.205
186.199
186.194
186.189
186.185
186.181
186.178
186.176
186.173
186.172
186.171
186.17
186.17
186.17
186.171
186.172
186.173
186.176
186.178
186.181
186.185
186.189
186.194
186.199
186.205
186.211
186.218
186.226
186.234
186.243
186.253
186.263
186.274
186.285
186.297
186.31
186.323
186.337
186.352
186.367
186.383
186.399
186.416
186.433
186.451
186.469
186.488
186.507
186.526
186.546
186.566
186.586
186.606
186.626
186.646
186.667
186.685
186.709
186.723
186.749
186.761
186.785
186.801
186.819
186.838
186.852
186.872
186.885
186.903
186.916
186.93
186.944
186.955
186.969
186.978
186.99
186.998
187.007
187.016
187.022
187.03
187.033
187.04
187.041
187.047
187.046
187.051
187.047
183.812
183.805
183.809
183.801
183.803
183.793
183.792
183.781
183.777
183.765
183.757
183.745
183.734
183.721
183.706
183.694
183.674
183.662
183.64
183.625
183.604
183.584
183.565
183.541
183.522
183.496
183.475
183.452
183.424
183.406
183.374
183.356
183.325
183.303
183.276
183.251
183.226
183.201
183.176
183.152
183.127
183.104
183.08
183.058
183.036
183.014
182.993
182.973
182.954
182.935
182.917
182.9
182.884
182.869
182.855
182.841
182.828
182.816
182.805
182.795
182.785
182.776
182.768
182.761
182.755
182.749
182.743
182.739
182.735
182.731
182.728
182.726
182.724
182.723
182.722
182.722
182.722
182.723
182.724
182.726
182.728
182.731
182.735
182.739
182.743
182.749
182.755
182.761
182.768
182.776
182.785
182.795
182.805
182.816
182.828
182.841
182.855
182.869
182.884
182.9
182.917
182.935
182.954
182.973
182.993
183.014
183.036
183.058
183.08
183.104
183.127
183.152
183.176
183.201
183.226
183.251
183.276
183.303
183.325
183.356
183.374
183.406
183.424
183.452
183.475
183.496
183.522
183.541
183.565
183.584
183.604
183.625
183.64
183.662
183.674
183.694
183.706
183.721
183.734
183.745
183.757
183.765
183.777
183.781
183.792
183.793
183.803
183.801
183.809
183.805
183.812
180.569
180.571
180.567
180.566
180.559
180.556
180.547
180.541
180.529
180.522
180.507
180.497
180.48
180.467
180.45
180.433
180.415
180.393
180.375
180.349
180.332
180.303
180.282
180.255
180.229
180.204
180.173
180.148
180.117
180.087
180.062
180.025
180.002
179.965
179.939
179.907
179.877
179.847
179.817
179.787
179.758
179.729
179.7
179.673
179.645
179.619
179.594
179.569
179.545
179.522
179.5
179.478
179.458
179.439
179.421
179.404
179.388
179.372
179.358
179.345
179.333
179.321
179.311
179.302
179.293
179.285
179.278
179.272
179.267
179.262
179.259
179.255
179.253
179.251
179.25
179.25
179.25
179.251
179.253
179.255
179.259
179.262
179.267
179.272
179.278
179.285
179.293
179.302
179.311
179.321
179.333
179.345
179.358
179.372
179.388
179.404
179.421
179.439
179.458
179.478
179.5
179.522
179.545
179.569
179.594
179.619
179.645
179.673
179.7
179.729
179.758
179.787
179.817
179.847
179.877
179.907
179.939
179.965
180.002
180.025
180.062
180.087
180.117
180.148
180.173
180.204
180.229
180.255
180.282
180.303
180.332
180.349
180.375
180.393
180.415
180.433
180.45
180.467
180.48
180.497
180.507
180.522
180.529
180.541
180.547
180.556
180.559
180.566
180.567
180.571
180.569
177.336
177.337
177.333
177.331
177.325
177.32
177.311
177.303
177.292
177.281
177.267
177.253
177.237
177.219
177.202
177.18
177.161
177.137
177.115
177.09
177.063
177.039
177.006
176.982
176.948
176.92
176.888
176.853
176.824
176.787
176.754
176.721
176.681
176.653
176.61
176.58
176.542
176.507
176.471
176.436
176.401
176.366
176.332
176.299
176.266
176.234
176.202
176.172
176.142
176.113
176.085
176.059
176.033
176.008
175.985
175.962
175.941
175.921
175.902
175.884
175.867
175.852
175.838
175.824
175.812
175.801
175.791
175.783
175.775
175.768
175.763
175.758
175.755
175.752
175.751
175.75
175.751
175.752
175.755
175.758
175.763
175.768
175.775
175.783
175.791
175.801
175.812
175.824
175.838
175.852
175.867
175.884
175.902
175.921
175.941
175.962
175.985
176.008
176.033
176.059
176.085
176.113
176.142
176.172
176.202
176.234
176.266
176.299
176.332
176.366
176.401
176.436
176.471
176.507
176.542
176.58
176.61
176.653
176.681
176.721
176.754
176.787
176.824
176.853
176.888
176.92
176.948
176.982
177.006
177.039
177.063
177.09
177.115
177.137
177.161
177.18
177.202
177.219
177.237
177.253
177.267
177.281
177.292
177.303
177.311
177.32
177.325
177.331
177.333
177.337
177.336
174.096
174.095
174.093
174.089
174.084
174.076
174.069
174.057
174.048
174.033
174.021
174.002
173.987
173.966
173.948
173.924
173.902
173.877
173.851
173.825
173.795
173.766
173.735
173.701
173.672
173.633
173.602
173.563
173.526
173.491
173.448
173.413
173.373
173.329
173.296
173.247
173.212
173.169
173.128
173.088
173.047
173.006
172.966
172.927
172.888
172.849
172.812
172.775
172.738
172.703
172.669
172.636
172.604
172.573
172.543
172.514
172.487
172.461
172.436
172.412
172.39
172.37
172.35
172.332
172.316
172.301
172.287
172.275
172.264
172.255
172.247
172.241
172.236
172.232
172.23
172.229
172.23
172.232
172.236
172.241
172.247
172.255
172.264
172.275
172.287
172.301
172.316
172.332
172.35
172.37
172.39
172.412
172.436
172.461
172.487
172.514
172.543
172.573
172.604
172.636
172.669
172.703
172.738
172.775
172.812
172.849
172.888
172.927
172.966
173.006
173.047
173.088
173.128
173.169
173.212
173.247
173.296
173.329
173.373
173.413
173.448
173.491
173.526
173.563
173.602
173.633
173.672
173.701
173.735
173.766
173.795
173.825
173.851
173.877
173.902
173.924
173.948
173.966
173.987
174.002
174.021
174.033
174.048
174.057
174.069
174.076
174.084
174.089
174.093
174.095
174.096
170.858
170.854
170.854
170.848
170.844
170.835
170.828
170.815
170.804
170.789
170.774
170.756
170.737
170.718
170.694
170.673
170.645
170.621
170.59
170.562
170.531
170.498
170.466
170.429
170.394
170.357
170.315
170.28
170.235
170.196
170.154
170.107
170.067
170.02
169.973
169.934
169.88
169.84
169.79
169.745
169.698
169.651
169.605
169.559
169.514
169.469
169.424
169.38
169.337
169.295
169.254
169.213
169.174
169.136
169.099
169.064
169.03
168.997
168.965
168.936
168.907
168.881
168.856
168.833
168.811
168.791
168.774
168.757
168.743
168.731
168.72
168.712
168.705
168.7
168.697
168.696
168.697
168.7
168.705
168.712
168.72
168.731
168.743
168.757
168.774
168.791
168.811
168.833
168.856
168.881
168.907
168.936
168.965
168.997
169.03
169.064
169.099
169.136
169.174
169.213
169.254
169.295
169.337
169.38
169.424
169.469
169.514
169.559
169.605
169.651
169.698
169.745
169.79
169.84
169.88
169.934
169.973
170.02
170.067
170.107
170.154
170.196
170.235
170.28
170.315
170.357
170.394
170.429
170.466
170.498
170.531
170.562
170.59
170.621
170.645
170.673
170.694
170.718
170.737
170.756
170.774
170.789
170.804
170.815
170.828
170.835
170.844
170.848
170.854
170.854
170.858
167.621
167.621
167.618
167.614
167.607
167.599
167.589
167.578
167.564
167.55
167.532
167.515
167.493
167.473
167.447
167.423
167.396
167.366
167.338
167.303
167.273
167.235
167.201
167.162
167.122
167.083
167.04
166.996
166.954
166.904
166.862
166.812
166.762
166.717
166.663
166.612
166.566
166.506
166.461
166.405
166.353
166.3
166.248
166.195
166.143
166.091
166.039
165.988
165.938
165.889
165.84
165.793
165.746
165.701
165.657
165.614
165.573
165.533
165.495
165.458
165.424
165.391
165.36
165.331
165.305
165.28
165.258
165.238
165.22
165.204
165.191
165.18
165.171
165.165
165.162
165.16
165.162
165.165
165.171
165.18
165.191
165.204
165.22
165.238
165.258
165.28
165.305
165.331
165.36
165.391
165.424
165.458
165.495
165.533
165.573
165.614
165.657
165.701
165.746
165.793
165.84
165.889
165.938
165.988
166.039
166.091
166.143
166.195
166.248
166.3
166.353
166.405
166.461
166.506
166.566
166.612
166.663
166.717
166.762
166.812
166.862
166.904
166.954
166.996
167.04
167.083
167.122
167.162
167.201
167.235
167.273
167.303
167.338
167.366
167.396
167.423
167.447
167.473
167.493
167.515
167.532
167.55
167.564
167.578
167.589
167.599
167.607
167.614
167.618
167.621
167.621
164.379
164.38
164.375
164.373
164.364
164.357
164.345
164.335
164.319
164.304
164.285
164.266
164.244
164.22
164.196
164.167
164.14
164.107
164.077
164.042
164.005
163.97
163.927
163.89
163.845
163.802
163.757
163.709
163.662
163.613
163.559
163.512
163.455
163.401
163.35
163.289
163.233
163.181
163.116
163.064
163.002
162.944
162.885
162.826
162.767
162.709
162.651
162.593
162.536
162.479
162.424
162.369
162.315
162.263
162.212
162.162
162.114
162.068
162.023
161.981
161.94
161.901
161.865
161.831
161.799
161.77
161.744
161.72
161.698
161.68
161.664
161.651
161.64
161.633
161.629
161.627
161.629
161.633
161.64
161.651
161.664
161.68
161.698
161.72
161.744
161.77
161.799
161.831
161.865
161.901
161.94
161.981
162.023
162.068
162.114
162.162
162.212
162.263
162.315
162.369
162.424
162.479
162.536
162.593
162.651
162.709
162.767
162.826
162.885
162.944
163.002
163.064
163.116
163.181
163.233
163.289
163.35
163.401
163.455
163.512
163.559
163.613
163.662
163.709
163.757
163.802
163.845
163.89
163.927
163.97
164.005
164.042
164.077
164.107
164.14
164.167
164.196
164.22
164.244
164.266
164.285
164.304
164.319
164.335
164.345
164.357
164.364
164.373
164.375
164.38
164.379
161.142
161.142
161.138
161.134
161.126
161.118
161.107
161.093
161.079
161.061
161.043
161.02
160.999
160.972
160.947
160.917
160.887
160.854
160.818
160.783
160.743
160.704
160.661
160.617
160.574
160.523
160.477
160.425
160.373
160.321
160.264
160.207
160.154
160.09
160.032
159.974
159.907
159.845
159.787
159.715
159.657
159.589
159.524
159.459
159.393
159.328
159.263
159.198
159.134
159.071
159.008
158.946
158.886
158.827
158.769
158.712
158.658
158.605
158.554
158.505
158.459
158.414
158.373
158.333
158.297
158.263
158.232
158.205
158.18
158.158
158.14
158.125
158.113
158.105
158.1
158.098
158.1
158.105
158.113
158.125
158.14
158.158
158.18
158.205
158.232
158.263
158.297
158.333
158.373
158.414
158.459
158.505
158.554
158.605
158.658
158.712
158.769
158.827
158.886
158.946
159.008
159.071
159.134
159.198
159.263
159.328
159.393
159.459
159.524
159.589
159.657
159.715
159.787
159.845
159.907
159.974
160.032
160.09
160.154
160.207
160.264
160.321
160.373
160.425
160.477
160.523
160.574
160.617
160.661
160.704
160.743
160.783
160.818
160.854
160.887
160.917
160.947
160.972
160.999
161.02
161.043
161.061
161.079
161.093
161.107
161.118
161.126
161.134
161.138
161.142
161.142
157.908
157.906
157.904
157.897
157.892
157.88
157.87
157.855
157.84
157.82
157.802
157.778
157.755
157.728
157.699
157.669
157.634
157.601
157.562
157.525
157.483
157.44
157.396
157.347
157.3
157.249
157.195
157.144
157.084
157.028
156.97
156.907
156.845
156.784
156.714
156.651
156.586
156.513
156.445
156.38
156.302
156.236
156.162
156.091
156.019
155.947
155.875
155.804
155.733
155.663
155.593
155.525
155.457
155.391
155.327
155.264
155.203
155.144
155.087
155.032
154.98
154.93
154.883
154.839
154.798
154.76
154.725
154.694
154.666
154.642
154.621
154.604
154.59
154.581
154.575
154.573
154.575
154.581
154.59
154.604
154.621
154.642
154.666
154.694
154.725
154.76
154.798
154.839
154.883
154.93
154.98
155.032
155.087
155.144
155.203
155.264
155.327
155.391
155.457
155.525
155.593
155.663
155.733
155.804
155.875
155.947
156.019
156.091
156.162
156.236
156.302
156.38
156.445
156.513
156.586
156.651
156.714
156.784
156.845
156.907
156.97
157.028
157.084
157.144
157.195
157.249
157.3
157.347
157.396
157.44
157.483
157.525
157.562
157.601
157.634
157.669
157.699
157.728
157.755
157.778
157.802
157.82
157.84
157.855
157.87
157.88
157.892
157.897
157.904
157.906
157.908
154.669
154.666
154.664
154.657
154.651
154.639
154.628
154.613
154.596
154.577
154.555
154.532
154.505
154.478
154.446
154.415
154.379
154.343
154.303
154.261
154.219
154.171
154.125
154.074
154.021
153.969
153.91
153.853
153.795
153.729
153.669
153.603
153.534
153.467
153.399
153.322
153.253
153.182
153.102
153.027
152.956
152.871
152.799
152.719
152.641
152.563
152.484
152.406
152.329
152.252
152.176
152.101
152.027
151.955
151.884
151.815
151.747
151.682
151.62
151.559
151.502
151.447
151.395
151.346
151.301
151.259
151.221
151.186
151.155
151.128
151.105
151.086
151.072
151.061
151.055
151.052
151.055
151.061
151.072
151.086
151.105
151.128
151.155
151.186
151.221
151.259
151.301
151.346
151.395
151.447
151.502
151.559
151.62
151.682
151.747
151.815
151.884
151.955
152.027
152.101
152.176
152.252
152.329
152.406
152.484
152.563
152.641
152.719
152.799
152.871
152.956
153.027
153.102
153.182
153.253
153.322
153.399
153.467
153.534
153.603
153.669
153.729
153.795
153.853
153.91
153.969
154.021
154.074
154.125
154.171
154.219
154.261
154.303
154.343
154.379
154.415
154.446
154.478
154.505
154.532
154.555
154.577
154.596
154.613
154.628
154.639
154.651
154.657
154.664
154.666
154.669
151.435
151.434
151.43
151.425
151.416
151.406
151.392
151.377
151.358
151.34
151.315
151.292
151.263
151.234
151.201
151.167
151.13
151.089
151.05
151.004
150.958
150.909
150.857
150.806
150.748
150.692
150.632
150.568
150.506
150.44
150.369
150.304
150.229
150.154
150.082
150.006
149.923
149.847
149.769
149.683
149.6
149.523
149.432
149.352
149.265
149.181
149.096
149.012
148.927
148.844
148.761
148.68
148.599
148.52
148.443
148.368
148.294
148.223
148.155
148.089
148.026
147.966
147.909
147.856
147.806
147.761
147.719
147.681
147.647
147.617
147.592
147.571
147.555
147.544
147.537
147.534
147.537
147.544
147.555
147.571
147.592
147.617
147.647
147.681
147.719
147.761
147.806
147.856
147.909
147.966
148.026
148.089
148.155
148.223
148.294
148.368
148.443
148.52
148.599
148.68
148.761
148.844
148.927
149.012
149.096
149.181
149.265
149.352
149.432
149.523
149.6
149.683
149.769
149.847
149.923
150.006
150.082
150.154
150.229
150.304
150.369
150.44
150.506
150.568
150.632
150.692
150.748
150.806
150.857
150.909
150.958
151.004
151.05
151.089
151.13
151.167
151.201
151.234
151.263
151.292
151.315
151.34
151.358
151.377
151.392
151.406
151.416
151.425
151.43
151.434
151.435
148.199
148.2
148.194
148.19
148.179
148.17
148.154
148.139
148.119
148.099
148.074
148.048
148.019
147.987
147.954
147.916
147.879
147.835
147.792
147.745
147.695
147.645
147.589
147.534
147.475
147.412
147.351
147.283
147.214
147.146
147.072
146.996
146.924
146.842
146.76
146.681
146.599
146.509
146.425
146.341
146.249
146.158
146.074
145.977
145.89
145.797
145.706
145.615
145.524
145.434
145.345
145.257
145.171
145.085
145.002
144.921
144.841
144.765
144.69
144.619
144.551
144.486
144.425
144.367
144.314
144.264
144.218
144.177
144.141
144.109
144.081
144.059
144.041
144.029
144.021
144.019
144.021
144.029
144.041
144.059
144.081
144.109
144.141
144.177
144.218
144.264
144.314
144.367
144.425
144.486
144.551
144.619
144.69
144.765
144.841
144.921
145.002
145.085
145.171
145.257
145.345
145.434
145.524
145.615
145.706
145.797
145.89
145.977
146.074
146.158
146.249
146.341
146.425
146.509
146.599
146.681
146.76
146.842
146.924
146.996
147.072
147.146
147.214
147.283
147.351
147.412
147.475
147.534
147.589
147.645
147.695
147.745
147.792
147.835
147.879
147.916
147.954
147.987
148.019
148.048
148.074
148.099
148.119
148.139
148.154
148.17
148.179
148.19
148.194
148.2
148.199
144.965
144.965
144.96
144.954
144.944
144.933
144.918
144.901
144.881
144.858
144.834
144.805
144.776
144.741
144.707
144.667
144.626
144.583
144.535
144.487
144.433
144.38
144.322
144.261
144.201
144.134
144.067
143.999
143.923
143.85
143.774
143.692
143.611
143.532
143.443
143.354
143.268
143.18
143.082
142.99
142.9
142.801
142.702
142.611
142.509
142.414
142.315
142.218
142.121
142.025
141.929
141.835
141.742
141.651
141.561
141.474
141.389
141.306
141.227
141.15
141.077
141.007
140.941
140.879
140.821
140.768
140.719
140.675
140.635
140.601
140.572
140.547
140.529
140.515
140.507
140.504
140.507
140.515
140.529
140.547
140.572
140.601
140.635
140.675
140.719
140.768
140.821
140.879
140.941
141.007
141.077
141.15
141.227
141.306
141.389
141.474
141.561
141.651
141.742
141.835
141.929
142.025
142.121
142.218
142.315
142.414
142.509
142.611
142.702
142.801
142.9
142.99
143.082
143.18
143.268
143.354
143.443
143.532
143.611
143.692
143.774
143.85
143.923
143.999
144.067
144.134
144.201
144.261
144.322
144.38
144.433
144.487
144.535
144.583
144.626
144.667
144.707
144.741
144.776
144.805
144.834
144.858
144.881
144.901
144.918
144.933
144.944
144.954
144.96
144.965
144.965
141.737
141.735
141.731
141.723
141.715
141.701
141.687
141.668
141.648
141.623
141.598
141.568
141.537
141.501
141.463
141.423
141.379
141.334
141.283
141.232
141.177
141.119
141.06
140.995
140.93
140.862
140.788
140.716
140.639
140.558
140.479
140.395
140.306
140.218
140.131
140.035
139.939
139.844
139.75
139.646
139.545
139.447
139.344
139.237
139.139
139.03
138.928
138.823
138.72
138.617
138.515
138.414
138.315
138.217
138.122
138.028
137.937
137.849
137.764
137.682
137.603
137.529
137.458
137.392
137.33
137.273
137.22
137.173
137.131
137.094
137.062
137.036
137.016
137.002
136.993
136.99
136.993
137.002
137.016
137.036
137.062
137.094
137.131
137.173
137.22
137.273
137.33
137.392
137.458
137.529
137.603
137.682
137.764
137.849
137.937
138.028
138.122
138.217
138.315
138.414
138.515
138.617
138.72
138.823
138.928
139.03
139.139
139.237
139.344
139.447
139.545
139.646
139.75
139.844
139.939
140.035
140.131
140.218
140.306
140.395
140.479
140.558
140.639
140.716
140.788
140.862
140.93
140.995
141.06
141.119
141.177
141.232
141.283
141.334
141.379
141.423
141.463
141.501
141.537
141.568
141.598
141.623
141.648
141.668
141.687
141.701
141.715
141.723
141.731
141.735
141.737
138.504
138.501
138.498
138.49
138.481
138.467
138.452
138.432
138.411
138.386
138.358
138.328
138.293
138.258
138.217
138.176
138.128
138.081
138.029
137.974
137.917
137.855
137.793
137.726
137.655
137.585
137.508
137.429
137.351
137.265
137.177
137.092
137.001
136.904
136.808
136.715
136.613
136.508
136.405
136.304
136.194
136.084
135.979
135.87
135.755
135.65
135.536
135.427
135.317
135.207
135.099
134.992
134.886
134.782
134.68
134.581
134.484
134.39
134.3
134.212
134.129
134.05
133.974
133.904
133.838
133.777
133.721
133.671
133.626
133.586
133.553
133.525
133.504
133.489
133.479
133.476
133.479
133.489
133.504
133.525
133.553
133.586
133.626
133.671
133.721
133.777
133.838
133.904
133.974
134.05
134.129
134.212
134.3
134.39
134.484
134.581
134.68
134.782
134.886
134.992
135.099
135.207
135.317
135.427
135.536
135.65
135.755
135.87
135.979
136.084
136.194
136.304
136.405
136.508
136.613
136.715
136.808
136.904
137.001
137.092
137.177
137.265
137.351
137.429
137.508
137.585
137.655
137.726
137.793
137.855
137.917
137.974
138.029
138.081
138.128
138.176
138.217
138.258
138.293
138.328
138.358
138.386
138.411
138.432
138.452
138.467
138.481
138.49
138.498
138.501
138.504
135.277
135.275
135.271
135.263
135.253
135.239
135.222
135.203
135.179
135.154
135.124
135.094
135.057
135.02
134.977
134.933
134.885
134.834
134.781
134.722
134.663
134.598
134.531
134.463
134.388
134.312
134.234
134.149
134.065
133.979
133.886
133.791
133.698
133.6
133.496
133.39
133.289
133.181
133.069
132.956
132.848
132.733
132.615
132.501
132.386
132.264
132.152
132.032
131.916
131.8
131.685
131.571
131.459
131.349
131.241
131.135
131.032
130.933
130.836
130.744
130.655
130.57
130.49
130.415
130.345
130.28
130.221
130.167
130.12
130.078
130.042
130.013
129.99
129.974
129.964
129.961
129.964
129.974
129.99
130.013
130.042
130.078
130.12
130.167
130.221
130.28
130.345
130.415
130.49
130.57
130.655
130.744
130.836
130.933
131.032
131.135
131.241
131.349
131.459
131.571
131.685
131.8
131.916
132.032
132.152
132.264
132.386
132.501
132.615
132.733
132.848
132.956
133.069
133.181
133.289
133.39
133.496
133.6
133.698
133.791
133.886
133.979
134.065
134.149
134.234
134.312
134.388
134.463
134.531
134.598
134.663
134.722
134.781
134.834
134.885
134.933
134.977
135.02
135.057
135.094
135.124
135.154
135.179
135.203
135.222
135.239
135.253
135.263
135.271
135.275
135.277
132.049
132.048
132.043
132.036
132.024
132.011
131.992
131.973
131.947
131.922
131.89
131.858
131.82
131.78
131.737
131.69
131.641
131.586
131.531
131.47
131.406
131.341
131.269
131.197
131.121
131.039
130.958
130.871
130.779
130.688
130.595
130.494
130.391
130.289
130.185
130.074
129.959
129.849
129.735
129.616
129.494
129.377
129.257
129.131
129.008
128.888
128.759
128.639
128.514
128.392
128.27
128.15
128.031
127.914
127.8
127.688
127.579
127.474
127.372
127.273
127.18
127.09
127.005
126.926
126.852
126.783
126.72
126.663
126.612
126.568
126.53
126.499
126.475
126.458
126.447
126.444
126.447
126.458
126.475
126.499
126.53
126.568
126.612
126.663
126.72
126.783
126.852
126.926
127.005
127.09
127.18
127.273
127.372
127.474
127.579
127.688
127.8
127.914
128.031
128.15
128.27
128.392
128.514
128.639
128.759
128.888
129.008
129.131
129.257
129.377
129.494
129.616
129.735
129.849
129.959
130.074
130.185
130.289
130.391
130.494
130.595
130.688
130.779
130.871
130.958
131.039
131.121
131.197
131.269
131.341
131.406
131.47
131.531
131.586
131.641
131.69
131.737
131.78
131.82
131.858
131.89
131.922
131.947
131.973
131.992
132.011
132.024
132.036
132.043
132.048
132.049
128.824
128.824
128.817
128.81
128.798
128.784
128.765
128.744
128.719
128.691
128.659
128.624
128.586
128.544
128.5
128.45
128.399
128.342
128.283
128.221
128.153
128.085
128.011
127.934
127.855
127.77
127.682
127.594
127.5
127.4
127.301
127.2
127.093
126.981
126.869
126.757
126.641
126.518
126.397
126.275
126.151
126.02
125.894
125.767
125.635
125.503
125.376
125.242
125.114
124.984
124.855
124.728
124.603
124.48
124.359
124.241
124.125
124.014
123.906
123.802
123.703
123.608
123.519
123.434
123.356
123.283
123.216
123.156
123.103
123.056
123.016
122.983
122.957
122.939
122.928
122.924
122.928
122.939
122.957
122.983
123.016
123.056
123.103
123.156
123.216
123.283
123.356
123.434
123.519
123.608
123.703
123.802
123.906
124.014
124.125
124.241
124.359
124.48
124.603
124.728
124.855
124.984
125.114
125.242
125.376
125.503
125.635
125.767
125.894
126.02
126.151
126.275
126.397
126.518
126.641
126.757
126.869
126.981
127.093
127.2
127.301
127.4
127.5
127.594
127.682
127.77
127.855
127.934
128.011
128.085
128.153
128.221
128.283
128.342
128.399
128.45
128.5
128.544
128.586
128.624
128.659
128.691
128.719
128.744
128.765
128.784
128.798
128.81
128.817
128.824
128.824
125.603
125.602
125.597
125.589
125.576
125.561
125.542
125.52
125.494
125.464
125.433
125.395
125.356
125.312
125.266
125.214
125.16
125.103
125.04
124.976
124.906
124.833
124.758
124.676
124.593
124.506
124.413
124.318
124.223
124.121
124.013
123.905
123.796
123.682
123.562
123.44
123.319
123.196
123.066
122.935
122.804
122.674
122.536
122.399
122.265
122.127
121.987
121.853
121.713
121.578
121.442
121.308
121.176
121.045
120.918
120.793
120.671
120.553
120.44
120.33
120.225
120.125
120.03
119.941
119.858
119.781
119.711
119.647
119.59
119.541
119.499
119.464
119.437
119.417
119.406
119.402
119.406
119.417
119.437
119.464
119.499
119.541
119.59
119.647
119.711
119.781
119.858
119.941
120.03
120.125
120.225
120.33
120.44
120.553
120.671
120.793
120.918
121.045
121.176
121.308
121.442
121.578
121.713
121.853
121.987
122.127
122.265
122.399
122.536
122.674
122.804
122.935
123.066
123.196
123.319
123.44
123.562
123.682
123.796
123.905
124.013
124.121
124.223
124.318
124.413
124.506
124.593
124.676
124.758
124.833
124.906
124.976
125.04
125.103
125.16
125.214
125.266
125.312
125.356
125.395
125.433
125.464
125.494
125.52
125.542
125.561
125.576
125.589
125.597
125.602
125.603
122.382
122.38
122.375
122.365
122.354
122.337
122.318
122.294
122.268
122.237
122.204
122.165
122.125
122.079
122.03
121.978
121.92
121.861
121.796
121.728
121.657
121.58
121.502
121.418
121.329
121.24
121.145
121.044
120.941
120.838
120.729
120.613
120.495
120.376
120.256
120.129
119.998
119.866
119.735
119.598
119.458
119.317
119.179
119.035
118.889
118.747
118.603
118.455
118.314
118.168
118.027
117.885
117.746
117.609
117.475
117.343
117.215
117.091
116.97
116.855
116.744
116.638
116.539
116.445
116.357
116.276
116.202
116.134
116.074
116.022
115.978
115.941
115.912
115.892
115.879
115.875
115.879
115.892
115.912
115.941
115.978
116.022
116.074
116.134
116.202
116.276
116.357
116.445
116.539
116.638
116.744
116.855
116.97
117.091
117.215
117.343
117.475
117.609
117.746
117.885
118.027
118.168
118.314
118.455
118.603
118.747
118.889
119.035
119.179
119.317
119.458
119.598
119.735
119.866
119.998
120.129
120.256
120.376
120.495
120.613
120.729
120.838
120.941
121.044
121.145
121.24
121.329
121.418
121.502
121.58
121.657
121.728
121.796
121.861
121.92
121.978
122.03
122.079
122.125
122.165
122.204
122.237
122.268
122.294
122.318
122.337
122.354
122.365
122.375
122.38
122.382
119.168
119.165
119.16
119.15
119.138
119.121
119.102
119.077
119.05
119.018
118.983
118.944
118.9
118.854
118.803
118.749
118.689
118.627
118.561
118.489
118.416
118.336
118.253
118.168
118.075
117.979
117.883
117.781
117.671
117.559
117.446
117.33
117.208
117.08
116.95
116.821
116.687
116.548
116.405
116.264
116.121
115.973
115.822
115.674
115.524
115.37
115.218
115.069
114.913
114.765
114.613
114.465
114.318
114.174
114.032
113.894
113.759
113.627
113.501
113.379
113.262
113.15
113.045
112.946
112.853
112.767
112.689
112.618
112.555
112.499
112.452
112.414
112.383
112.361
112.348
112.344
112.348
112.361
112.383
112.414
112.452
112.499
112.555
112.618
112.689
112.767
112.853
112.946
113.045
113.15
113.262
113.379
113.501
113.627
113.759
113.894
114.032
114.174
114.318
114.465
114.613
114.765
114.913
115.069
115.218
115.37
115.524
115.674
115.822
115.973
116.121
116.264
116.405
116.548
116.687
116.821
116.95
117.08
117.208
117.33
117.446
117.559
117.671
117.781
117.883
117.979
118.075
118.168
118.253
118.336
118.416
118.489
118.561
118.627
118.689
118.749
118.803
118.854
118.9
118.944
118.983
119.018
119.05
119.077
119.102
119.121
119.138
119.15
119.16
119.165
119.168
115.95
115.947
115.943
115.932
115.92
115.902
115.882
115.857
115.828
115.796
115.759
115.72
115.674
115.627
115.573
115.517
115.457
115.391
115.323
115.249
115.172
115.091
115.003
114.914
114.821
114.72
114.616
114.51
114.401
114.285
114.163
114.039
113.914
113.785
113.649
113.509
113.369
113.227
113.081
112.929
112.777
112.624
112.47
112.31
112.152
111.995
111.834
111.673
111.517
111.355
111.199
111.042
110.888
110.736
110.587
110.441
110.299
110.161
110.027
109.899
109.776
109.658
109.547
109.443
109.345
109.255
109.172
109.097
109.03
108.972
108.922
108.881
108.849
108.826
108.812
108.808
108.812
108.826
108.849
108.881
108.922
108.972
109.03
109.097
109.172
109.255
109.345
109.443
109.547
109.658
109.776
109.899
110.027
110.161
110.299
110.441
110.587
110.736
110.888
111.042
111.199
111.355
111.517
111.673
111.834
111.995
112.152
112.31
112.47
112.624
112.777
112.929
113.081
113.227
113.369
113.509
113.649
113.785
113.914
114.039
114.163
114.285
114.401
114.51
114.616
114.72
114.821
114.914
115.003
115.091
115.172
115.249
115.323
115.391
115.457
115.517
115.573
115.627
115.674
115.72
115.759
115.796
115.828
115.857
115.882
115.902
115.92
115.932
115.943
115.947
115.95
112.741
112.739
112.733
112.723
112.709
112.692
112.67
112.645
112.615
112.582
112.544
112.503
112.457
112.407
112.353
112.294
112.232
112.164
112.094
112.018
111.936
111.854
111.764
111.668
111.572
111.471
111.363
111.249
111.133
111.015
110.893
110.763
110.628
110.492
110.354
110.211
110.062
109.91
109.757
109.603
109.443
109.281
109.117
108.956
108.788
108.62
108.454
108.286
108.116
107.953
107.784
107.622
107.459
107.299
107.142
106.988
106.839
106.693
106.552
106.417
106.287
106.163
106.046
105.936
105.833
105.737
105.65
105.571
105.5
105.439
105.386
105.343
105.309
105.285
105.27
105.266
105.27
105.285
105.309
105.343
105.386
105.439
105.5
105.571
105.65
105.737
105.833
105.936
106.046
106.163
106.287
106.417
106.552
106.693
106.839
106.988
107.142
107.299
107.459
107.622
107.784
107.953
108.116
108.286
108.454
108.62
108.788
108.956
109.117
109.281
109.443
109.603
109.757
109.91
110.062
110.211
110.354
110.492
110.628
110.763
110.893
111.015
111.133
111.249
111.363
111.471
111.572
111.668
111.764
111.854
111.936
112.018
112.094
112.164
112.232
112.294
112.353
112.407
112.457
112.503
112.544
112.582
112.615
112.645
112.67
112.692
112.709
112.723
112.733
112.739
112.741
109.53
109.529
109.522
109.513
109.498
109.481
109.458
109.433
109.402
109.368
109.329
109.286
109.239
109.187
109.132
109.071
109.007
108.937
108.863
108.786
108.702
108.614
108.524
108.426
108.322
108.217
108.108
107.993
107.872
107.745
107.616
107.484
107.348
107.204
107.056
106.906
106.755
106.599
106.437
106.272
106.108
105.94
105.769
105.594
105.423
105.248
105.07
104.895
104.721
104.543
104.372
104.197
104.028
103.859
103.694
103.533
103.375
103.222
103.074
102.931
102.794
102.664
102.54
102.424
102.315
102.215
102.123
102.039
101.965
101.9
101.844
101.799
101.763
101.738
101.722
101.717
101.722
101.738
101.763
101.799
101.844
101.9
101.965
102.039
102.123
102.215
102.315
102.424
102.54
102.664
102.794
102.931
103.074
103.222
103.375
103.533
103.694
103.859
104.028
104.197
104.372
104.543
104.721
104.895
105.07
105.248
105.423
105.594
105.769
105.94
106.108
106.272
106.437
106.599
106.755
106.906
107.056
107.204
107.348
107.484
107.616
107.745
107.872
107.993
108.108
108.217
108.322
108.426
108.524
108.614
108.702
108.786
108.863
108.937
109.007
109.071
109.132
109.187
109.239
109.286
109.329
109.368
109.402
109.433
109.458
109.481
109.498
109.513
109.522
109.529
109.53
106.326
106.324
106.317
106.308
106.293
106.275
106.252
106.225
106.194
106.159
106.119
106.074
106.027
105.973
105.916
105.854
105.787
105.717
105.639
105.56
105.474
105.382
105.287
105.189
105.084
104.972
104.856
104.737
104.615
104.486
104.35
104.21
104.066
103.921
103.77
103.612
103.45
103.287
103.122
102.951
102.775
102.6
102.422
102.243
102.058
101.876
101.693
101.507
101.322
101.141
100.955
100.776
100.596
100.419
100.245
100.075
99.9095
99.7482
99.5921
99.4417
99.2975
99.16
99.0296
98.9069
98.7923
98.6861
98.5889
98.5008
98.4223
98.3536
98.2951
98.2469
98.2092
98.1822
98.166
98.1605
98.166
98.1822
98.2092
98.2469
98.2951
98.3536
98.4223
98.5008
98.5889
98.6861
98.7923
98.9069
99.0296
99.16
99.2975
99.4417
99.5921
99.7482
99.9095
100.075
100.245
100.419
100.596
100.776
100.955
101.141
101.322
101.507
101.693
101.876
102.058
102.243
102.422
102.6
102.775
102.951
103.122
103.287
103.45
103.612
103.77
103.921
104.066
104.21
104.35
104.486
104.615
104.737
104.856
104.972
105.084
105.189
105.287
105.382
105.474
105.56
105.639
105.717
105.787
105.854
105.916
105.973
106.027
106.074
106.119
106.159
106.194
106.225
106.252
106.275
106.293
106.308
106.317
106.324
106.326
103.125
103.124
103.117
103.107
103.092
103.073
103.05
103.022
102.991
102.954
102.914
102.868
102.819
102.764
102.705
102.642
102.572
102.5
102.421
102.337
102.251
102.158
102.057
101.953
101.847
101.735
101.616
101.49
101.359
101.226
101.089
100.945
100.795
100.64
100.482
100.321
100.155
99.9831
99.8072
99.6301
99.4509
99.2657
99.078
98.8894
98.7011
98.5071
98.3137
98.122
97.9281
97.7335
97.5442
97.3514
97.1644
96.9778
96.7954
96.6164
96.4417
96.2718
96.1073
95.9488
95.7968
95.6518
95.5143
95.3848
95.2638
95.1517
95.049
94.956
94.8731
94.8006
94.7388
94.6878
94.648
94.6195
94.6023
94.5966
94.6023
94.6195
94.648
94.6878
94.7388
94.8006
94.8731
94.956
95.049
95.1517
95.2638
95.3848
95.5143
95.6518
95.7968
95.9488
96.1073
96.2718
96.4417
96.6164
96.7954
96.9778
97.1644
97.3514
97.5442
97.7335
97.9281
98.122
98.3137
98.5071
98.7011
98.8894
99.078
99.2657
99.4509
99.6301
99.8072
99.9831
100.155
100.321
100.482
100.64
100.795
100.945
101.089
101.226
101.359
101.49
101.616
101.735
101.847
101.953
102.057
102.158
102.251
102.337
102.421
102.5
102.572
102.642
102.705
102.764
102.819
102.868
102.914
102.954
102.991
103.022
103.05
103.073
103.092
103.107
103.117
103.124
103.125
99.9254
99.9233
99.9169
99.9061
99.8912
99.8715
99.8482
99.8194
99.7876
99.7496
99.7089
99.6617
99.6114
99.5557
99.4947
99.4305
99.359
99.2845
99.2051
99.1174
99.0264
98.9328
98.8328
98.7249
98.611
98.4932
98.372
98.2456
98.1122
97.9717
97.8261
97.6771
97.5245
97.3659
97.2005
97.0298
96.8565
96.6805
96.4993
96.3122
96.122
95.9316
95.7373
95.5391
95.3382
95.1396
94.9372
94.7331
94.5312
94.3297
94.1259
93.9282
93.7285
93.5341
93.3416
93.1534
92.9695
92.7906
92.6173
92.4503
92.29
92.1371
91.9921
91.8554
91.7277
91.6094
91.501
91.4028
91.3152
91.2386
91.1733
91.1194
91.0774
91.0472
91.029
91.023
91.029
91.0472
91.0774
91.1194
91.1733
91.2386
91.3152
91.4028
91.501
91.6094
91.7277
91.8554
91.9921
92.1371
92.29
92.4503
92.6173
92.7906
92.9695
93.1534
93.3416
93.5341
93.7285
93.9282
94.1259
94.3297
94.5312
94.7331
94.9372
95.1396
95.3382
95.5391
95.7373
95.9316
96.122
96.3122
96.4993
96.6805
96.8565
97.0298
97.2005
97.3659
97.5245
97.6771
97.8261
97.9717
98.1122
98.2456
98.372
98.4932
98.611
98.7249
98.8328
98.9328
99.0264
99.1174
99.2051
99.2845
99.359
99.4305
99.4947
99.5557
99.6114
99.6617
99.7089
99.7496
99.7876
99.8194
99.8482
99.8715
99.8912
99.9061
99.9169
99.9233
99.9254
96.7348
96.7321
96.7261
96.7146
96.6999
96.6794
96.6559
96.6263
96.5939
96.5553
96.5133
96.4658
96.4136
96.3574
96.2944
96.2287
96.1563
96.078
95.9977
95.9108
95.8156
95.7154
95.6121
95.5045
95.3902
95.2683
95.1398
95.0066
94.8697
94.7278
94.5792
94.4232
94.2614
94.0959
93.9269
93.7522
93.5708
93.3842
93.1951
93.0032
92.8063
92.6038
92.4001
92.1948
91.987
91.7742
91.5636
91.3521
91.1381
90.9253
90.7154
90.5029
90.2966
90.0899
89.8882
89.6897
89.496
89.3075
89.1248
88.9486
88.7794
88.618
88.4649
88.3206
88.1856
88.0606
87.9459
87.8421
87.7495
87.6685
87.5994
87.5424
87.4979
87.466
87.4468
87.4403
87.4468
87.466
87.4979
87.5424
87.5994
87.6685
87.7495
87.8421
87.9459
88.0606
88.1856
88.3206
88.4649
88.618
88.7794
88.9486
89.1248
89.3075
89.496
89.6897
89.8882
90.0899
90.2966
90.5029
90.7154
90.9253
91.1381
91.3521
91.5636
91.7742
91.987
92.1948
92.4001
92.6038
92.8063
93.0032
93.1951
93.3842
93.5708
93.7522
93.9269
94.0959
94.2614
94.4232
94.5792
94.7278
94.8697
95.0066
95.1398
95.2683
95.3902
95.5045
95.6121
95.7154
95.8156
95.9108
95.9977
96.078
96.1563
96.2287
96.2944
96.3574
96.4136
96.4658
96.5133
96.5553
96.5939
96.6263
96.6559
96.6794
96.6999
96.7146
96.7261
96.7321
96.7348
93.5421
93.5391
93.5333
93.5213
93.5065
93.4856
93.4617
93.4318
93.3984
93.3596
93.3161
93.2685
93.2145
93.1576
93.0936
93.0254
92.9533
92.8726
92.787
92.699
92.6054
92.5041
92.3954
92.2812
92.1629
92.04
91.911
91.7743
91.6304
91.4808
91.3269
91.1684
91.0035
90.8311
90.6525
90.4699
90.2838
90.0923
89.8942
89.6913
89.4861
89.2785
89.0651
88.8485
88.6303
88.4121
88.1888
87.9657
87.7439
87.5207
87.2972
87.0785
86.8578
86.6429
86.4295
86.221
86.0169
85.8183
85.6257
85.4399
85.2615
85.0911
84.9294
84.777
84.6345
84.5024
84.3812
84.2715
84.1735
84.0879
84.0148
83.9545
83.9074
83.8737
83.8533
83.8465
83.8533
83.8737
83.9074
83.9545
84.0148
84.0879
84.1735
84.2715
84.3812
84.5024
84.6345
84.777
84.9294
85.0911
85.2615
85.4399
85.6257
85.8183
86.0169
86.221
86.4295
86.6429
86.8578
87.0785
87.2972
87.5207
87.7439
87.9657
88.1888
88.4121
88.6303
88.8485
89.0651
89.2785
89.4861
89.6913
89.8942
90.0923
90.2838
90.4699
90.6525
90.8311
91.0035
91.1684
91.3269
91.4808
91.6304
91.7743
91.911
92.04
92.1629
92.2812
92.3954
92.5041
92.6054
92.699
92.787
92.8726
92.9533
93.0254
93.0936
93.1576
93.2145
93.2685
93.3161
93.3596
93.3984
93.4318
93.4617
93.4856
93.5065
93.5213
93.5333
93.5391
93.5421
90.3578
90.3549
90.3487
90.3368
90.3215
90.3006
90.2759
90.2461
90.2115
90.1727
90.1279
90.0799
90.0249
89.9664
89.9023
89.8311
89.7576
89.6787
89.5912
89.4972
89.3992
89.2971
89.1893
89.074
88.951
88.8213
88.6865
88.547
88.4017
88.2491
88.0887
87.9217
87.7498
87.5734
87.391
87.2012
87.0049
86.8044
86.6005
86.3914
86.1761
85.9564
85.7354
85.5108
85.2822
85.0502
84.8198
84.5863
84.351
84.1176
83.8851
83.6511
83.4229
83.1941
82.9708
82.7506
82.5356
82.3261
82.1229
81.9268
81.7383
81.5584
81.3875
81.2264
81.0757
80.936
80.8077
80.6916
80.5879
80.4972
80.4198
80.356
80.3061
80.2703
80.2488
80.2416
80.2488
80.2703
80.3061
80.356
80.4198
80.4972
80.5879
80.6916
80.8077
80.936
81.0757
81.2264
81.3875
81.5584
81.7383
81.9268
82.1229
82.3261
82.5356
82.7506
82.9708
83.1941
83.4229
83.6511
83.8851
84.1176
84.351
84.5863
84.8198
85.0502
85.2822
85.5108
85.7354
85.9564
86.1761
86.3914
86.6005
86.8044
87.0049
87.2012
87.391
87.5734
87.7498
87.9217
88.0887
88.2491
88.4017
88.547
88.6865
88.8213
88.951
89.074
89.1893
89.2971
89.3992
89.4972
89.5912
89.6787
89.7576
89.8311
89.9023
89.9664
90.0249
90.0799
90.1279
90.1727
90.2115
90.2461
90.2759
90.3006
90.3215
90.3368
90.3487
90.3549
90.3578
87.1767
87.1742
87.1675
87.156
87.1399
87.1193
87.0937
87.0641
87.0285
86.9896
86.944
86.895
86.8399
86.7793
86.7156
86.6435
86.5651
86.4841
86.3983
86.3054
86.2045
86.0968
85.9837
85.8658
85.7424
85.6121
85.4738
85.3277
85.1754
85.0177
84.8546
84.6846
84.5066
84.3212
84.1304
83.935
83.7339
83.5256
83.3108
83.0919
82.8697
82.6425
82.4093
82.1734
81.9356
81.6954
81.4502
81.2061
80.9615
80.7149
80.4693
80.2269
79.9829
79.745
79.5082
79.2768
79.0499
78.8289
78.6144
78.4073
78.2083
78.0181
77.8374
77.667
77.5076
77.3597
77.2239
77.1009
76.9911
76.895
76.813
76.7454
76.6926
76.6546
76.6318
76.6242
76.6318
76.6546
76.6926
76.7454
76.813
76.895
76.9911
77.1009
77.2239
77.3597
77.5076
77.667
77.8374
78.0181
78.2083
78.4073
78.6144
78.8289
79.0499
79.2768
79.5082
79.745
79.9829
80.2269
80.4693
80.7149
80.9615
81.2061
81.4502
81.6954
81.9356
82.1734
82.4093
82.6425
82.8697
83.0919
83.3108
83.5256
83.7339
83.935
84.1304
84.3212
84.5066
84.6846
84.8546
85.0177
85.1754
85.3277
85.4738
85.6121
85.7424
85.8658
85.9837
86.0968
86.2045
86.3054
86.3983
86.4841
86.5651
86.6435
86.7156
86.7793
86.8399
86.895
86.944
86.9896
87.0285
87.0641
87.0937
87.1193
87.1399
87.156
87.1675
87.1742
87.1767
83.9967
83.9946
83.9874
83.9762
83.9595
83.9392
83.9129
83.8832
83.8471
83.8076
83.7618
83.7115
83.6566
83.594
83.5286
83.4589
83.3807
83.2952
83.2045
83.1094
83.0093
82.9024
82.7878
82.6653
82.5359
82.4008
82.2601
82.1129
81.9579
81.7945
81.6237
81.4467
81.2641
81.0751
80.8782
80.6735
80.4627
80.2474
80.0266
79.799
79.565
79.3272
79.0865
78.8405
78.5902
78.3373
78.0843
77.8269
77.5687
77.3117
77.0542
76.7965
76.5435
76.2901
76.0425
75.7977
75.5588
75.3256
75.0992
74.8804
74.6701
74.469
74.278
74.0977
73.929
73.7724
73.6287
73.4984
73.3821
73.2803
73.1933
73.1217
73.0656
73.0254
73.0012
72.9932
73.0012
73.0254
73.0656
73.1217
73.1933
73.2803
73.3821
73.4984
73.6287
73.7724
73.929
74.0977
74.278
74.469
74.6701
74.8804
75.0992
75.3256
75.5588
75.7977
76.0425
76.2901
76.5435
76.7965
77.0542
77.3117
77.5687
77.8269
78.0843
78.3373
78.5902
78.8405
79.0865
79.3272
79.565
79.799
80.0266
80.2474
80.4627
80.6735
80.8782
81.0751
81.2641
81.4467
81.6237
81.7945
81.9579
82.1129
82.2601
82.4008
82.5359
82.6653
82.7878
82.9024
83.0093
83.1094
83.2045
83.2952
83.3807
83.4589
83.5286
83.594
83.6566
83.7115
83.7618
83.8076
83.8471
83.8832
83.9129
83.9392
83.9595
83.9762
83.9874
83.9946
83.9967
80.8276
80.8259
80.8183
80.8073
80.7902
80.7699
80.7432
80.7133
80.6771
80.6368
80.5914
80.5396
80.4851
80.423
80.3534
80.2806
80.2038
80.1206
80.0297
79.9312
79.826
79.7152
79.5989
79.4764
79.3465
79.2082
79.0618
78.9081
78.7482
78.582
78.4084
78.2263
78.0357
77.8381
77.6346
77.4248
77.2074
76.9821
76.7505
76.5142
76.2728
76.0248
75.7708
75.5141
75.2539
74.9898
74.7213
74.4535
74.1834
73.9115
73.6408
73.3719
73.1022
72.8381
72.575
72.3179
72.0652
71.8189
71.5796
71.3483
71.1258
70.9129
70.7106
70.5197
70.3408
70.1749
70.0224
69.8842
69.7608
69.6528
69.5605
69.4844
69.4249
69.3822
69.3565
69.348
69.3565
69.3822
69.4249
69.4844
69.5605
69.6528
69.7608
69.8842
70.0224
70.1749
70.3408
70.5197
70.7106
70.9129
71.1258
71.3483
71.5796
71.8189
72.0652
72.3179
72.575
72.8381
73.1022
73.3719
73.6408
73.9115
74.1834
74.4535
74.7213
74.9898
75.2539
75.5141
75.7708
76.0248
76.2728
76.5142
76.7505
76.9821
77.2074
77.4248
77.6346
77.8381
78.0357
78.2263
78.4084
78.582
78.7482
78.9081
79.0618
79.2082
79.3465
79.4764
79.5989
79.7152
79.826
79.9312
80.0297
80.1206
80.2038
80.2806
80.3534
80.423
80.4851
80.5396
80.5914
80.6368
80.6771
80.7133
80.7432
80.7699
80.7902
80.8073
80.8183
80.8259
80.8276
77.6574
77.6558
77.648
77.637
77.6199
77.5993
77.5727
77.5422
77.5063
77.4649
77.4199
77.367
77.3105
77.2509
77.1835
77.1082
77.0268
76.9405
76.8492
76.7521
76.6478
76.5354
76.4151
76.2876
76.1535
76.0131
75.8656
75.7099
75.5453
75.3723
75.1918
75.0047
74.8103
74.6076
74.3961
74.1767
73.9509
73.7191
73.4799
73.2328
72.9795
72.7216
72.4589
72.1898
71.9163
71.6399
71.3614
71.0781
70.7944
70.5106
70.2255
69.9409
69.66
69.3789
69.1036
68.8311
68.5649
68.3046
68.0517
67.8071
67.5717
67.3464
67.1322
66.9299
66.7404
66.5644
66.4028
66.2562
66.1252
66.0106
65.9126
65.8319
65.7687
65.7233
65.6961
65.687
65.6961
65.7233
65.7687
65.8319
65.9126
66.0106
66.1252
66.2562
66.4028
66.5644
66.7404
66.9299
67.1322
67.3464
67.5717
67.8071
68.0517
68.3046
68.5649
68.8311
69.1036
69.3789
69.66
69.9409
70.2255
70.5106
70.7944
71.0781
71.3614
71.6399
71.9163
72.1898
72.4589
72.7216
72.9795
73.2328
73.4799
73.7191
73.9509
74.1767
74.3961
74.6076
74.8103
75.0047
75.1918
75.3723
75.5453
75.7099
75.8656
76.0131
76.1535
76.2876
76.4151
76.5354
76.6478
76.7521
76.8492
76.9405
77.0268
77.1082
77.1835
77.2509
77.3105
77.367
77.4199
77.4649
77.5063
77.5422
77.5727
77.5993
77.6199
77.637
77.648
77.6558
77.6574
74.4938
74.492
74.4844
74.4731
74.4563
74.4352
74.4091
74.3779
74.3426
74.3006
74.2559
74.2046
74.1451
74.0817
74.0146
73.9421
73.8627
73.7756
73.6811
73.5799
73.4727
73.3594
73.2395
73.1117
72.9753
72.8303
72.6772
72.5169
72.3494
72.1739
71.9894
71.7955
71.5931
71.3832
71.1661
70.9409
70.7067
70.4641
70.2148
69.9595
69.6971
69.4271
69.1512
68.8713
68.5865
68.2966
68.0026
67.708
67.4099
67.1101
66.8112
66.5127
66.2142
65.9206
65.6281
65.3416
65.0598
64.7849
64.5174
64.2585
64.0092
63.7705
63.5435
63.329
63.1279
62.9412
62.7696
62.6139
62.4748
62.353
62.2489
62.1631
62.096
62.0478
62.0188
62.0091
62.0188
62.0478
62.096
62.1631
62.2489
62.353
62.4748
62.6139
62.7696
62.9412
63.1279
63.329
63.5435
63.7705
64.0092
64.2585
64.5174
64.7849
65.0598
65.3416
65.6281
65.9206
66.2142
66.5127
66.8112
67.1101
67.4099
67.708
68.0026
68.2966
68.5865
68.8713
69.1512
69.4271
69.6971
69.9595
70.2148
70.4641
70.7067
70.9409
71.1661
71.3832
71.5931
71.7955
71.9894
72.1739
72.3494
72.5169
72.6772
72.8303
72.9753
73.1117
73.2395
73.3594
73.4727
73.5799
73.6811
73.7756
73.8627
73.9421
74.0146
74.0817
74.1451
74.2046
74.2559
74.3006
74.3426
74.3779
74.4091
74.4352
74.4563
74.4731
74.4844
74.492
74.4938
71.3391
71.3369
71.3297
71.318
71.3015
71.2799
71.2543
71.2224
71.1874
71.1449
71.098
71.0489
70.9931
70.9295
70.8591
70.7832
70.7021
70.6156
70.5228
70.4227
70.3145
70.1981
70.074
69.9427
69.8044
69.6585
69.504
69.3402
69.167
68.9851
68.7952
68.5973
68.3905
68.174
67.9479
67.7136
67.4717
67.2219
66.9632
66.6959
66.4218
66.1417
65.855
65.561
65.2622
64.9594
64.6528
64.3411
64.0286
63.7147
63.399
63.084
62.7714
62.4591
62.1523
61.8484
61.551
61.2599
60.9768
60.7025
60.4383
60.1852
59.9443
59.7166
59.5031
59.3048
59.1224
58.9569
58.8091
58.6795
58.5688
58.4775
58.406
58.3547
58.3238
58.3135
58.3238
58.3547
58.406
58.4775
58.5688
58.6795
58.8091
58.9569
59.1224
59.3048
59.5031
59.7166
59.9443
60.1852
60.4383
60.7025
60.9768
61.2599
61.551
61.8484
62.1523
62.4591
62.7714
63.084
63.399
63.7147
64.0286
64.3411
64.6528
64.9594
65.2622
65.561
65.855
66.1417
66.4218
66.6959
66.9632
67.2219
67.4717
67.7136
67.9479
68.174
68.3905
68.5973
68.7952
68.9851
69.167
69.3402
69.504
69.6585
69.8044
69.9427
70.074
70.1981
70.3145
70.4227
70.5228
70.6156
70.7021
70.7832
70.8591
70.9295
70.9931
71.0489
71.098
71.1449
71.1874
71.2224
71.2543
71.2799
71.3015
71.318
71.3297
71.3369
71.3391
68.181
68.1784
68.1717
68.1595
68.1436
68.1217
68.0966
68.0647
68.03
67.99
67.9415
67.8883
67.8315
67.7702
67.7029
67.6286
67.5469
67.4579
67.3621
67.26
67.1513
67.0355
66.9118
66.7793
66.6376
66.4872
66.3285
66.1617
65.9864
65.8015
65.6066
65.4016
65.1875
64.9648
64.7332
64.4919
64.2404
63.98
63.7117
63.4356
63.1507
62.8575
62.5575
62.2521
61.94
61.6221
61.2997
60.9751
60.6459
60.315
59.984
59.6525
59.3213
58.9942
58.6684
58.3485
58.0335
57.7257
57.4259
57.1354
56.8553
56.587
56.3313
56.0896
55.8629
55.6522
55.4584
55.2825
55.1252
54.9874
54.8696
54.7725
54.6964
54.6418
54.609
54.598
54.609
54.6418
54.6964
54.7725
54.8696
54.9874
55.1252
55.2825
55.4584
55.6522
55.8629
56.0896
56.3313
56.587
56.8553
57.1354
57.4259
57.7257
58.0335
58.3485
58.6684
58.9942
59.3213
59.6525
59.984
60.315
60.6459
60.9751
61.2997
61.6221
61.94
62.2521
62.5575
62.8575
63.1507
63.4356
63.7117
63.98
64.2404
64.4919
64.7332
64.9648
65.1875
65.4016
65.6066
65.8015
65.9864
66.1617
66.3285
66.4872
66.6376
66.7793
66.9118
67.0355
67.1513
67.26
67.3621
67.4579
67.5469
67.6286
67.7029
67.7702
67.8315
67.8883
67.9415
67.99
68.03
68.0647
68.0966
68.1217
68.1436
68.1595
68.1717
68.1784
68.181
65.0322
65.0293
65.0228
65.0103
64.9946
64.9724
64.9472
64.9154
64.8783
64.8397
64.7957
64.7445
64.6865
64.6224
64.5529
64.478
64.3975
64.3105
64.2162
64.1139
64.0033
63.8846
63.7581
63.624
63.4817
63.3306
63.1698
62.9989
62.8181
62.628
62.4288
62.22
62.0007
61.7706
61.5302
61.2804
61.0215
60.7528
60.4738
60.1854
59.8889
59.5847
59.2722
58.9515
58.625
58.293
57.9556
57.6128
57.2681
56.9207
56.5711
56.2217
55.8738
55.5264
55.1839
54.8445
54.5118
54.1856
53.8679
53.5599
53.2627
52.9778
52.7063
52.4495
52.2084
51.9843
51.7781
51.5909
51.4235
51.2767
51.1512
51.0477
50.9667
50.9085
50.8735
50.8618
50.8735
50.9085
50.9667
51.0477
51.1512
51.2767
51.4235
51.5909
51.7781
51.9843
52.2084
52.4495
52.7063
52.9778
53.2627
53.5599
53.8679
54.1856
54.5118
54.8445
55.1839
55.5264
55.8738
56.2217
56.5711
56.9207
57.2681
57.6128
57.9556
58.293
58.625
58.9515
59.2722
59.5847
59.8889
60.1854
60.4738
60.7528
61.0215
61.2804
61.5302
61.7706
62.0007
62.22
62.4288
62.628
62.8181
62.9989
63.1698
63.3306
63.4817
63.624
63.7581
63.8846
64.0033
64.1139
64.2162
64.3105
64.3975
64.478
64.5529
64.6224
64.6865
64.7445
64.7957
64.8397
64.8783
64.9154
64.9472
64.9724
64.9946
65.0103
65.0228
65.0293
65.0322
61.8868
61.8837
61.8775
61.8651
61.8496
61.8281
61.8031
61.7745
61.7372
61.6946
61.6485
61.5983
61.5432
61.4821
61.4143
61.3394
61.2574
61.1686
61.073
60.9706
60.8609
60.7431
60.6165
60.4805
60.3351
60.1805
60.0169
59.844
59.6611
59.4674
59.2627
59.0471
58.8214
58.5855
58.339
58.0811
57.8121
57.5329
57.2443
56.9458
56.6371
56.3189
55.9927
55.6591
55.3174
54.9687
54.6146
54.2565
53.893
53.527
53.1598
52.7914
52.4231
52.0579
51.6942
51.3363
50.9833
50.638
50.301
49.9742
49.6587
49.356
49.0674
48.7943
48.5379
48.2993
48.0798
47.8803
47.7019
47.5455
47.4118
47.3014
47.215
47.153
47.1156
47.1031
47.1156
47.153
47.215
47.3014
47.4118
47.5455
47.7019
47.8803
48.0798
48.2993
48.5379
48.7943
49.0674
49.356
49.6587
49.9742
50.301
50.638
50.9833
51.3363
51.6942
52.0579
52.4231
52.7914
53.1598
53.527
53.893
54.2565
54.6146
54.9687
55.3174
55.6591
55.9927
56.3189
56.6371
56.9458
57.2443
57.5329
57.8121
58.0811
58.339
58.5855
58.8214
59.0471
59.2627
59.4674
59.6611
59.844
60.0169
60.1805
60.3351
60.4805
60.6165
60.7431
60.8609
60.9706
61.073
61.1686
61.2574
61.3394
61.4143
61.4821
61.5432
61.5983
61.6485
61.6946
61.7372
61.7745
61.8031
61.8281
61.8496
61.8651
61.8775
61.8837
61.8868
58.7357
58.7327
58.7262
58.7138
58.6977
58.6762
58.6484
58.6197
58.5871
58.5482
58.503
58.4518
58.3949
58.3327
58.265
58.1917
58.1119
58.0251
57.9304
57.8275
57.7164
57.5969
57.4692
57.3329
57.1875
57.0321
56.8662
56.6895
56.5022
56.3045
56.0962
55.8767
55.6454
55.4021
55.1473
54.8816
54.6049
54.3166
54.0167
53.7059
53.3854
53.0552
52.715
52.3655
52.0085
51.6444
51.2734
50.8961
50.5154
50.1307
49.7432
49.3551
48.9675
48.5803
48.1974
47.8177
47.4447
47.0785
46.7214
46.3746
46.0397
45.7182
45.4115
45.121
44.8482
44.5943
44.3605
44.1481
43.958
43.7913
43.6487
43.5311
43.4389
43.3728
43.3329
43.3196
43.3329
43.3728
43.4389
43.5311
43.6487
43.7913
43.958
44.1481
44.3605
44.5943
44.8482
45.121
45.4115
45.7182
46.0397
46.3746
46.7214
47.0785
47.4447
47.8177
48.1974
48.5803
48.9675
49.3551
49.7432
50.1307
50.5154
50.8961
51.2734
51.6444
52.0085
52.3655
52.715
53.0552
53.3854
53.7059
54.0167
54.3166
54.6049
54.8816
55.1473
55.4021
55.6454
55.8767
56.0962
56.3045
56.5022
56.6895
56.8662
57.0321
57.1875
57.3329
57.4692
57.5969
57.7164
57.8275
57.9304
58.0251
58.1119
58.1917
58.265
58.3327
58.3949
58.4518
58.503
58.5482
58.5871
58.6197
58.6484
58.6762
58.6977
58.7138
58.7262
58.7327
58.7357
55.5894
55.5867
55.5801
55.5685
55.5528
55.5348
55.5088
55.4769
55.4413
55.4019
55.3585
55.3101
55.2562
55.1961
55.1294
55.0558
54.9754
54.8882
54.7939
54.6923
54.5826
54.4641
54.3363
54.1986
54.051
53.8935
53.7259
53.5478
53.3584
53.1571
52.9437
52.7183
52.4813
52.2324
51.9711
51.697
51.4103
51.1118
50.8018
50.4801
50.1465
49.8018
49.4473
49.0833
48.7097
48.3277
47.9387
47.5438
47.1425
46.7376
46.3302
45.9206
45.5107
45.1028
44.6965
44.2955
43.8997
43.5117
43.1326
42.7644
42.4085
42.0666
41.7403
41.4311
41.1405
40.87
40.6209
40.3943
40.1916
40.0137
39.8616
39.736
39.6376
39.5669
39.5244
39.5102
39.5244
39.5669
39.6376
39.736
39.8616
40.0137
40.1916
40.3943
40.6209
40.87
41.1405
41.4311
41.7403
42.0666
42.4085
42.7644
43.1326
43.5117
43.8997
44.2955
44.6965
45.1028
45.5107
45.9206
46.3302
46.7376
47.1425
47.5438
47.9387
48.3277
48.7097
49.0833
49.4473
49.8018
50.1465
50.4801
50.8018
51.1118
51.4103
51.697
51.9711
52.2324
52.4813
52.7183
52.9437
53.1571
53.3584
53.5478
53.7259
53.8935
54.051
54.1986
54.3363
54.4641
54.5826
54.6923
54.7939
54.8882
54.9754
55.0558
55.1294
55.1961
55.2562
55.3101
55.3585
55.4019
55.4413
55.4769
55.5088
55.5348
55.5528
55.5685
55.5801
55.5867
55.5894
52.4501
52.4476
52.4399
52.4279
52.4085
52.3883
52.3655
52.3379
52.3049
52.2666
52.2228
52.1738
52.1197
52.0603
51.9952
51.9241
51.8462
51.7609
51.6676
51.566
51.4559
51.3372
51.2095
51.0723
50.925
50.7669
50.5974
50.4163
50.2235
50.019
49.8024
49.5729
49.3303
49.0742
48.8051
48.5232
48.2282
47.9198
47.5981
47.2638
46.9175
46.5595
46.1896
45.8087
45.4184
45.0189
44.6108
44.1952
43.7743
43.348
42.918
42.4861
42.0537
41.6214
41.1925
40.7669
40.3477
39.9358
39.5334
39.142
38.7636
38.3998
38.0523
37.723
37.4133
37.1248
36.859
36.6173
36.4008
36.2109
36.0483
35.9142
35.809
35.7335
35.6881
35.6729
35.6881
35.7335
35.809
35.9142
36.0483
36.2109
36.4008
36.6173
36.859
37.1248
37.4133
37.723
38.0523
38.3998
38.7636
39.142
39.5334
39.9358
40.3477
40.7669
41.1925
41.6214
42.0537
42.4861
42.918
43.348
43.7743
44.1952
44.6108
45.0189
45.4184
45.8087
46.1896
46.5595
46.9175
47.2638
47.5981
47.9198
48.2282
48.5232
48.8051
49.0742
49.3303
49.5729
49.8024
50.019
50.2235
50.4163
50.5974
50.7669
50.925
51.0723
51.2095
51.3372
51.4559
51.566
51.6676
51.7609
51.8462
51.9241
51.9952
52.0603
52.1197
52.1738
52.2228
52.2666
52.3049
52.3379
52.3655
52.3883
52.4085
52.4279
52.4399
52.4476
52.4501
49.2999
49.298
49.2904
49.282
49.2663
49.2445
49.2188
49.1896
49.1568
49.1201
49.079
49.0329
48.9813
48.9238
48.86
48.7896
48.7124
48.6282
48.5366
48.4371
48.329
48.2116
48.0843
47.9468
47.7987
47.6397
47.4695
47.2874
47.0929
46.8853
46.6644
46.4301
46.1823
45.9208
45.6451
45.3548
45.0502
44.7317
44.3994
44.0533
43.6934
43.3204
42.9352
42.5384
42.13
41.7114
41.2838
40.8481
40.4049
39.9563
39.5036
39.0478
38.5907
38.1344
37.6797
37.2294
36.7846
36.3476
35.9202
35.5042
35.1017
34.7145
34.3445
33.9935
33.6633
33.3556
33.072
32.8139
32.5828
32.3799
32.2062
32.0628
31.9505
31.8698
31.8212
31.8049
31.8212
31.8698
31.9505
32.0628
32.2062
32.3799
32.5828
32.8139
33.072
33.3556
33.6633
33.9935
34.3445
34.7145
35.1017
35.5042
35.9202
36.3476
36.7846
37.2294
37.6797
38.1344
38.5907
39.0478
39.5036
39.9563
40.4049
40.8481
41.2838
41.7114
42.13
42.5384
42.9352
43.3204
43.6934
44.0533
44.3994
44.7317
45.0502
45.3548
45.6451
45.9208
46.1823
46.4301
46.6644
46.8853
47.0929
47.2874
47.4695
47.6397
47.7987
47.9468
48.0843
48.2116
48.329
48.4371
48.5366
48.6282
48.7124
48.7896
48.86
48.9238
48.9813
49.0329
49.079
49.1201
49.1568
49.1896
49.2188
49.2445
49.2663
49.282
49.2904
49.298
49.2999
46.1693
46.1667
46.1545
46.1405
46.1251
46.106
46.0832
46.0561
46.0247
45.9888
45.9482
45.903
45.8527
45.7971
45.7358
45.6682
45.5938
45.5119
45.422
45.3238
45.2167
45.1004
44.9743
44.838
44.6907
44.5317
44.3606
44.1768
43.98
43.77
43.5462
43.308
43.055
42.787
42.504
42.2059
41.8926
41.5638
41.2197
40.8607
40.4872
40.0995
39.6978
39.2831
38.8563
38.4181
37.9694
37.5113
37.0456
36.5731
36.0953
35.6141
35.1311
34.6477
34.1665
33.6886
33.2166
32.7523
32.2978
31.8552
31.4265
31.0139
30.6193
30.2449
29.8924
29.5637
29.2607
28.9848
28.7377
28.5206
28.3348
28.1813
28.061
27.9746
27.9226
27.9052
27.9226
27.9746
28.061
28.1813
28.3348
28.5206
28.7377
28.9848
29.2607
29.5637
29.8924
30.2449
30.6193
31.0139
31.4265
31.8552
32.2978
32.7523
33.2166
33.6886
34.1665
34.6477
35.1311
35.6141
36.0953
36.5731
37.0456
37.5113
37.9694
38.4181
38.8563
39.2831
39.6978
40.0995
40.4872
40.8607
41.2197
41.5638
41.8926
42.2059
42.504
42.787
43.055
43.308
43.5462
43.77
43.98
44.1768
44.3606
44.5317
44.6907
44.838
44.9743
45.1004
45.2167
45.3238
45.422
45.5119
45.5938
45.6682
45.7358
45.7971
45.8527
45.903
45.9482
45.9888
46.0247
46.0561
46.0832
46.106
46.1251
46.1405
46.1545
46.1667
46.1693
43.0431
43.0417
43.0335
43.0196
43.0023
42.9819
42.9584
42.9318
42.9018
42.868
42.83
42.7874
42.7397
42.6865
42.6274
42.5619
42.4896
42.4101
42.3228
42.2272
42.1225
42.0082
41.8837
41.7482
41.6014
41.4427
41.2715
41.0872
40.8891
40.6767
40.4495
40.2072
39.9494
39.6757
39.3859
39.0795
38.7566
38.4173
38.0616
37.6896
37.3015
36.8979
36.4793
36.0463
35.5996
35.1403
34.6694
34.1881
33.6975
33.1993
32.6951
32.1865
31.6752
31.1634
30.6527
30.1456
29.6439
29.1501
28.6662
28.1946
27.7376
27.2973
26.8761
26.476
26.0992
25.7477
25.4235
25.1282
24.8635
24.631
24.4319
24.2675
24.1385
24.0459
23.9901
23.9715
23.9901
24.0459
24.1385
24.2675
24.4319
24.631
24.8635
25.1282
25.4235
25.7477
26.0992
26.476
26.8761
27.2973
27.7376
28.1946
28.6662
29.1501
29.6439
30.1456
30.6527
31.1634
31.6752
32.1865
32.6951
33.1993
33.6975
34.1881
34.6694
35.1403
35.5996
36.0463
36.4793
36.8979
37.3015
37.6896
38.0616
38.4173
38.7566
39.0795
39.3859
39.6757
39.9494
40.2072
40.4495
40.6767
40.8891
41.0872
41.2715
41.4427
41.6014
41.7482
41.8837
42.0082
42.1225
42.2272
42.3228
42.4101
42.4896
42.5619
42.6274
42.6865
42.7397
42.7874
42.83
42.868
42.9018
42.9318
42.9584
42.9819
43.0023
43.0196
43.0335
43.0417
43.0431
39.9279
39.9163
39.903
39.8879
39.8707
39.8511
39.8289
39.8037
39.7754
39.7434
39.7075
39.6672
39.6222
39.5718
39.5158
39.4535
39.3845
39.3081
39.2237
39.1309
39.0288
38.917
38.7947
38.6613
38.516
38.3583
38.1875
38.0028
37.8038
37.5897
37.3601
37.1144
36.8521
36.5728
36.2762
35.9621
35.6301
35.2804
34.9128
34.5275
34.1248
33.7051
33.2689
32.8169
32.3498
31.8686
31.3744
30.8685
30.3522
29.827
29.2948
28.7572
28.2161
27.6737
27.1321
26.5936
26.0604
25.535
25.0198
24.5172
24.0297
23.5598
23.1098
22.6822
22.2793
21.9033
21.5561
21.2399
20.9564
20.7072
20.4938
20.3175
20.1792
20.0798
20.02
20
20.02
20.0798
20.1792
20.3175
20.4938
20.7072
20.9564
21.2399
21.5561
21.9033
22.2793
22.6822
23.1098
23.5598
24.0297
24.5172
25.0198
25.535
26.0604
26.5936
27.1321
27.6737
28.2161
28.7572
29.2948
29.827
30.3522
30.8685
31.3744
31.8686
32.3498
32.8169
33.2689
33.7051
34.1248
34.5275
34.9128
35.2804
35.6301
35.9621
36.2762
36.5728
36.8521
37.1144
37.3601
37.5897
37.8038
38.0028
38.1875
38.3583
38.516
38.6613
38.7947
38.917
39.0288
39.1309
39.2237
39.3081
39.3845
39.4535
39.5158
39.5718
39.6222
39.6672
39.7075
39.7434
39.7754
39.8037
39.8289
39.8511
39.8707
39.8879
39.903
39.9163
39.9279
