120
120
120
120
120
120
120
120
120
120
120
120
120
120
120
120
120
120
120
120
120
120
120
120
120
120
120
120
120
120
120
120
120
120
120
120
120
120
120
120
120
120
120
120
120
120
120
120
120
120
120
120
120
120
120
120
120
120
120
120
120
120
120
120
120
120
120
120
120
120
120
120
120
120
120
120
120
120
120
120
120
120
120
120
120
120
120
120
120
120
120
120
120
120
120
120
120
120
120
120
120
120
120
120
120
120
120
120
120
120
120
120
120
120
120
120
120
120
120
120
120
120
120
120
120
120
120
120
120
120
120
120
120
120
120
120
120
120
120
120
120
120
120
120
120
120
120
120
120
120
120
120
120
120
120
120
120
120
120
120
120
120
120
120
120
120
120
120
120
120
120
120
120
120
120
120
120
120
120
120
120
120
120
120
120
120
120
120
120
120
120
120
120
120
120
120
120
120
120
120
120
118.854
118.855
118.854
118.854
118.853
118.853
118.852
118.852
118.85
118.85
118.848
118.847
118.845
118.844
118.842
118.841
118.839
118.837
118.835
118.832
118.83
118.828
118.825
118.822
118.82
118.817
118.814
118.811
118.808
118.805
118.802
118.799
118.795
118.792
118.788
118.784
118.781
118.777
118.774
118.77
118.766
118.762
118.758
118.754
118.751
118.746
118.743
118.738
118.734
118.731
118.726
118.722
118.719
118.714
118.71
118.707
118.702
118.698
118.695
118.69
118.686
118.683
118.679
118.675
118.671
118.668
118.665
118.66
118.657
118.654
118.651
118.647
118.644
118.641
118.638
118.634
118.632
118.629
118.626
118.624
118.621
118.619
118.617
118.614
118.612
118.61
118.609
118.607
118.605
118.604
118.602
118.601
118.6
118.599
118.598
118.597
118.597
118.596
118.596
118.596
118.596
118.596
118.596
118.596
118.597
118.597
118.598
118.599
118.6
118.601
118.602
118.604
118.605
118.607
118.609
118.61
118.612
118.614
118.617
118.619
118.621
118.624
118.626
118.629
118.632
118.634
118.638
118.641
118.644
118.647
118.651
118.654
118.657
118.66
118.665
118.668
118.671
118.675
118.679
118.683
118.686
118.69
118.695
118.698
118.702
118.707
118.71
118.714
118.719
118.722
118.726
118.731
118.734
118.738
118.743
118.746
118.751
118.754
118.758
118.762
118.766
118.77
118.774
118.777
118.781
118.784
118.788
118.792
118.795
118.799
118.802
118.805
118.808
118.811
118.814
118.817
118.82
118.822
118.825
118.828
118.83
118.832
118.835
118.837
118.839
118.841
118.842
118.844
118.845
118.847
118.848
118.85
118.85
118.852
118.852
118.853
118.853
118.854
118.854
118.855
118.854
117.71
117.71
117.709
117.709
117.708
117.707
117.705
117.704
117.701
117.7
117.697
117.695
117.692
117.689
117.685
117.682
117.678
117.674
117.67
117.665
117.661
117.656
117.651
117.645
117.64
117.634
117.629
117.623
117.616
117.61
117.604
117.597
117.59
117.584
117.577
117.569
117.562
117.555
117.548
117.54
117.532
117.525
117.517
117.509
117.501
117.493
117.485
117.477
117.469
117.461
117.453
117.445
117.437
117.429
117.421
117.413
117.405
117.397
117.389
117.381
117.373
117.366
117.358
117.351
117.343
117.336
117.328
117.321
117.315
117.307
117.3
117.294
117.288
117.281
117.275
117.27
117.263
117.258
117.253
117.247
117.243
117.238
117.233
117.229
117.225
117.221
117.217
117.214
117.21
117.207
117.205
117.202
117.2
117.198
117.196
117.195
117.194
117.193
117.192
117.192
117.191
117.192
117.192
117.193
117.194
117.195
117.196
117.198
117.2
117.202
117.205
117.207
117.21
117.214
117.217
117.221
117.225
117.229
117.233
117.238
117.243
117.247
117.253
117.258
117.263
117.27
117.275
117.281
117.288
117.294
117.3
117.307
117.315
117.321
117.328
117.336
117.343
117.351
117.358
117.366
117.373
117.381
117.389
117.397
117.405
117.413
117.421
117.429
117.437
117.445
117.453
117.461
117.469
117.477
117.485
117.493
117.501
117.509
117.517
117.525
117.532
117.54
117.548
117.555
117.562
117.569
117.577
117.584
117.59
117.597
117.604
117.61
117.616
117.623
117.629
117.634
117.64
117.645
117.651
117.656
117.661
117.665
117.67
117.674
117.678
117.682
117.685
117.689
117.692
117.695
117.697
117.7
117.701
117.704
117.705
117.707
117.708
117.709
117.709
117.71
117.71
116.565
116.564
116.564
116.563
116.561
116.56
116.558
116.555
116.552
116.549
116.546
116.542
116.537
116.533
116.528
116.522
116.517
116.511
116.504
116.498
116.491
116.483
116.476
116.468
116.46
116.452
116.443
116.434
116.425
116.415
116.406
116.396
116.386
116.375
116.365
116.354
116.343
116.332
116.321
116.31
116.299
116.287
116.275
116.264
116.252
116.24
116.228
116.216
116.204
116.192
116.18
116.167
116.155
116.143
116.131
116.119
116.107
116.095
116.083
116.072
116.06
116.048
116.037
116.026
116.014
116.003
115.992
115.982
115.971
115.961
115.951
115.941
115.931
115.922
115.913
115.903
115.896
115.887
115.879
115.871
115.864
115.857
115.85
115.843
115.837
115.831
115.825
115.82
115.815
115.811
115.807
115.803
115.799
115.797
115.794
115.792
115.79
115.789
115.788
115.787
115.787
115.787
115.788
115.789
115.79
115.792
115.794
115.797
115.799
115.803
115.807
115.811
115.815
115.82
115.825
115.831
115.837
115.843
115.85
115.857
115.864
115.871
115.879
115.887
115.896
115.903
115.913
115.922
115.931
115.941
115.951
115.961
115.971
115.982
115.992
116.003
116.014
116.026
116.037
116.048
116.06
116.072
116.083
116.095
116.107
116.119
116.131
116.143
116.155
116.167
116.18
116.192
116.204
116.216
116.228
116.24
116.252
116.264
116.275
116.287
116.299
116.31
116.321
116.332
116.343
116.354
116.365
116.375
116.386
116.396
116.406
116.415
116.425
116.434
116.443
116.452
116.46
116.468
116.476
116.483
116.491
116.498
116.504
116.511
116.517
116.522
116.528
116.533
116.537
116.542
116.546
116.549
116.552
116.555
116.558
116.56
116.561
116.563
116.564
116.564
116.565
115.42
115.42
115.419
115.418
115.416
115.414
115.411
115.408
115.404
115.4
115.395
115.39
115.384
115.378
115.371
115.364
115.356
115.348
115.34
115.331
115.322
115.312
115.302
115.292
115.281
115.269
115.258
115.246
115.234
115.221
115.208
115.195
115.182
115.168
115.154
115.14
115.125
115.11
115.095
115.08
115.065
115.05
115.034
115.018
115.003
114.987
114.971
114.955
114.939
114.922
114.906
114.89
114.874
114.858
114.842
114.825
114.81
114.794
114.778
114.762
114.746
114.731
114.716
114.7
114.685
114.671
114.657
114.642
114.628
114.615
114.601
114.587
114.575
114.563
114.55
114.538
114.526
114.516
114.505
114.494
114.485
114.475
114.466
114.457
114.449
114.441
114.433
114.426
114.42
114.414
114.408
114.403
114.399
114.395
114.391
114.389
114.386
114.384
114.383
114.382
114.382
114.382
114.383
114.384
114.386
114.389
114.391
114.395
114.399
114.403
114.408
114.414
114.42
114.426
114.433
114.441
114.449
114.457
114.466
114.475
114.485
114.494
114.505
114.516
114.526
114.538
114.55
114.563
114.575
114.587
114.601
114.615
114.628
114.642
114.657
114.671
114.685
114.7
114.716
114.731
114.746
114.762
114.778
114.794
114.81
114.825
114.842
114.858
114.874
114.89
114.906
114.922
114.939
114.955
114.971
114.987
115.003
115.018
115.034
115.05
115.065
115.08
115.095
115.11
115.125
115.14
115.154
115.168
115.182
115.195
115.208
115.221
115.234
115.246
115.258
115.269
115.281
115.292
115.302
115.312
115.322
115.331
115.34
115.348
115.356
115.364
115.371
115.378
115.384
115.39
115.395
115.4
115.404
115.408
115.411
115.414
115.416
115.418
115.419
115.42
115.42
114.276
114.276
114.275
114.273
114.271
114.268
114.265
114.261
114.256
114.25
114.245
114.238
114.231
114.223
114.215
114.206
114.196
114.186
114.176
114.165
114.153
114.141
114.128
114.115
114.101
114.088
114.073
114.058
114.043
114.027
114.011
113.994
113.977
113.96
113.943
113.925
113.907
113.888
113.87
113.851
113.832
113.812
113.793
113.773
113.754
113.734
113.714
113.694
113.673
113.653
113.633
113.613
113.592
113.572
113.552
113.532
113.512
113.492
113.472
113.453
113.433
113.414
113.395
113.375
113.357
113.338
113.32
113.302
113.285
113.268
113.25
113.234
113.219
113.202
113.187
113.172
113.158
113.144
113.131
113.118
113.105
113.093
113.081
113.071
113.06
113.05
113.041
113.032
113.024
113.017
113.01
113.003
112.998
112.993
112.989
112.985
112.982
112.98
112.978
112.977
112.977
112.977
112.978
112.98
112.982
112.985
112.989
112.993
112.998
113.003
113.01
113.017
113.024
113.032
113.041
113.05
113.06
113.071
113.081
113.093
113.105
113.118
113.131
113.144
113.158
113.172
113.187
113.202
113.219
113.234
113.25
113.268
113.285
113.302
113.32
113.338
113.357
113.375
113.395
113.414
113.433
113.453
113.472
113.492
113.512
113.532
113.552
113.572
113.592
113.613
113.633
113.653
113.673
113.694
113.714
113.734
113.754
113.773
113.793
113.812
113.832
113.851
113.87
113.888
113.907
113.925
113.943
113.96
113.977
113.994
114.011
114.027
114.043
114.058
114.073
114.088
114.101
114.115
114.128
114.141
114.153
114.165
114.176
114.186
114.196
114.206
114.215
114.223
114.231
114.238
114.245
114.25
114.256
114.261
114.265
114.268
114.271
114.273
114.275
114.276
114.276
113.133
113.133
113.132
113.13
113.127
113.124
113.119
113.114
113.109
113.102
113.095
113.087
113.078
113.069
113.059
113.048
113.037
113.025
113.012
112.999
112.985
112.97
112.955
112.939
112.923
112.906
112.889
112.871
112.852
112.833
112.814
112.794
112.774
112.753
112.732
112.711
112.689
112.667
112.644
112.622
112.599
112.575
112.552
112.528
112.505
112.481
112.457
112.432
112.408
112.384
112.359
112.335
112.311
112.286
112.262
112.238
112.214
112.19
112.166
112.143
112.119
112.096
112.072
112.05
112.028
112.005
111.983
111.962
111.941
111.92
111.9
111.88
111.86
111.842
111.824
111.805
111.789
111.772
111.755
111.74
111.725
111.71
111.697
111.683
111.671
111.659
111.648
111.637
111.627
111.618
111.61
111.603
111.596
111.59
111.585
111.58
111.577
111.574
111.572
111.571
111.57
111.571
111.572
111.574
111.577
111.58
111.585
111.59
111.596
111.603
111.61
111.618
111.627
111.637
111.648
111.659
111.671
111.683
111.697
111.71
111.725
111.74
111.755
111.772
111.789
111.805
111.824
111.842
111.86
111.88
111.9
111.92
111.941
111.962
111.983
112.005
112.028
112.05
112.072
112.096
112.119
112.143
112.166
112.19
112.214
112.238
112.262
112.286
112.311
112.335
112.359
112.384
112.408
112.432
112.457
112.481
112.505
112.528
112.552
112.575
112.599
112.622
112.644
112.667
112.689
112.711
112.732
112.753
112.774
112.794
112.814
112.833
112.852
112.871
112.889
112.906
112.923
112.939
112.955
112.97
112.985
112.999
113.012
113.025
113.037
113.048
113.059
113.069
113.078
113.087
113.095
113.102
113.109
113.114
113.119
113.124
113.127
113.13
113.132
113.133
113.133
111.991
111.991
111.989
111.987
111.984
111.98
111.975
111.969
111.962
111.955
111.946
111.937
111.927
111.916
111.904
111.892
111.879
111.865
111.85
111.834
111.818
111.801
111.783
111.764
111.745
111.725
111.705
111.684
111.663
111.64
111.618
111.595
111.571
111.547
111.522
111.497
111.472
111.445
111.42
111.393
111.366
111.339
111.311
111.284
111.256
111.228
111.2
111.172
111.144
111.115
111.087
111.058
111.03
111.001
110.973
110.944
110.917
110.889
110.86
110.833
110.806
110.778
110.751
110.725
110.698
110.672
110.648
110.622
110.597
110.573
110.55
110.526
110.504
110.481
110.46
110.439
110.419
110.399
110.38
110.362
110.344
110.328
110.311
110.296
110.281
110.267
110.254
110.242
110.231
110.22
110.21
110.202
110.194
110.187
110.181
110.176
110.171
110.168
110.166
110.164
110.164
110.164
110.166
110.168
110.171
110.176
110.181
110.187
110.194
110.202
110.21
110.22
110.231
110.242
110.254
110.267
110.281
110.296
110.311
110.328
110.344
110.362
110.38
110.399
110.419
110.439
110.46
110.481
110.504
110.526
110.55
110.573
110.597
110.622
110.648
110.672
110.698
110.725
110.751
110.778
110.806
110.833
110.86
110.889
110.917
110.944
110.973
111.001
111.03
111.058
111.087
111.115
111.144
111.172
111.2
111.228
111.256
111.284
111.311
111.339
111.366
111.393
111.42
111.445
111.472
111.497
111.522
111.547
111.571
111.595
111.618
111.64
111.663
111.684
111.705
111.725
111.745
111.764
111.783
111.801
111.818
111.834
111.85
111.865
111.879
111.892
111.904
111.916
111.927
111.937
111.946
111.955
111.962
111.969
111.975
111.98
111.984
111.987
111.989
111.991
111.991
110.849
110.849
110.847
110.844
110.841
110.836
110.831
110.824
110.816
110.808
110.798
110.788
110.776
110.764
110.75
110.736
110.721
110.705
110.687
110.67
110.651
110.631
110.611
110.59
110.568
110.545
110.522
110.498
110.473
110.448
110.422
110.395
110.368
110.34
110.312
110.283
110.254
110.225
110.195
110.164
110.134
110.102
110.071
110.04
110.008
109.976
109.943
109.911
109.879
109.846
109.814
109.781
109.748
109.716
109.683
109.651
109.619
109.586
109.555
109.523
109.491
109.46
109.43
109.399
109.369
109.339
109.31
109.281
109.253
109.226
109.197
109.172
109.146
109.12
109.096
109.072
109.049
109.026
109.004
108.984
108.963
108.944
108.926
108.908
108.891
108.875
108.86
108.846
108.833
108.821
108.81
108.8
108.791
108.783
108.776
108.77
108.765
108.761
108.759
108.757
108.757
108.757
108.759
108.761
108.765
108.77
108.776
108.783
108.791
108.8
108.81
108.821
108.833
108.846
108.86
108.875
108.891
108.908
108.926
108.944
108.963
108.984
109.004
109.026
109.049
109.072
109.096
109.12
109.146
109.172
109.197
109.226
109.253
109.281
109.31
109.339
109.369
109.399
109.43
109.46
109.491
109.523
109.555
109.586
109.619
109.651
109.683
109.716
109.748
109.781
109.814
109.846
109.879
109.911
109.943
109.976
110.008
110.04
110.071
110.102
110.134
110.164
110.195
110.225
110.254
110.283
110.312
110.34
110.368
110.395
110.422
110.448
110.473
110.498
110.522
110.545
110.568
110.59
110.611
110.631
110.651
110.67
110.687
110.705
110.721
110.736
110.75
110.764
110.776
110.788
110.798
110.808
110.816
110.824
110.831
110.836
110.841
110.844
110.847
110.849
110.849
109.71
109.709
109.707
109.704
109.7
109.695
109.689
109.681
109.673
109.663
109.652
109.64
109.627
109.613
109.598
109.581
109.564
109.546
109.527
109.507
109.485
109.463
109.44
109.417
109.392
109.366
109.34
109.313
109.285
109.256
109.227
109.197
109.166
109.135
109.103
109.071
109.038
109.005
108.971
108.937
108.902
108.867
108.832
108.796
108.76
108.724
108.687
108.651
108.614
108.577
108.541
108.504
108.467
108.43
108.394
108.357
108.321
108.284
108.249
108.213
108.177
108.142
108.107
108.073
108.039
108.006
107.972
107.94
107.908
107.877
107.847
107.816
107.787
107.759
107.731
107.704
107.677
107.652
107.628
107.604
107.581
107.559
107.538
107.519
107.499
107.482
107.465
107.449
107.434
107.42
107.408
107.397
107.386
107.377
107.37
107.363
107.358
107.353
107.35
107.348
107.348
107.348
107.35
107.353
107.358
107.363
107.37
107.377
107.386
107.397
107.408
107.42
107.434
107.449
107.465
107.482
107.499
107.519
107.538
107.559
107.581
107.604
107.628
107.652
107.677
107.704
107.731
107.759
107.787
107.816
107.847
107.877
107.908
107.94
107.972
108.006
108.039
108.073
108.107
108.142
108.177
108.213
108.249
108.284
108.321
108.357
108.394
108.43
108.467
108.504
108.541
108.577
108.614
108.651
108.687
108.724
108.76
108.796
108.832
108.867
108.902
108.937
108.971
109.005
109.038
109.071
109.103
109.135
109.166
109.197
109.227
109.256
109.285
109.313
109.34
109.366
109.392
109.417
109.44
109.463
109.485
109.507
109.527
109.546
109.564
109.581
109.598
109.613
109.627
109.64
109.652
109.663
109.673
109.681
109.689
109.695
109.7
109.704
109.707
109.709
109.71
108.571
108.57
108.568
108.565
108.56
108.554
108.547
108.539
108.529
108.518
108.506
108.493
108.479
108.463
108.446
108.428
108.409
108.388
108.367
108.344
108.321
108.296
108.27
108.244
108.216
108.188
108.158
108.128
108.097
108.065
108.033
107.999
107.965
107.93
107.895
107.859
107.822
107.785
107.747
107.709
107.67
107.631
107.592
107.552
107.512
107.472
107.431
107.391
107.35
107.309
107.268
107.227
107.186
107.145
107.104
107.063
107.023
106.983
106.942
106.902
106.863
106.824
106.785
106.747
106.709
106.671
106.635
106.599
106.562
106.528
106.494
106.461
106.428
106.396
106.365
106.335
106.306
106.277
106.25
106.224
106.198
106.174
106.151
106.128
106.108
106.087
106.069
106.051
106.035
106.019
106.005
105.993
105.981
105.971
105.963
105.955
105.949
105.945
105.941
105.939
105.939
105.939
105.941
105.945
105.949
105.955
105.963
105.971
105.981
105.993
106.005
106.019
106.035
106.051
106.069
106.087
106.108
106.128
106.151
106.174
106.198
106.224
106.25
106.277
106.306
106.335
106.365
106.396
106.428
106.461
106.494
106.528
106.562
106.599
106.635
106.671
106.709
106.747
106.785
106.824
106.863
106.902
106.942
106.983
107.023
107.063
107.104
107.145
107.186
107.227
107.268
107.309
107.35
107.391
107.431
107.472
107.512
107.552
107.592
107.631
107.67
107.709
107.747
107.785
107.822
107.859
107.895
107.93
107.965
107.999
108.033
108.065
108.097
108.128
108.158
108.188
108.216
108.244
108.27
108.296
108.321
108.344
108.367
108.388
108.409
108.428
108.446
108.463
108.479
108.493
108.506
108.518
108.529
108.539
108.547
108.554
108.56
108.565
108.568
108.57
108.571
107.433
107.432
107.43
107.426
107.421
107.415
107.407
107.398
107.387
107.375
107.362
107.347
107.331
107.314
107.295
107.275
107.254
107.232
107.208
107.183
107.157
107.13
107.102
107.072
107.042
107.011
106.978
106.945
106.91
106.875
106.839
106.802
106.765
106.726
106.687
106.647
106.607
106.566
106.524
106.482
106.439
106.396
106.353
106.309
106.265
106.22
106.176
106.131
106.086
106.041
105.995
105.95
105.905
105.86
105.815
105.769
105.725
105.68
105.636
105.592
105.549
105.505
105.462
105.421
105.378
105.337
105.297
105.256
105.218
105.179
105.141
105.104
105.069
105.034
104.999
104.966
104.934
104.903
104.872
104.843
104.815
104.788
104.762
104.738
104.714
104.693
104.672
104.652
104.634
104.617
104.602
104.588
104.576
104.565
104.555
104.547
104.54
104.535
104.531
104.529
104.528
104.529
104.531
104.535
104.54
104.547
104.555
104.565
104.576
104.588
104.602
104.617
104.634
104.652
104.672
104.693
104.714
104.738
104.762
104.788
104.815
104.843
104.872
104.903
104.934
104.966
104.999
105.034
105.069
105.104
105.141
105.179
105.218
105.256
105.297
105.337
105.378
105.421
105.462
105.505
105.549
105.592
105.636
105.68
105.725
105.769
105.815
105.86
105.905
105.95
105.995
106.041
106.086
106.131
106.176
106.22
106.265
106.309
106.353
106.396
106.439
106.482
106.524
106.566
106.607
106.647
106.687
106.726
106.765
106.802
106.839
106.875
106.91
106.945
106.978
107.011
107.042
107.072
107.102
107.13
107.157
107.183
107.208
107.232
107.254
107.275
107.295
107.314
107.331
107.347
107.362
107.375
107.387
107.398
107.407
107.415
107.421
107.426
107.43
107.432
107.433
106.297
106.297
106.294
106.29
106.285
106.278
106.269
106.259
106.248
106.234
106.22
106.204
106.186
106.167
106.147
106.125
106.101
106.077
106.051
106.024
105.995
105.966
105.935
105.902
105.869
105.835
105.799
105.763
105.725
105.687
105.647
105.607
105.565
105.524
105.481
105.437
105.393
105.348
105.302
105.256
105.21
105.162
105.115
105.067
105.018
104.97
104.921
104.871
104.822
104.773
104.723
104.674
104.624
104.575
104.525
104.476
104.427
104.378
104.329
104.282
104.234
104.186
104.14
104.093
104.047
104.003
103.957
103.914
103.871
103.829
103.788
103.747
103.708
103.669
103.632
103.595
103.56
103.526
103.493
103.461
103.43
103.401
103.372
103.345
103.32
103.296
103.273
103.252
103.232
103.214
103.197
103.182
103.168
103.156
103.145
103.136
103.129
103.123
103.119
103.117
103.116
103.117
103.119
103.123
103.129
103.136
103.145
103.156
103.168
103.182
103.197
103.214
103.232
103.252
103.273
103.296
103.32
103.345
103.372
103.401
103.43
103.461
103.493
103.526
103.56
103.595
103.632
103.669
103.708
103.747
103.788
103.829
103.871
103.914
103.957
104.003
104.047
104.093
104.14
104.186
104.234
104.282
104.329
104.378
104.427
104.476
104.525
104.575
104.624
104.674
104.723
104.773
104.822
104.871
104.921
104.97
105.018
105.067
105.115
105.162
105.21
105.256
105.302
105.348
105.393
105.437
105.481
105.524
105.565
105.607
105.647
105.687
105.725
105.763
105.799
105.835
105.869
105.902
105.935
105.966
105.995
106.024
106.051
106.077
106.101
106.125
106.147
106.167
106.186
106.204
106.22
106.234
106.248
106.259
106.269
106.278
106.285
106.29
106.294
106.297
106.297
105.163
105.162
105.16
105.156
105.15
105.142
105.133
105.122
105.109
105.095
105.079
105.061
105.042
105.021
104.999
104.975
104.95
104.923
104.895
104.865
104.834
104.802
104.768
104.733
104.697
104.66
104.621
104.581
104.541
104.499
104.456
104.412
104.367
104.321
104.275
104.227
104.179
104.13
104.081
104.031
103.98
103.929
103.877
103.825
103.772
103.719
103.666
103.613
103.559
103.505
103.451
103.397
103.343
103.289
103.235
103.182
103.129
103.075
103.023
102.97
102.918
102.867
102.816
102.766
102.716
102.666
102.619
102.571
102.524
102.478
102.433
102.39
102.347
102.305
102.264
102.224
102.186
102.148
102.112
102.078
102.044
102.012
101.981
101.952
101.924
101.898
101.873
101.85
101.829
101.809
101.791
101.774
101.759
101.746
101.734
101.725
101.717
101.71
101.706
101.703
101.703
101.703
101.706
101.71
101.717
101.725
101.734
101.746
101.759
101.774
101.791
101.809
101.829
101.85
101.873
101.898
101.924
101.952
101.981
102.012
102.044
102.078
102.112
102.148
102.186
102.224
102.264
102.305
102.347
102.39
102.433
102.478
102.524
102.571
102.619
102.666
102.716
102.766
102.816
102.867
102.918
102.97
103.023
103.075
103.129
103.182
103.235
103.289
103.343
103.397
103.451
103.505
103.559
103.613
103.666
103.719
103.772
103.825
103.877
103.929
103.98
104.031
104.081
104.13
104.179
104.227
104.275
104.321
104.367
104.412
104.456
104.499
104.541
104.581
104.621
104.66
104.697
104.733
104.768
104.802
104.834
104.865
104.895
104.923
104.95
104.975
104.999
105.021
105.042
105.061
105.079
105.095
105.109
105.122
105.133
105.142
105.15
105.156
105.16
105.162
105.163
104.031
104.03
104.027
104.022
104.016
104.008
103.998
103.986
103.972
103.957
103.94
103.921
103.9
103.877
103.853
103.828
103.8
103.771
103.741
103.709
103.675
103.64
103.604
103.566
103.527
103.487
103.445
103.402
103.358
103.312
103.266
103.218
103.17
103.12
103.07
103.019
102.967
102.914
102.86
102.806
102.751
102.696
102.64
102.583
102.527
102.469
102.411
102.354
102.296
102.238
102.179
102.121
102.063
102.004
101.946
101.888
101.83
101.773
101.716
101.659
101.603
101.547
101.492
101.438
101.384
101.331
101.279
101.227
101.177
101.127
101.079
101.031
100.985
100.939
100.895
100.852
100.811
100.77
100.731
100.693
100.657
100.623
100.589
100.558
100.528
100.499
100.473
100.448
100.425
100.403
100.383
100.365
100.349
100.335
100.323
100.312
100.303
100.297
100.292
100.289
100.288
100.289
100.292
100.297
100.303
100.312
100.323
100.335
100.349
100.365
100.383
100.403
100.425
100.448
100.473
100.499
100.528
100.558
100.589
100.623
100.657
100.693
100.731
100.77
100.811
100.852
100.895
100.939
100.985
101.031
101.079
101.127
101.177
101.227
101.279
101.331
101.384
101.438
101.492
101.547
101.603
101.659
101.716
101.773
101.83
101.888
101.946
102.004
102.063
102.121
102.179
102.238
102.296
102.354
102.411
102.469
102.527
102.583
102.64
102.696
102.751
102.806
102.86
102.914
102.967
103.019
103.07
103.12
103.17
103.218
103.266
103.312
103.358
103.402
103.445
103.487
103.527
103.566
103.604
103.64
103.675
103.709
103.741
103.771
103.8
103.828
103.853
103.877
103.9
103.921
103.94
103.957
103.972
103.986
103.998
104.008
104.016
104.022
104.027
104.03
104.031
102.9
102.899
102.896
102.892
102.885
102.876
102.865
102.852
102.837
102.821
102.802
102.782
102.76
102.735
102.71
102.682
102.652
102.621
102.588
102.554
102.518
102.48
102.441
102.4
102.358
102.314
102.269
102.223
102.176
102.127
102.077
102.026
101.974
101.92
101.866
101.811
101.755
101.698
101.641
101.582
101.523
101.464
101.403
101.342
101.281
101.219
101.158
101.095
101.033
100.97
100.907
100.845
100.782
100.719
100.657
100.594
100.532
100.47
100.408
100.348
100.287
100.227
100.169
100.109
100.052
99.9944
99.9383
99.883
99.8284
99.7752
99.7229
99.6718
99.6215
99.5726
99.5251
99.479
99.4339
99.3904
99.3485
99.3081
99.2688
99.2317
99.1961
99.1619
99.1296
99.0993
99.0702
99.0437
99.0184
98.9953
98.974
98.9547
98.9373
98.922
98.9086
98.8973
98.888
98.8808
98.8757
98.8726
98.8715
98.8726
98.8757
98.8808
98.888
98.8973
98.9086
98.922
98.9373
98.9547
98.974
98.9953
99.0184
99.0437
99.0702
99.0993
99.1296
99.1619
99.1961
99.2317
99.2688
99.3081
99.3485
99.3904
99.4339
99.479
99.5251
99.5726
99.6215
99.6718
99.7229
99.7752
99.8284
99.883
99.9383
99.9944
100.052
100.109
100.169
100.227
100.287
100.348
100.408
100.47
100.532
100.594
100.657
100.719
100.782
100.845
100.907
100.97
101.033
101.095
101.158
101.219
101.281
101.342
101.403
101.464
101.523
101.582
101.641
101.698
101.755
101.811
101.866
101.92
101.974
102.026
102.077
102.127
102.176
102.223
102.269
102.314
102.358
102.4
102.441
102.48
102.518
102.554
102.588
102.621
102.652
102.682
102.71
102.735
102.76
102.782
102.802
102.821
102.837
102.852
102.865
102.876
102.885
102.892
102.896
102.899
102.9
101.773
101.772
101.769
101.764
101.756
101.747
101.735
101.721
101.705
101.687
101.667
101.645
101.621
101.596
101.568
101.538
101.506
101.473
101.438
101.401
101.362
101.322
101.28
101.236
101.191
101.144
101.096
101.047
100.996
100.944
100.89
100.835
100.779
100.722
100.664
100.605
100.545
100.484
100.422
100.359
100.296
100.232
100.168
100.103
100.037
99.9707
99.9044
99.8374
99.7705
99.703
99.636
99.5689
99.5013
99.4344
99.3668
99.2999
99.2337
99.1671
99.1017
99.0361
98.9707
98.9072
98.843
98.7807
98.7184
98.657
98.5968
98.5376
98.4794
98.4219
98.3657
98.3107
98.2573
98.2047
98.1535
98.1038
98.056
98.0092
97.964
97.9206
97.8791
97.8387
97.8005
97.7642
97.7294
97.6966
97.6661
97.6369
97.6103
97.5852
97.5625
97.5418
97.5232
97.5067
97.4924
97.4803
97.4703
97.4626
97.457
97.4537
97.4526
97.4537
97.457
97.4626
97.4703
97.4803
97.4924
97.5067
97.5232
97.5418
97.5625
97.5852
97.6103
97.6369
97.6661
97.6966
97.7294
97.7642
97.8005
97.8387
97.8791
97.9206
97.964
98.0092
98.056
98.1038
98.1535
98.2047
98.2573
98.3107
98.3657
98.4219
98.4794
98.5376
98.5968
98.657
98.7184
98.7807
98.843
98.9072
98.9707
99.0361
99.1017
99.1671
99.2337
99.2999
99.3668
99.4344
99.5013
99.5689
99.636
99.703
99.7705
99.8374
99.9044
99.9707
100.037
100.103
100.168
100.232
100.296
100.359
100.422
100.484
100.545
100.605
100.664
100.722
100.779
100.835
100.89
100.944
100.996
101.047
101.096
101.144
101.191
101.236
101.28
101.322
101.362
101.401
101.438
101.473
101.506
101.538
101.568
101.596
101.621
101.645
101.667
101.687
101.705
101.721
101.735
101.747
101.756
101.764
101.769
101.772
101.773
100.647
100.646
100.643
100.637
100.629
100.619
100.606
100.592
100.575
100.556
100.534
100.511
100.485
100.458
100.428
100.396
100.362
100.327
100.289
100.25
100.208
100.165
100.12
100.074
100.026
99.9757
99.9244
99.8713
99.8171
99.7611
99.704
99.6455
99.5858
99.5249
99.4627
99.3998
99.3354
99.2705
99.2044
99.1375
99.0701
99.0014
98.9326
98.863
98.7927
98.7222
98.651
98.5801
98.5085
98.4367
98.365
98.2926
98.2211
98.1493
98.0775
98.0065
97.9347
97.8641
97.794
97.7238
97.6553
97.5858
97.5182
97.4509
97.3848
97.3197
97.255
97.1915
97.1291
97.0682
97.0082
96.9493
96.8917
96.836
96.7814
96.7283
96.6766
96.627
96.5789
96.5324
96.4876
96.4452
96.4041
96.3651
96.3282
96.2933
96.2601
96.2297
96.2007
96.1743
96.1499
96.1278
96.1079
96.0903
96.075
96.0621
96.0515
96.0432
96.0373
96.0337
96.0325
96.0337
96.0373
96.0432
96.0515
96.0621
96.075
96.0903
96.1079
96.1278
96.1499
96.1743
96.2007
96.2297
96.2601
96.2933
96.3282
96.3651
96.4041
96.4452
96.4876
96.5324
96.5789
96.627
96.6766
96.7283
96.7814
96.836
96.8917
96.9493
97.0082
97.0682
97.1291
97.1915
97.255
97.3197
97.3848
97.4509
97.5182
97.5858
97.6553
97.7238
97.794
97.8641
97.9347
98.0065
98.0775
98.1493
98.2211
98.2926
98.365
98.4367
98.5085
98.5801
98.651
98.7222
98.7927
98.863
98.9326
99.0014
99.0701
99.1375
99.2044
99.2705
99.3354
99.3998
99.4627
99.5249
99.5858
99.6455
99.704
99.7611
99.8171
99.8713
99.9244
99.9757
100.026
100.074
100.12
100.165
100.208
100.25
100.289
100.327
100.362
100.396
100.428
100.458
100.485
100.511
100.534
100.556
100.575
100.592
100.606
100.619
100.629
100.637
100.643
100.646
100.647
99.5232
99.5218
99.5184
99.5121
99.5039
99.4928
99.4798
99.464
99.4463
99.4258
99.4034
99.3783
99.3513
99.3218
99.2903
99.2565
99.2206
99.1826
99.1425
99.1006
99.0564
99.0107
98.9626
98.9133
98.8617
98.8088
98.7539
98.6976
98.6397
98.5801
98.5195
98.457
98.3937
98.3286
98.2627
98.1955
98.127
98.058
97.9874
97.9164
97.8443
97.7715
97.6981
97.6238
97.5496
97.4742
97.3986
97.3227
97.2463
97.1705
97.0938
97.0173
96.9408
96.8638
96.7881
96.7119
96.6363
96.5612
96.4855
96.4118
96.3375
96.265
96.1927
96.1211
96.0505
95.9808
95.9124
95.8449
95.7784
95.713
95.6492
95.5868
95.5257
95.4658
95.4077
95.3513
95.2966
95.2433
95.1921
95.1428
95.0953
95.0495
95.0062
94.9647
94.9252
94.888
94.8531
94.82
94.7898
94.7613
94.7356
94.7119
94.6908
94.6721
94.6558
94.642
94.6307
94.6219
94.6156
94.6118
94.6105
94.6118
94.6156
94.6219
94.6307
94.642
94.6558
94.6721
94.6908
94.7119
94.7356
94.7613
94.7898
94.82
94.8531
94.888
94.9252
94.9647
95.0062
95.0495
95.0953
95.1428
95.1921
95.2433
95.2966
95.3513
95.4077
95.4658
95.5257
95.5868
95.6492
95.713
95.7784
95.8449
95.9124
95.9808
96.0505
96.1211
96.1927
96.265
96.3375
96.4118
96.4855
96.5612
96.6363
96.7119
96.7881
96.8638
96.9408
97.0173
97.0938
97.1705
97.2463
97.3227
97.3986
97.4742
97.5496
97.6238
97.6981
97.7715
97.8443
97.9164
97.9874
98.058
98.127
98.1955
98.2627
98.3286
98.3937
98.457
98.5195
98.5801
98.6397
98.6976
98.7539
98.8088
98.8617
98.9133
98.9626
99.0107
99.0564
99.1006
99.1425
99.1826
99.2206
99.2565
99.2903
99.3218
99.3513
99.3783
99.4034
99.4258
99.4463
99.464
99.4798
99.4928
99.5039
99.5121
99.5184
99.5218
99.5232
98.4031
98.4018
98.3979
98.3915
98.3825
98.3709
98.3569
98.3402
98.3212
98.2995
98.2756
98.249
98.2203
98.1888
98.1556
98.1194
98.0816
98.041
97.9986
97.9538
97.9072
97.8584
97.8075
97.755
97.7003
97.6441
97.5858
97.5262
97.4645
97.4016
97.3369
97.2708
97.2033
97.1343
97.0644
96.9928
96.9204
96.8466
96.7721
96.6965
96.6198
96.5429
96.4646
96.386
96.3067
96.2269
96.1472
96.0662
95.9855
95.9041
95.8228
95.742
95.6604
95.5796
95.4984
95.4173
95.3373
95.2567
95.178
95.0986
95.0204
94.9427
94.8659
94.7903
94.7153
94.6413
94.5681
94.4964
94.4259
94.3568
94.2886
94.2221
94.1572
94.094
94.0321
93.972
93.9138
93.8576
93.803
93.7504
93.7
93.6518
93.6052
93.5613
93.5195
93.4799
93.4426
93.408
93.3752
93.3455
93.3178
93.2929
93.2704
93.2505
93.2332
93.2186
93.2066
93.1972
93.1905
93.1865
93.1852
93.1865
93.1905
93.1972
93.2066
93.2186
93.2332
93.2505
93.2704
93.2929
93.3178
93.3455
93.3752
93.408
93.4426
93.4799
93.5195
93.5613
93.6052
93.6518
93.7
93.7504
93.803
93.8576
93.9138
93.972
94.0321
94.094
94.1572
94.2221
94.2886
94.3568
94.4259
94.4964
94.5681
94.6413
94.7153
94.7903
94.8659
94.9427
95.0204
95.0986
95.178
95.2567
95.3373
95.4173
95.4984
95.5796
95.6604
95.742
95.8228
95.9041
95.9855
96.0662
96.1472
96.2269
96.3067
96.386
96.4646
96.5429
96.6198
96.6965
96.7721
96.8466
96.9204
96.9928
97.0644
97.1343
97.2033
97.2708
97.3369
97.4016
97.4645
97.5262
97.5858
97.6441
97.7003
97.755
97.8075
97.8584
97.9072
97.9538
97.9986
98.041
98.0816
98.1194
98.1556
98.1888
98.2203
98.249
98.2756
98.2995
98.3212
98.3402
98.3569
98.3709
98.3825
98.3915
98.3979
98.4018
98.4031
97.2851
97.2839
97.2796
97.2729
97.2632
97.2511
97.236
97.2184
97.198
97.1752
97.1496
97.1216
97.0909
97.0578
97.0222
96.9841
96.9438
96.901
96.8561
96.8087
96.7594
96.7076
96.6541
96.5981
96.5406
96.4807
96.4193
96.3558
96.2907
96.224
96.1554
96.0856
96.0138
95.9411
95.8665
95.791
95.7143
95.636
95.5574
95.477
95.3962
95.3143
95.2318
95.1487
95.0643
94.9801
94.8948
94.8097
94.7243
94.6381
94.5525
94.4658
94.3799
94.2941
94.2081
94.1232
94.0372
93.9529
93.8682
93.7849
93.7022
93.62
93.5386
93.458
93.3786
93.3002
93.2231
93.1468
93.072
92.9985
92.9268
92.8563
92.7873
92.72
92.6548
92.5912
92.5294
92.4695
92.412
92.3563
92.3027
92.2514
92.2026
92.1557
92.1114
92.0696
92.0301
91.993
91.959
91.9269
91.898
91.8713
91.8476
91.8265
91.8082
91.7926
91.7799
91.77
91.7629
91.7586
91.7572
91.7586
91.7629
91.77
91.7799
91.7926
91.8082
91.8265
91.8476
91.8713
91.898
91.9269
91.959
91.993
92.0301
92.0696
92.1114
92.1557
92.2026
92.2514
92.3027
92.3563
92.412
92.4695
92.5294
92.5912
92.6548
92.72
92.7873
92.8563
92.9268
92.9985
93.072
93.1468
93.2231
93.3002
93.3786
93.458
93.5386
93.62
93.7022
93.7849
93.8682
93.9529
94.0372
94.1232
94.2081
94.2941
94.3799
94.4658
94.5525
94.6381
94.7243
94.8097
94.8948
94.9801
95.0643
95.1487
95.2318
95.3143
95.3962
95.477
95.5574
95.636
95.7143
95.791
95.8665
95.9411
96.0138
96.0856
96.1554
96.224
96.2907
96.3558
96.4193
96.4807
96.5406
96.5981
96.6541
96.7076
96.7594
96.8087
96.8561
96.901
96.9438
96.9841
97.0222
97.0578
97.0909
97.1216
97.1496
97.1752
97.198
97.2184
97.236
97.2511
97.2632
97.2729
97.2796
97.2839
97.2851
96.1689
96.1675
96.1632
96.1559
96.1459
96.133
96.1172
96.0986
96.0772
96.0531
96.026
95.9965
95.964
95.9293
95.8914
95.8515
95.8086
95.7637
95.7159
95.6662
95.6137
95.5593
95.5025
95.4436
95.3826
95.3193
95.2545
95.1872
95.1186
95.0477
94.9755
94.9014
94.8258
94.7488
94.6701
94.5904
94.5091
94.4269
94.3432
94.2588
94.1733
94.0865
93.9995
93.9112
93.8229
93.7336
93.6436
93.5536
93.4627
93.3724
93.2814
93.1905
93.0999
93.0083
92.9182
92.8272
92.7378
92.6482
92.5593
92.4708
92.383
92.2963
92.2104
92.1255
92.0413
91.9583
91.8765
91.7963
91.7172
91.6395
91.5632
91.4889
91.4161
91.3452
91.2758
91.2086
91.1434
91.0803
91.0191
90.9603
90.9039
90.8497
90.7976
90.7485
90.7016
90.6572
90.6156
90.5767
90.5401
90.5068
90.4758
90.4479
90.4227
90.4004
90.3811
90.3646
90.3512
90.3407
90.3332
90.3287
90.3272
90.3287
90.3332
90.3407
90.3512
90.3646
90.3811
90.4004
90.4227
90.4479
90.4758
90.5068
90.5401
90.5767
90.6156
90.6572
90.7016
90.7485
90.7976
90.8497
90.9039
90.9603
91.0191
91.0803
91.1434
91.2086
91.2758
91.3452
91.4161
91.4889
91.5632
91.6395
91.7172
91.7963
91.8765
91.9583
92.0413
92.1255
92.2104
92.2963
92.383
92.4708
92.5593
92.6482
92.7378
92.8272
92.9182
93.0083
93.0999
93.1905
93.2814
93.3724
93.4627
93.5536
93.6436
93.7336
93.8229
93.9112
93.9995
94.0865
94.1733
94.2588
94.3432
94.4269
94.5091
94.5904
94.6701
94.7488
94.8258
94.9014
94.9755
95.0477
95.1186
95.1872
95.2545
95.3193
95.3826
95.4436
95.5025
95.5593
95.6137
95.6662
95.7159
95.7637
95.8086
95.8515
95.8914
95.9293
95.964
95.9965
96.026
96.0531
96.0772
96.0986
96.1172
96.133
96.1459
96.1559
96.1632
96.1675
96.1689
95.0549
95.0531
95.0489
95.041
95.0307
95.0169
95.0005
94.9808
94.9585
94.9328
94.9047
94.8733
94.8394
94.8025
94.763
94.7206
94.6756
94.628
94.5777
94.5251
94.4697
94.4124
94.3522
94.2903
94.2256
94.1592
94.0904
94.0198
93.9472
93.8726
93.7964
93.7182
93.6387
93.5572
93.4747
93.3902
93.3048
93.218
93.1296
93.0408
92.9504
92.8595
92.7672
92.6743
92.5809
92.4866
92.3925
92.2972
92.2019
92.1061
92.0099
91.9144
91.818
91.723
91.6269
91.5319
91.4367
91.3424
91.2487
91.1556
91.0633
90.9714
90.8806
90.7908
90.7023
90.6148
90.5286
90.4434
90.3601
90.2783
90.1981
90.1193
90.0425
89.9676
89.8948
89.8237
89.7548
89.6881
89.624
89.5617
89.502
89.4449
89.3903
89.338
89.2887
89.242
89.1979
89.1568
89.1186
89.0829
89.0507
89.021
88.9945
88.971
88.9506
88.9332
88.919
88.908
88.9001
88.8953
88.8937
88.8953
88.9001
88.908
88.919
88.9332
88.9506
88.971
88.9945
89.021
89.0507
89.0829
89.1186
89.1568
89.1979
89.242
89.2887
89.338
89.3903
89.4449
89.502
89.5617
89.624
89.6881
89.7548
89.8237
89.8948
89.9676
90.0425
90.1193
90.1981
90.2783
90.3601
90.4434
90.5286
90.6148
90.7023
90.7908
90.8806
90.9714
91.0633
91.1556
91.2487
91.3424
91.4367
91.5319
91.6269
91.723
91.818
91.9144
92.0099
92.1061
92.2019
92.2972
92.3925
92.4866
92.5809
92.6743
92.7672
92.8595
92.9504
93.0408
93.1296
93.218
93.3048
93.3902
93.4747
93.5572
93.6387
93.7182
93.7964
93.8726
93.9472
94.0198
94.0904
94.1592
94.2256
94.2903
94.3522
94.4124
94.4697
94.5251
94.5777
94.628
94.6756
94.7206
94.763
94.8025
94.8394
94.8733
94.9047
94.9328
94.9585
94.9808
95.0005
95.0169
95.0307
95.041
95.0489
95.0531
95.0549
93.9451
93.9436
93.9387
93.9307
93.9195
93.9051
93.8876
93.8669
93.8431
93.8162
93.7864
93.7534
93.7176
93.6786
93.637
93.5922
93.5449
93.4945
93.4418
93.3861
93.3281
93.2673
93.2043
93.1387
93.0709
93.0008
92.9284
92.8543
92.7775
92.6995
92.6188
92.5369
92.4529
92.3674
92.2804
92.1915
92.1017
92.01
91.9176
91.8233
91.7284
91.6326
91.5357
91.4384
91.3396
91.2408
91.1408
91.0407
90.9406
90.8396
90.7393
90.6376
90.537
90.4357
90.3354
90.2352
90.1354
90.036
89.9369
89.8388
89.7413
89.645
89.5493
89.4547
89.3611
89.2689
89.1781
89.0889
89.0007
88.9144
88.8297
88.7471
88.6661
88.5871
88.5101
88.4355
88.363
88.2927
88.2247
88.1595
88.0966
88.0362
87.9785
87.9239
87.8716
87.8223
87.7761
87.7327
87.6922
87.6551
87.6206
87.5897
87.5616
87.5369
87.5153
87.4971
87.4821
87.4705
87.4621
87.4571
87.4554
87.4571
87.4621
87.4705
87.4821
87.4971
87.5153
87.5369
87.5616
87.5897
87.6206
87.6551
87.6922
87.7327
87.7761
87.8223
87.8716
87.9239
87.9785
88.0362
88.0966
88.1595
88.2247
88.2927
88.363
88.4355
88.5101
88.5871
88.6661
88.7471
88.8297
88.9144
89.0007
89.0889
89.1781
89.2689
89.3611
89.4547
89.5493
89.645
89.7413
89.8388
89.9369
90.036
90.1354
90.2352
90.3354
90.4357
90.537
90.6376
90.7393
90.8396
90.9406
91.0407
91.1408
91.2408
91.3396
91.4384
91.5357
91.6326
91.7284
91.8233
91.9176
92.01
92.1017
92.1915
92.2804
92.3674
92.4529
92.5369
92.6188
92.6995
92.7775
92.8543
92.9284
93.0008
93.0709
93.1387
93.2043
93.2673
93.3281
93.3861
93.4418
93.4945
93.5449
93.5922
93.637
93.6786
93.7176
93.7534
93.7864
93.8162
93.8431
93.8669
93.8876
93.9051
93.9195
93.9307
93.9387
93.9436
93.9451
92.8381
92.8366
92.8313
92.823
92.8109
92.796
92.7772
92.7556
92.7302
92.702
92.6702
92.6357
92.5975
92.5568
92.5126
92.4657
92.4157
92.363
92.3074
92.2489
92.188
92.124
92.058
91.9888
91.9178
91.8439
91.7682
91.6899
91.6097
91.5273
91.4428
91.3566
91.2682
91.1786
91.0867
90.9938
90.8988
90.8029
90.7057
90.6069
90.5074
90.4061
90.3047
90.2017
90.0986
89.9946
89.8897
89.7848
89.6786
89.5732
89.4667
89.3612
89.2549
89.1491
89.0432
88.9377
88.8327
88.7282
88.6245
88.5211
88.4186
88.3168
88.2163
88.1169
88.0188
87.9216
87.8259
87.7317
87.6395
87.5487
87.4596
87.3723
87.2873
87.2043
87.1235
87.0446
86.9683
86.8945
86.8232
86.7542
86.6881
86.6248
86.5641
86.5062
86.4516
86.3997
86.3509
86.3053
86.2629
86.2234
86.1876
86.1547
86.1254
86.0993
86.0767
86.0575
86.0417
86.0294
86.0207
86.0154
86.0136
86.0154
86.0207
86.0294
86.0417
86.0575
86.0767
86.0993
86.1254
86.1547
86.1876
86.2234
86.2629
86.3053
86.3509
86.3997
86.4516
86.5062
86.5641
86.6248
86.6881
86.7542
86.8232
86.8945
86.9683
87.0446
87.1235
87.2043
87.2873
87.3723
87.4596
87.5487
87.6395
87.7317
87.8259
87.9216
88.0188
88.1169
88.2163
88.3168
88.4186
88.5211
88.6245
88.7282
88.8327
88.9377
89.0432
89.1491
89.2549
89.3612
89.4667
89.5732
89.6786
89.7848
89.8897
89.9946
90.0986
90.2017
90.3047
90.4061
90.5074
90.6069
90.7057
90.8029
90.8988
90.9938
91.0867
91.1786
91.2682
91.3566
91.4428
91.5273
91.6097
91.6899
91.7682
91.8439
91.9178
91.9888
92.058
92.124
92.188
92.2489
92.3074
92.363
92.4157
92.4657
92.5126
92.5568
92.5975
92.6357
92.6702
92.702
92.7302
92.7556
92.7772
92.796
92.8109
92.823
92.8313
92.8366
92.8381
91.7329
91.7311
91.7258
91.7168
91.7044
91.6884
91.6689
91.646
91.6196
91.5898
91.5565
91.5201
91.4801
91.4372
91.3908
91.3416
91.289
91.2338
91.1752
91.1141
91.0498
90.9831
90.9133
90.8413
90.7663
90.6891
90.6093
90.5272
90.4431
90.3563
90.2681
90.1772
90.085
89.9904
89.8945
89.7968
89.6974
89.5968
89.4942
89.3912
89.2863
89.1809
89.074
88.9662
88.8578
88.748
88.6388
88.528
88.4179
88.3064
88.1954
88.0838
87.9726
87.8615
87.7506
87.6401
87.5297
87.4199
87.3106
87.2023
87.0948
86.9882
86.8824
86.7779
86.6746
86.5729
86.4726
86.3738
86.2764
86.1812
86.0878
85.9964
85.9068
85.8196
85.7346
85.6522
85.5719
85.4943
85.4193
85.3472
85.2776
85.211
85.1474
85.0868
85.029
84.9747
84.9236
84.8755
84.8309
84.7898
84.7517
84.7176
84.6865
84.6593
84.6354
84.6153
84.5987
84.5859
84.5767
84.5711
84.5693
84.5711
84.5767
84.5859
84.5987
84.6153
84.6354
84.6593
84.6865
84.7176
84.7517
84.7898
84.8309
84.8755
84.9236
84.9747
85.029
85.0868
85.1474
85.211
85.2776
85.3472
85.4193
85.4943
85.5719
85.6522
85.7346
85.8196
85.9068
85.9964
86.0878
86.1812
86.2764
86.3738
86.4726
86.5729
86.6746
86.7779
86.8824
86.9882
87.0948
87.2023
87.3106
87.4199
87.5297
87.6401
87.7506
87.8615
87.9726
88.0838
88.1954
88.3064
88.4179
88.528
88.6388
88.748
88.8578
88.9662
89.074
89.1809
89.2863
89.3912
89.4942
89.5968
89.6974
89.7968
89.8945
89.9904
90.085
90.1772
90.2681
90.3563
90.4431
90.5272
90.6093
90.6891
90.7663
90.8413
90.9133
90.9831
91.0498
91.1141
91.1752
91.2338
91.289
91.3416
91.3908
91.4372
91.4801
91.5201
91.5565
91.5898
91.6196
91.646
91.6689
91.6884
91.7044
91.7168
91.7258
91.7311
91.7329
90.6313
90.6293
90.6238
90.6144
90.6015
90.5846
90.5644
90.5402
90.5128
90.4813
90.4468
90.4083
90.3668
90.3214
90.2732
90.2211
90.1664
90.1079
90.0469
89.9824
89.9152
89.845
89.7719
89.6964
89.6177
89.5369
89.453
89.3673
89.2786
89.1883
89.0953
89.0005
88.9036
88.8047
88.7042
88.6016
88.498
88.3922
88.2854
88.1767
88.067
87.9563
87.8442
87.7319
87.6177
87.5038
87.3881
87.2729
87.1565
87.0405
86.924
86.8075
86.6909
86.5742
86.4578
86.3417
86.2263
86.1112
85.9969
85.8829
85.7701
85.6581
85.5476
85.438
85.3298
85.2228
85.1175
85.014
84.9123
84.8122
84.7141
84.618
84.5245
84.433
84.3438
84.257
84.1732
84.0918
84.0131
83.9372
83.8645
83.7946
83.7277
83.6641
83.6039
83.5466
83.4929
83.4427
83.3959
83.3525
83.313
83.2767
83.2445
83.2157
83.1908
83.1697
83.1523
83.1388
83.1291
83.1233
83.1214
83.1233
83.1291
83.1388
83.1523
83.1697
83.1908
83.2157
83.2445
83.2767
83.313
83.3525
83.3959
83.4427
83.4929
83.5466
83.6039
83.6641
83.7277
83.7946
83.8645
83.9372
84.0131
84.0918
84.1732
84.257
84.3438
84.433
84.5245
84.618
84.7141
84.8122
84.9123
85.014
85.1175
85.2228
85.3298
85.438
85.5476
85.6581
85.7701
85.8829
85.9969
86.1112
86.2263
86.3417
86.4578
86.5742
86.6909
86.8075
86.924
87.0405
87.1565
87.2729
87.3881
87.5038
87.6177
87.7319
87.8442
87.9563
88.067
88.1767
88.2854
88.3922
88.498
88.6016
88.7042
88.8047
88.9036
89.0005
89.0953
89.1883
89.2786
89.3673
89.453
89.5369
89.6177
89.6964
89.7719
89.845
89.9152
89.9824
90.0469
90.1079
90.1664
90.2211
90.2732
90.3214
90.3668
90.4083
90.4468
90.4813
90.5128
90.5402
90.5644
90.5846
90.6015
90.6144
90.6238
90.6293
90.6313
89.5346
89.5329
89.5268
89.5173
89.5033
89.486
89.4644
89.4393
89.4101
89.3775
89.3409
89.3008
89.257
89.2097
89.1589
89.1045
89.0469
88.9858
88.9217
88.854
88.7837
88.7099
88.6337
88.5541
88.4722
88.3872
88.2998
88.2097
88.1173
88.0225
87.9253
87.8263
87.7246
87.6216
87.5159
87.409
87.2998
87.1895
87.0776
86.964
86.8496
86.7331
86.6164
86.4976
86.3792
86.2591
86.1392
86.0181
85.8968
85.775
85.6529
85.5308
85.4087
85.2869
85.165
85.0435
84.9221
84.8016
84.6816
84.5628
84.4445
84.3273
84.211
84.0963
83.9829
83.8712
83.7608
83.6522
83.5453
83.4407
83.3381
83.2375
83.1391
83.0433
82.95
82.8593
82.771
82.6857
82.6034
82.524
82.4474
82.3743
82.3044
82.2377
82.1742
82.1146
82.0582
82.0054
81.9564
81.9111
81.8693
81.8318
81.7976
81.7677
81.7415
81.7193
81.7011
81.687
81.6768
81.6708
81.6687
81.6708
81.6768
81.687
81.7011
81.7193
81.7415
81.7677
81.7976
81.8318
81.8693
81.9111
81.9564
82.0054
82.0582
82.1146
82.1742
82.2377
82.3044
82.3743
82.4474
82.524
82.6034
82.6857
82.771
82.8593
82.95
83.0433
83.1391
83.2375
83.3381
83.4407
83.5453
83.6522
83.7608
83.8712
83.9829
84.0963
84.211
84.3273
84.4445
84.5628
84.6816
84.8016
84.9221
85.0435
85.165
85.2869
85.4087
85.5308
85.6529
85.775
85.8968
86.0181
86.1392
86.2591
86.3792
86.4976
86.6164
86.7331
86.8496
86.964
87.0776
87.1895
87.2998
87.409
87.5159
87.6216
87.7246
87.8263
87.9253
88.0225
88.1173
88.2097
88.2998
88.3872
88.4722
88.5541
88.6337
88.7099
88.7837
88.854
88.9217
88.9858
89.0469
89.1045
89.1589
89.2097
89.257
89.3008
89.3409
89.3775
89.4101
89.4393
89.4644
89.486
89.5033
89.5173
89.5268
89.5329
89.5346
88.4437
88.4417
88.4355
88.4252
88.4107
88.3923
88.3697
88.3432
88.3126
88.2782
88.2397
88.1977
88.1516
88.1022
88.0486
87.992
87.9313
87.8677
87.8001
87.7298
87.6558
87.579
87.4988
87.416
87.33
87.2413
87.15
87.0557
86.9594
86.8599
86.7587
86.6546
86.5488
86.4405
86.3306
86.2186
86.1046
85.9892
85.8716
85.7534
85.6329
85.5123
85.3895
85.2666
85.1418
85.0169
84.8908
84.7644
84.6376
84.5104
84.3829
84.255
84.1272
83.9993
83.8719
83.7448
83.6182
83.4919
83.3664
83.2416
83.1179
82.9953
82.874
82.7538
82.635
82.5177
82.4025
82.2888
82.1772
82.0673
81.9598
81.8546
81.7519
81.6514
81.5536
81.4585
81.3664
81.277
81.1906
81.1074
81.0276
80.9508
80.8775
80.8077
80.7415
80.6787
80.6198
80.5646
80.5131
80.4656
80.4222
80.3824
80.3471
80.3154
80.2882
80.2649
80.2459
80.231
80.2204
80.214
80.2119
80.214
80.2204
80.231
80.2459
80.2649
80.2882
80.3154
80.3471
80.3824
80.4222
80.4656
80.5131
80.5646
80.6198
80.6787
80.7415
80.8077
80.8775
80.9508
81.0276
81.1074
81.1906
81.277
81.3664
81.4585
81.5536
81.6514
81.7519
81.8546
81.9598
82.0673
82.1772
82.2888
82.4025
82.5177
82.635
82.7538
82.874
82.9953
83.1179
83.2416
83.3664
83.4919
83.6182
83.7448
83.8719
83.9993
84.1272
84.255
84.3829
84.5104
84.6376
84.7644
84.8908
85.0169
85.1418
85.2666
85.3895
85.5123
85.6329
85.7534
85.8716
85.9892
86.1046
86.2186
86.3306
86.4405
86.5488
86.6546
86.7587
86.8599
86.9594
87.0557
87.15
87.2413
87.33
87.416
87.4988
87.579
87.6558
87.7298
87.8001
87.8677
87.9313
87.992
88.0486
88.1022
88.1516
88.1977
88.2397
88.2782
88.3126
88.3432
88.3697
88.3923
88.4107
88.4252
88.4355
88.4417
88.4437
87.3547
87.3523
87.3461
87.335
87.3202
87.3006
87.2773
87.2492
87.2175
87.1811
87.1412
87.0967
87.0489
86.9966
86.9411
86.8814
86.8184
86.7515
86.6813
86.6076
86.5303
86.4502
86.3663
86.2799
86.1899
86.0976
86.0017
85.9038
85.8025
85.6993
85.5929
85.4847
85.3739
85.2608
85.1459
85.0285
84.9101
84.7891
84.6674
84.543
84.4182
84.2911
84.1637
84.0347
83.9052
83.7746
83.6432
83.5111
83.3784
83.2453
83.1119
82.9787
82.8451
82.7118
82.5784
82.4454
82.3128
82.1811
82.05
81.9199
81.7904
81.6622
81.5351
81.4097
81.2857
81.1633
81.0424
80.9236
80.8068
80.6923
80.5799
80.4698
80.3621
80.2573
80.1551
80.0557
79.9591
79.8659
79.7757
79.6887
79.6049
79.5248
79.4482
79.3751
79.3057
79.2404
79.1785
79.1208
79.0671
79.0174
78.9718
78.9306
78.8932
78.8604
78.8317
78.8075
78.7875
78.772
78.7609
78.7542
78.752
78.7542
78.7609
78.772
78.7875
78.8075
78.8317
78.8604
78.8932
78.9306
78.9718
79.0174
79.0671
79.1208
79.1785
79.2404
79.3057
79.3751
79.4482
79.5248
79.6049
79.6887
79.7757
79.8659
79.9591
80.0557
80.1551
80.2573
80.3621
80.4698
80.5799
80.6923
80.8068
80.9236
81.0424
81.1633
81.2857
81.4097
81.5351
81.6622
81.7904
81.9199
82.05
82.1811
82.3128
82.4454
82.5784
82.7118
82.8451
82.9787
83.1119
83.2453
83.3784
83.5111
83.6432
83.7746
83.9052
84.0347
84.1637
84.2911
84.4182
84.543
84.6674
84.7891
84.9101
85.0285
85.1459
85.2608
85.3739
85.4847
85.5929
85.6993
85.8025
85.9038
86.0017
86.0976
86.1899
86.2799
86.3663
86.4502
86.5303
86.6076
86.6813
86.7515
86.8184
86.8814
86.9411
86.9966
87.0489
87.0967
87.1412
87.1811
87.2175
87.2492
87.2773
87.3006
87.3202
87.335
87.3461
87.3523
87.3547
86.2686
86.2665
86.2596
86.2485
86.2327
86.2126
86.188
86.159
86.1257
86.088
86.0462
86
85.9499
85.8955
85.8374
85.7751
85.7093
85.6393
85.5661
85.4889
85.4087
85.3245
85.2375
85.1466
85.0533
84.9562
84.8567
84.7539
84.6485
84.5405
84.4296
84.3166
84.2007
84.0834
83.9629
83.8414
83.7168
83.5914
83.4634
83.3349
83.2041
83.0725
82.9391
82.8048
82.6692
82.5328
82.3958
82.258
82.1198
81.9809
81.8418
81.7022
81.5628
81.4234
81.2845
81.1458
81.0076
80.8697
80.7328
80.5967
80.4619
80.3281
80.1956
80.0643
79.9347
79.8068
79.681
79.5569
79.4349
79.315
79.1977
79.0829
78.9706
78.8608
78.7541
78.6503
78.5497
78.452
78.3577
78.2669
78.1796
78.0957
78.0157
77.9394
77.867
77.7984
77.7341
77.6738
77.6175
77.5657
77.5181
77.4747
77.4361
77.4015
77.3718
77.3463
77.3255
77.3093
77.2977
77.2907
77.2884
77.2907
77.2977
77.3093
77.3255
77.3463
77.3718
77.4015
77.4361
77.4747
77.5181
77.5657
77.6175
77.6738
77.7341
77.7984
77.867
77.9394
78.0157
78.0957
78.1796
78.2669
78.3577
78.452
78.5497
78.6503
78.7541
78.8608
78.9706
79.0829
79.1977
79.315
79.4349
79.5569
79.681
79.8068
79.9347
80.0643
80.1956
80.3281
80.4619
80.5967
80.7328
80.8697
81.0076
81.1458
81.2845
81.4234
81.5628
81.7022
81.8418
81.9809
82.1198
82.258
82.3958
82.5328
82.6692
82.8048
82.9391
83.0725
83.2041
83.3349
83.4634
83.5914
83.7168
83.8414
83.9629
84.0834
84.2007
84.3166
84.4296
84.5405
84.6485
84.7539
84.8567
84.9562
85.0533
85.1466
85.2375
85.3245
85.4087
85.4889
85.5661
85.6393
85.7093
85.7751
85.8374
85.8955
85.9499
86
86.0462
86.088
86.1257
86.159
86.188
86.2126
86.2327
86.2485
86.2596
86.2665
86.2686
85.1868
85.1846
85.1774
85.1658
85.1493
85.1285
85.1027
85.0727
85.0377
84.9988
84.9548
84.9071
84.8544
84.7982
84.737
84.6725
84.6032
84.5308
84.4537
84.3736
84.2893
84.2019
84.1106
84.0162
83.9183
83.8173
83.7133
83.6061
83.4964
83.3834
83.2684
83.1499
83.0299
82.9066
82.7821
82.6546
82.526
82.3947
82.2621
82.1273
81.9913
81.8537
81.715
81.575
81.4339
81.2919
81.1487
81.005
80.8605
80.7158
80.5707
80.4256
80.2801
80.1348
79.9895
79.8448
79.7005
79.5572
79.4143
79.2725
79.1314
78.9918
78.8535
78.7169
78.5817
78.4483
78.3166
78.1873
78.06
77.9352
77.8125
77.6926
77.5753
77.4611
77.3496
77.2412
77.1359
77.0343
76.9359
76.8409
76.7497
76.6624
76.5787
76.499
76.4234
76.352
76.2846
76.2217
76.1631
76.1088
76.0591
76.0141
75.9733
75.9376
75.9062
75.8798
75.8581
75.8412
75.829
75.8218
75.8194
75.8218
75.829
75.8412
75.8581
75.8798
75.9062
75.9376
75.9733
76.0141
76.0591
76.1088
76.1631
76.2217
76.2846
76.352
76.4234
76.499
76.5787
76.6624
76.7497
76.8409
76.9359
77.0343
77.1359
77.2412
77.3496
77.4611
77.5753
77.6926
77.8125
77.9352
78.06
78.1873
78.3166
78.4483
78.5817
78.7169
78.8535
78.9918
79.1314
79.2725
79.4143
79.5572
79.7005
79.8448
79.9895
80.1348
80.2801
80.4256
80.5707
80.7158
80.8605
81.005
81.1487
81.2919
81.4339
81.575
81.715
81.8537
81.9913
82.1273
82.2621
82.3947
82.526
82.6546
82.7821
82.9066
83.0299
83.1499
83.2684
83.3834
83.4964
83.6061
83.7133
83.8173
83.9183
84.0162
84.1106
84.2019
84.2893
84.3736
84.4537
84.5308
84.6032
84.6725
84.737
84.7982
84.8544
84.9071
84.9548
84.9988
85.0377
85.0727
85.1027
85.1285
85.1493
85.1658
85.1774
85.1846
85.1868
84.1129
84.1101
84.1031
84.0905
84.0736
84.0513
84.0248
83.9928
83.9568
83.9154
83.8701
83.8196
83.7652
83.7058
83.6426
83.5745
83.5028
83.4266
83.3467
83.2626
83.1748
83.0834
82.9882
82.8898
82.7876
82.6826
82.5738
82.4627
82.3476
82.2307
82.1101
81.9879
81.8621
81.7347
81.6041
81.4721
81.3373
81.2011
81.0628
80.9229
80.7812
80.638
80.4933
80.3471
80.2001
80.0519
79.903
79.7532
79.6029
79.4518
79.3006
79.1489
78.9974
78.846
78.6949
78.5439
78.3936
78.2436
78.0948
77.9468
77.8002
77.6545
77.5103
77.3674
77.2265
77.0874
76.9504
76.8152
76.6824
76.552
76.4243
76.2992
76.1769
76.0573
75.9412
75.8282
75.7185
75.612
75.5094
75.4104
75.3153
75.2238
75.1367
75.0536
74.9746
74.8999
74.8298
74.7639
74.7027
74.6462
74.5943
74.5471
74.5049
74.4672
74.4348
74.407
74.3844
74.3667
74.3541
74.3465
74.344
74.3465
74.3541
74.3667
74.3844
74.407
74.4348
74.4672
74.5049
74.5471
74.5943
74.6462
74.7027
74.7639
74.8298
74.8999
74.9746
75.0536
75.1367
75.2238
75.3153
75.4104
75.5094
75.612
75.7185
75.8282
75.9412
76.0573
76.1769
76.2992
76.4243
76.552
76.6824
76.8152
76.9504
77.0874
77.2265
77.3674
77.5103
77.6545
77.8002
77.9468
78.0948
78.2436
78.3936
78.5439
78.6949
78.846
78.9974
79.1489
79.3006
79.4518
79.6029
79.7532
79.903
80.0519
80.2001
80.3471
80.4933
80.638
80.7812
80.9229
81.0628
81.2011
81.3373
81.4721
81.6041
81.7347
81.8621
81.9879
82.1101
82.2307
82.3476
82.4627
82.5738
82.6826
82.7876
82.8898
82.9882
83.0834
83.1748
83.2626
83.3467
83.4266
83.5028
83.5745
83.6426
83.7058
83.7652
83.8196
83.8701
83.9154
83.9568
83.9928
84.0248
84.0513
84.0736
84.0905
84.1031
84.1101
84.1129
83.044
83.0417
83.0337
83.021
83.0027
82.9798
82.9514
82.9184
82.88
82.8371
82.7891
82.7367
82.6793
82.6176
82.5512
82.4805
82.4054
82.326
82.2426
82.1548
82.0636
81.9679
81.8693
81.7662
81.6605
81.5505
81.438
81.3215
81.2029
81.0802
80.9556
80.8275
80.6974
80.5643
80.4292
80.2915
80.1517
80.0096
79.8655
79.7197
79.5721
79.4231
79.2725
79.1207
78.9674
78.8131
78.6577
78.5017
78.345
78.188
78.0304
77.8728
77.7147
77.5569
77.3992
77.2421
77.0855
76.9297
76.7744
76.6202
76.467
76.3154
76.1651
76.0166
75.8695
75.7244
75.5814
75.4407
75.3023
75.1665
75.033
74.9026
74.7751
74.6507
74.5293
74.4114
74.297
74.1863
74.079
73.9757
73.8764
73.7814
73.6902
73.6034
73.5212
73.4434
73.3699
73.3014
73.2376
73.1785
73.1244
73.0752
73.0309
72.992
72.9578
72.9291
72.9053
72.8869
72.8737
72.8658
72.8632
72.8658
72.8737
72.8869
72.9053
72.9291
72.9578
72.992
73.0309
73.0752
73.1244
73.1785
73.2376
73.3014
73.3699
73.4434
73.5212
73.6034
73.6902
73.7814
73.8764
73.9757
74.079
74.1863
74.297
74.4114
74.5293
74.6507
74.7751
74.9026
75.033
75.1665
75.3023
75.4407
75.5814
75.7244
75.8695
76.0166
76.1651
76.3154
76.467
76.6202
76.7744
76.9297
77.0855
77.2421
77.3992
77.5569
77.7147
77.8728
78.0304
78.188
78.345
78.5017
78.6577
78.8131
78.9674
79.1207
79.2725
79.4231
79.5721
79.7197
79.8655
80.0096
80.1517
80.2915
80.4292
80.5643
80.6974
80.8275
80.9556
81.0802
81.2029
81.3215
81.438
81.5505
81.6605
81.7662
81.8693
81.9679
82.0636
82.1548
82.2426
82.326
82.4054
82.4805
82.5512
82.6176
82.6793
82.7367
82.7891
82.8371
82.88
82.9184
82.9514
82.9798
83.0027
83.021
83.0337
83.0417
83.044
81.9801
81.9773
81.9692
81.9556
81.9367
81.9124
81.8829
81.8481
81.808
81.7631
81.7128
81.658
81.5978
81.5335
81.4639
81.3905
81.3118
81.2295
81.1422
81.0514
80.9558
80.857
80.7535
80.6472
80.5362
80.4228
80.305
80.1846
80.0605
79.9339
79.8038
79.6712
79.5354
79.3972
79.2563
79.1131
78.9676
78.82
78.6704
78.5187
78.3652
78.2098
78.0531
77.8948
77.7356
77.5751
77.4137
77.2513
77.0883
76.9245
76.7606
76.5963
76.4322
76.2679
76.104
75.9403
75.7772
75.6146
75.4533
75.2928
75.1336
74.9754
74.8189
74.664
74.5111
74.3601
74.2112
74.0644
73.9202
73.7787
73.64
73.504
73.3711
73.2413
73.1151
72.9922
72.8729
72.7573
72.6458
72.5382
72.4347
72.3353
72.2406
72.1501
72.0643
71.9831
71.9068
71.8352
71.7686
71.7071
71.6506
71.5993
71.5534
71.5125
71.4772
71.447
71.4224
71.4031
71.3894
71.3811
71.3784
71.3811
71.3894
71.4031
71.4224
71.447
71.4772
71.5125
71.5534
71.5993
71.6506
71.7071
71.7686
71.8352
71.9068
71.9831
72.0643
72.1501
72.2406
72.3353
72.4347
72.5382
72.6458
72.7573
72.8729
72.9922
73.1151
73.2413
73.3711
73.504
73.64
73.7787
73.9202
74.0644
74.2112
74.3601
74.5111
74.664
74.8189
74.9754
75.1336
75.2928
75.4533
75.6146
75.7772
75.9403
76.104
76.2679
76.4322
76.5963
76.7606
76.9245
77.0883
77.2513
77.4137
77.5751
77.7356
77.8948
78.0531
78.2098
78.3652
78.5187
78.6704
78.82
78.9676
79.1131
79.2563
79.3972
79.5354
79.6712
79.8038
79.9339
80.0605
80.1846
80.305
80.4228
80.5362
80.6472
80.7535
80.857
80.9558
81.0514
81.1422
81.2295
81.3118
81.3905
81.4639
81.5335
81.5978
81.658
81.7128
81.7631
81.808
81.8481
81.8829
81.9124
81.9367
81.9556
81.9692
81.9773
81.9801
80.9183
80.9153
80.907
80.8927
80.8731
80.8477
80.817
80.7805
80.739
80.6918
80.6398
80.5821
80.52
80.4522
80.3805
80.3031
80.2221
80.1355
80.0456
79.9504
79.8518
79.7483
79.6416
79.5302
79.4158
79.2971
79.1755
79.0498
78.9212
78.7891
78.6541
78.5161
78.3753
78.2317
78.0853
77.9365
77.7851
77.6315
77.4757
77.3181
77.1585
76.9974
76.8344
76.6701
76.5042
76.3373
76.1693
76.0006
75.8311
75.6612
75.4907
75.32
75.1489
74.9782
74.8076
74.6376
74.468
74.2992
74.1311
73.9641
73.7983
73.6341
73.4713
73.3103
73.1509
72.9938
72.8388
72.6864
72.5363
72.3889
72.2443
72.103
71.9647
71.8297
71.6981
71.5702
71.4461
71.3259
71.2096
71.0975
70.9898
70.8866
70.7876
70.6935
70.6042
70.5197
70.44
70.3657
70.2963
70.2321
70.1734
70.12
70.072
70.0297
69.9926
69.9614
69.9356
69.9156
69.9013
69.8927
69.8898
69.8927
69.9013
69.9156
69.9356
69.9614
69.9926
70.0297
70.072
70.12
70.1734
70.2321
70.2963
70.3657
70.44
70.5197
70.6042
70.6935
70.7876
70.8866
70.9898
71.0975
71.2096
71.3259
71.4461
71.5702
71.6981
71.8297
71.9647
72.103
72.2443
72.3889
72.5363
72.6864
72.8388
72.9938
73.1509
73.3103
73.4713
73.6341
73.7983
73.9641
74.1311
74.2992
74.468
74.6376
74.8076
74.9782
75.1489
75.32
75.4907
75.6612
75.8311
76.0006
76.1693
76.3373
76.5042
76.6701
76.8344
76.9974
77.1585
77.3181
77.4757
77.6315
77.7851
77.9365
78.0853
78.2317
78.3753
78.5161
78.6541
78.7891
78.9212
79.0498
79.1755
79.2971
79.4158
79.5302
79.6416
79.7483
79.8518
79.9504
80.0456
80.1355
80.2221
80.3031
80.3805
80.4522
80.52
80.5821
80.6398
80.6918
80.739
80.7805
80.817
80.8477
80.8731
80.8927
80.907
80.9153
80.9183
79.8607
79.8581
79.849
79.8346
79.8138
79.7878
79.7555
79.7181
79.6745
79.6259
79.5713
79.512
79.4467
79.377
79.3014
79.2219
79.1366
79.0476
78.9531
78.855
78.7518
78.6449
78.5334
78.4183
78.2988
78.1759
78.0491
77.919
77.7853
77.6482
77.5078
77.3643
77.2178
77.0684
76.9165
76.7618
76.6048
76.4453
76.2836
76.1196
75.9539
75.7861
75.6169
75.446
75.2741
75.1007
74.9263
74.7509
74.5747
74.3979
74.2208
74.0434
73.8661
73.6886
73.5114
73.3344
73.1581
72.9826
72.8081
72.6346
72.4623
72.2913
72.1221
71.9545
71.7892
71.6257
71.4646
71.3058
71.1498
70.9966
70.8464
70.6991
70.5553
70.4148
70.2782
70.145
70.0158
69.8906
69.7699
69.6532
69.541
69.4335
69.3308
69.2327
69.1397
69.0518
68.969
68.8914
68.8193
68.7526
68.6913
68.6358
68.5859
68.5416
68.5033
68.4706
68.4439
68.4231
68.4082
68.3992
68.3962
68.3992
68.4082
68.4231
68.4439
68.4706
68.5033
68.5416
68.5859
68.6358
68.6913
68.7526
68.8193
68.8914
68.969
69.0518
69.1397
69.2327
69.3308
69.4335
69.541
69.6532
69.7699
69.8906
70.0158
70.145
70.2782
70.4148
70.5553
70.6991
70.8464
70.9966
71.1498
71.3058
71.4646
71.6257
71.7892
71.9545
72.1221
72.2913
72.4623
72.6346
72.8081
72.9826
73.1581
73.3344
73.5114
73.6886
73.8661
74.0434
74.2208
74.3979
74.5747
74.7509
74.9263
75.1007
75.2741
75.446
75.6169
75.7861
75.9539
76.1196
76.2836
76.4453
76.6048
76.7618
76.9165
77.0684
77.2178
77.3643
77.5078
77.6482
77.7853
77.919
78.0491
78.1759
78.2988
78.4183
78.5334
78.6449
78.7518
78.855
78.9531
79.0476
79.1366
79.2219
79.3014
79.377
79.4467
79.512
79.5713
79.6259
79.6745
79.7181
79.7555
79.7878
79.8138
79.8346
79.849
79.8581
79.8607
78.8101
78.8068
78.7979
78.7824
78.7614
78.7338
78.7008
78.6615
78.6167
78.5657
78.5095
78.4474
78.3801
78.3071
78.2292
78.1458
78.0579
77.9645
77.867
77.7644
77.6576
77.5462
77.4306
77.3108
77.187
77.0591
76.9273
76.7919
76.6529
76.5106
76.3648
76.216
76.0639
75.9089
75.7508
75.5902
75.4268
75.2613
75.0932
74.9233
74.7511
74.5773
74.4014
74.2241
74.0451
73.8651
73.6839
73.502
73.3191
73.1357
72.9516
72.7674
72.5828
72.3986
72.2145
72.0309
71.8478
71.6654
71.4838
71.3035
71.1245
70.9471
70.7711
70.597
70.4248
70.255
70.0875
69.9227
69.7604
69.601
69.4447
69.2918
69.1422
68.9961
68.8537
68.7154
68.5811
68.4509
68.325
68.2038
68.0871
67.9753
67.8682
67.7663
67.6695
67.578
67.4918
67.4112
67.336
67.2666
67.203
67.1451
67.0931
67.0472
67.0071
66.9733
66.9454
66.9238
66.9082
66.8989
66.8958
66.8989
66.9082
66.9238
66.9454
66.9733
67.0071
67.0472
67.0931
67.1451
67.203
67.2666
67.336
67.4112
67.4918
67.578
67.6695
67.7663
67.8682
67.9753
68.0871
68.2038
68.325
68.4509
68.5811
68.7154
68.8537
68.9961
69.1422
69.2918
69.4447
69.601
69.7604
69.9227
70.0875
70.255
70.4248
70.597
70.7711
70.9471
71.1245
71.3035
71.4838
71.6654
71.8478
72.0309
72.2145
72.3986
72.5828
72.7674
72.9516
73.1357
73.3191
73.502
73.6839
73.8651
74.0451
74.2241
74.4014
74.5773
74.7511
74.9233
75.0932
75.2613
75.4268
75.5902
75.7508
75.9089
76.0639
76.216
76.3648
76.5106
76.6529
76.7919
76.9273
77.0591
77.187
77.3108
77.4306
77.5462
77.6576
77.7644
77.867
77.9645
78.0579
78.1458
78.2292
78.3071
78.3801
78.4474
78.5095
78.5657
78.6167
78.6615
78.7008
78.7338
78.7614
78.7824
78.7979
78.8068
78.8101
77.7667
77.7638
77.754
77.7383
77.7159
77.6877
77.6529
77.6123
77.5654
77.5127
77.454
77.3896
77.3194
77.2438
77.1626
77.0761
76.9844
76.8877
76.7859
76.6795
76.5682
76.4526
76.3324
76.2078
76.0792
75.9463
75.8097
75.6691
75.5248
75.3768
75.2255
75.0706
74.9128
74.7517
74.588
74.4213
74.2521
74.08
73.9057
73.729
73.5503
73.3696
73.1873
73.0033
72.8179
72.631
72.443
72.2538
72.0639
71.8733
71.6825
71.4912
71.2998
71.1083
70.9171
70.7262
70.5361
70.3466
70.1583
69.9709
69.7849
69.6002
69.4175
69.2366
69.0579
68.8812
68.7071
68.5355
68.367
68.2013
68.0389
67.8796
67.724
67.5722
67.4243
67.2802
67.1404
67.0051
66.8743
66.748
66.6266
66.5102
66.399
66.2928
66.1921
66.0969
66.0073
65.9232
65.8452
65.7729
65.7065
65.6464
65.5923
65.5443
65.5029
65.4674
65.4386
65.4159
65.3998
65.3901
65.3869
65.3901
65.3998
65.4159
65.4386
65.4674
65.5029
65.5443
65.5923
65.6464
65.7065
65.7729
65.8452
65.9232
66.0073
66.0969
66.1921
66.2928
66.399
66.5102
66.6266
66.748
66.8743
67.0051
67.1404
67.2802
67.4243
67.5722
67.724
67.8796
68.0389
68.2013
68.367
68.5355
68.7071
68.8812
69.0579
69.2366
69.4175
69.6002
69.7849
69.9709
70.1583
70.3466
70.5361
70.7262
70.9171
71.1083
71.2998
71.4912
71.6825
71.8733
72.0639
72.2538
72.443
72.631
72.8179
73.0033
73.1873
73.3696
73.5503
73.729
73.9057
74.08
74.2521
74.4213
74.588
74.7517
74.9128
75.0706
75.2255
75.3768
75.5248
75.6691
75.8097
75.9463
76.0792
76.2078
76.3324
76.4526
76.5682
76.6795
76.7859
76.8877
76.9844
77.0761
77.1626
77.2438
77.3194
77.3896
77.454
77.5127
77.5654
77.6123
77.6529
77.6877
77.7159
77.7383
77.754
77.7638
77.7667
76.7323
76.7288
76.719
76.7022
76.6792
76.6493
76.6132
76.5706
76.5218
76.4667
76.4056
76.3385
76.2654
76.1867
76.1022
76.0123
75.9169
75.8163
75.7105
75.5998
75.4842
75.3639
75.2391
75.1098
74.9759
74.8381
74.6959
74.55
74.4002
74.2469
74.0898
73.9294
73.7654
73.5984
73.4282
73.2553
73.0794
72.9012
72.7204
72.5374
72.352
72.1647
71.9753
71.7843
71.5917
71.3979
71.2028
71.0068
70.8097
70.6121
70.4136
70.2151
70.0162
69.8176
69.6191
69.4211
69.2235
69.0267
68.8308
68.6363
68.4431
68.2515
68.0615
67.8735
67.6875
67.5041
67.3232
67.145
66.9695
66.7972
66.6283
66.463
66.3011
66.1431
65.9891
65.8395
65.6941
65.5532
65.417
65.2858
65.1595
65.0384
64.9225
64.8122
64.7073
64.6082
64.5149
64.4276
64.3461
64.2709
64.202
64.1392
64.0829
64.0332
63.9897
63.9531
63.9229
63.8994
63.8826
63.8725
63.8692
63.8725
63.8826
63.8994
63.9229
63.9531
63.9897
64.0332
64.0829
64.1392
64.202
64.2709
64.3461
64.4276
64.5149
64.6082
64.7073
64.8122
64.9225
65.0384
65.1595
65.2858
65.417
65.5532
65.6941
65.8395
65.9891
66.1431
66.3011
66.463
66.6283
66.7972
66.9695
67.145
67.3232
67.5041
67.6875
67.8735
68.0615
68.2515
68.4431
68.6363
68.8308
69.0267
69.2235
69.4211
69.6191
69.8176
70.0162
70.2151
70.4136
70.6121
70.8097
71.0068
71.2028
71.3979
71.5917
71.7843
71.9753
72.1647
72.352
72.5374
72.7204
72.9012
73.0794
73.2553
73.4282
73.5984
73.7654
73.9294
74.0898
74.2469
74.4002
74.55
74.6959
74.8381
74.9759
75.1098
75.2391
75.3639
75.4842
75.5998
75.7105
75.8163
75.9169
76.0123
76.1022
76.1867
76.2654
76.3385
76.4056
76.4667
76.5218
76.5706
76.6132
76.6493
76.6792
76.7022
76.719
76.7288
76.7323
75.7054
75.702
75.6914
75.6741
75.6497
75.6186
75.5806
75.5361
75.485
75.4274
75.3636
75.2934
75.2174
75.1351
75.0474
74.9535
74.8545
74.7497
74.6398
74.5246
74.4045
74.2794
74.1498
74.0154
73.8768
73.7336
73.5864
73.4347
73.2793
73.12
72.9571
72.7905
72.6208
72.4475
72.2714
72.092
71.9099
71.7248
71.5373
71.3473
71.1552
70.9608
70.7647
70.5667
70.3672
70.166
69.9636
69.76
69.5557
69.3505
69.1449
68.9389
68.7327
68.5263
68.3202
68.1145
67.9095
67.7052
67.5021
67.2998
67.0991
66.8999
66.7027
66.5074
66.3144
66.1236
65.9355
65.7502
65.5681
65.389
65.2134
65.0412
64.873
64.7088
64.5488
64.3929
64.2417
64.0953
63.9537
63.817
63.6856
63.5596
63.4392
63.3242
63.2151
63.112
63.0149
62.9239
62.8393
62.761
62.6891
62.6239
62.5653
62.5134
62.4684
62.43
62.3987
62.3742
62.3568
62.3462
62.3428
62.3462
62.3568
62.3742
62.3987
62.43
62.4684
62.5134
62.5653
62.6239
62.6891
62.761
62.8393
62.9239
63.0149
63.112
63.2151
63.3242
63.4392
63.5596
63.6856
63.817
63.9537
64.0953
64.2417
64.3929
64.5488
64.7088
64.873
65.0412
65.2134
65.389
65.5681
65.7502
65.9355
66.1236
66.3144
66.5074
66.7027
66.8999
67.0991
67.2998
67.5021
67.7052
67.9095
68.1145
68.3202
68.5263
68.7327
68.9389
69.1449
69.3505
69.5557
69.76
69.9636
70.166
70.3672
70.5667
70.7647
70.9608
71.1552
71.3473
71.5373
71.7248
71.9099
72.092
72.2714
72.4475
72.6208
72.7905
72.9571
73.12
73.2793
73.4347
73.5864
73.7336
73.8768
74.0154
74.1498
74.2794
74.4045
74.5246
74.6398
74.7497
74.8545
74.9535
75.0474
75.1351
75.2174
75.2934
75.3636
75.4274
75.485
75.5361
75.5806
75.6186
75.6497
75.6741
75.6914
75.702
75.7054
74.6876
74.6839
74.6729
74.6546
74.6291
74.5963
74.5566
74.5098
74.4562
74.396
74.3291
74.256
74.1764
74.0908
73.999
73.9017
73.7982
73.6896
73.575
73.4556
73.3307
73.2009
73.0661
72.9266
72.7824
72.634
72.4811
72.3242
72.163
71.998
71.8291
71.6566
71.4803
71.3009
71.118
70.9322
70.7433
70.5518
70.3575
70.1608
69.9616
69.7602
69.5566
69.3514
69.1443
68.936
68.7262
68.5153
68.3033
68.0905
67.877
67.6633
67.4493
67.2354
67.0216
66.8082
66.5952
66.3832
66.1721
65.9624
65.754
65.5473
65.3422
65.1394
64.9387
64.7407
64.5453
64.3528
64.1633
63.9772
63.7947
63.6159
63.4409
63.2701
63.1036
62.9418
62.7845
62.6321
62.4847
62.3428
62.2061
62.0749
61.9495
61.8301
61.7165
61.6091
61.5081
61.4135
61.3253
61.2439
61.1692
61.1012
61.0402
60.9863
60.9392
60.8995
60.8668
60.8414
60.8231
60.8122
60.8086
60.8122
60.8231
60.8414
60.8668
60.8995
60.9392
60.9863
61.0402
61.1012
61.1692
61.2439
61.3253
61.4135
61.5081
61.6091
61.7165
61.8301
61.9495
62.0749
62.2061
62.3428
62.4847
62.6321
62.7845
62.9418
63.1036
63.2701
63.4409
63.6159
63.7947
63.9772
64.1633
64.3528
64.5453
64.7407
64.9387
65.1394
65.3422
65.5473
65.754
65.9624
66.1721
66.3832
66.5952
66.8082
67.0216
67.2354
67.4493
67.6633
67.877
68.0905
68.3033
68.5153
68.7262
68.936
69.1443
69.3514
69.5566
69.7602
69.9616
70.1608
70.3575
70.5518
70.7433
70.9322
71.118
71.3009
71.4803
71.6566
71.8291
71.998
72.163
72.3242
72.4811
72.634
72.7824
72.9266
73.0661
73.2009
73.3307
73.4556
73.575
73.6896
73.7982
73.9017
73.999
74.0908
74.1764
74.256
74.3291
74.396
74.4562
74.5098
74.5566
74.5963
74.6291
74.6546
74.6729
74.6839
74.6876
73.6766
73.6728
73.6612
73.6419
73.6151
73.5807
73.5389
73.4899
73.4338
73.3706
73.3007
73.224
73.1411
73.0515
72.9561
72.8544
72.7471
72.6336
72.515
72.3904
72.261
72.126
71.9864
71.8417
71.6924
71.5383
71.3799
71.2169
71.0499
70.8787
70.7038
70.525
70.3428
70.1568
69.9677
69.7751
69.5795
69.3809
69.1796
68.9757
68.7694
68.5608
68.3503
68.1375
67.9232
67.707
67.4896
67.2708
67.0512
66.8306
66.6095
66.3879
66.166
65.9439
65.7222
65.5007
65.28
65.06
64.8411
64.6232
64.4069
64.1922
63.9796
63.7689
63.5607
63.3548
63.1519
62.9519
62.7552
62.5618
62.3721
62.1862
62.0045
61.8271
61.654
61.4856
61.3222
61.1638
61.0106
60.8628
60.7207
60.5844
60.454
60.3295
60.2116
60.0999
59.9948
59.8962
59.8047
59.7198
59.6421
59.5714
59.508
59.4517
59.403
59.3614
59.3276
59.301
59.2821
59.2707
59.2669
59.2707
59.2821
59.301
59.3276
59.3614
59.403
59.4517
59.508
59.5714
59.6421
59.7198
59.8047
59.8962
59.9948
60.0999
60.2116
60.3295
60.454
60.5844
60.7207
60.8628
61.0106
61.1638
61.3222
61.4856
61.654
61.8271
62.0045
62.1862
62.3721
62.5618
62.7552
62.9519
63.1519
63.3548
63.5607
63.7689
63.9796
64.1922
64.4069
64.6232
64.8411
65.06
65.28
65.5007
65.7222
65.9439
66.166
66.3879
66.6095
66.8306
67.0512
67.2708
67.4896
67.707
67.9232
68.1375
68.3503
68.5608
68.7694
68.9757
69.1796
69.3809
69.5795
69.7751
69.9677
70.1568
70.3428
70.525
70.7038
70.8787
71.0499
71.2169
71.3799
71.5383
71.6924
71.8417
71.9864
72.126
72.261
72.3904
72.515
72.6336
72.7471
72.8544
72.9561
73.0515
73.1411
73.224
73.3007
73.3706
73.4338
73.4899
73.5389
73.5807
73.6151
73.6419
73.6612
73.6728
73.6766
72.6732
72.6691
72.657
72.6367
72.6085
72.5724
72.5285
72.4771
72.4182
72.3521
72.2788
72.1988
72.1119
72.0187
71.9189
71.8132
71.7011
71.5836
71.4599
71.331
71.1962
71.0564
70.9112
70.7612
70.6062
70.4467
70.2825
70.114
69.9409
69.7639
69.5826
69.3975
69.2085
69.0161
68.82
68.6208
68.4183
68.213
68.0046
67.7936
67.5799
67.3639
67.1456
66.9254
66.7033
66.4797
66.2544
66.028
65.8002
65.5717
65.3424
65.1127
64.8827
64.6528
64.4228
64.1933
63.9642
63.736
63.5088
63.283
63.0586
62.8359
62.615
62.3964
62.1802
61.9667
61.756
61.5483
61.3439
61.1432
60.9462
60.7532
60.5642
60.3798
60.2
60.0252
59.8552
59.6906
59.5313
59.3779
59.23
59.0883
58.9527
58.8235
58.7006
58.5845
58.4752
58.3729
58.2774
58.1893
58.1084
58.0349
57.9689
57.9105
57.8596
57.8166
57.7812
57.7537
57.7339
57.7221
57.7182
57.7221
57.7339
57.7537
57.7812
57.8166
57.8596
57.9105
57.9689
58.0349
58.1084
58.1893
58.2774
58.3729
58.4752
58.5845
58.7006
58.8235
58.9527
59.0883
59.23
59.3779
59.5313
59.6906
59.8552
60.0252
60.2
60.3798
60.5642
60.7532
60.9462
61.1432
61.3439
61.5483
61.756
61.9667
62.1802
62.3964
62.615
62.8359
63.0586
63.283
63.5088
63.736
63.9642
64.1933
64.4228
64.6528
64.8827
65.1127
65.3424
65.5717
65.8002
66.028
66.2544
66.4797
66.7033
66.9254
67.1456
67.3639
67.5799
67.7936
68.0046
68.213
68.4183
68.6208
68.82
69.0161
69.2085
69.3975
69.5826
69.7639
69.9409
70.114
70.2825
70.4467
70.6062
70.7612
70.9112
71.0564
71.1962
71.331
71.4599
71.5836
71.7011
71.8132
71.9189
72.0187
72.1119
72.1988
72.2788
72.3521
72.4182
72.4771
72.5285
72.5724
72.6085
72.6367
72.657
72.6691
72.6732
71.6771
71.6728
71.66
71.6386
71.609
71.571
71.525
71.4709
71.4092
71.3399
71.2633
71.1795
71.0889
70.9914
70.8875
70.7771
70.6608
70.5381
70.4099
70.2757
70.1363
69.9911
69.8409
69.6852
69.5247
69.3593
69.1892
69.0145
68.8355
68.652
68.4646
68.2731
68.0778
67.8785
67.6759
67.4696
67.2601
67.0474
66.8318
66.6133
66.3924
66.1689
65.9432
65.7151
65.4853
65.2535
65.0203
64.7857
64.5501
64.3134
64.0761
63.838
63.5997
63.3612
63.123
62.8851
62.6478
62.4112
62.1757
61.9414
61.7087
61.4776
61.2487
61.0219
60.7976
60.5758
60.3572
60.1417
59.9297
59.7211
59.5166
59.3161
59.1201
58.9285
58.7418
58.56
58.3836
58.2125
58.0471
57.8874
57.734
57.5867
57.4457
57.3113
57.1838
57.0631
56.9494
56.8429
56.7439
56.6522
56.5681
56.4917
56.423
56.3622
56.3095
56.2645
56.2279
56.1992
56.1787
56.1664
56.1623
56.1664
56.1787
56.1992
56.2279
56.2645
56.3095
56.3622
56.423
56.4917
56.5681
56.6522
56.7439
56.8429
56.9494
57.0631
57.1838
57.3113
57.4457
57.5867
57.734
57.8874
58.0471
58.2125
58.3836
58.56
58.7418
58.9285
59.1201
59.3161
59.5166
59.7211
59.9297
60.1417
60.3572
60.5758
60.7976
61.0219
61.2487
61.4776
61.7087
61.9414
62.1757
62.4112
62.6478
62.8851
63.123
63.3612
63.5997
63.838
64.0761
64.3134
64.5501
64.7857
65.0203
65.2535
65.4853
65.7151
65.9432
66.1689
66.3924
66.6133
66.8318
67.0474
67.2601
67.4696
67.6759
67.8785
68.0778
68.2731
68.4646
68.652
68.8355
69.0145
69.1892
69.3593
69.5247
69.6852
69.8409
69.9911
70.1363
70.2757
70.4099
70.5381
70.6608
70.7771
70.8875
70.9914
71.0889
71.1795
71.2633
71.3399
71.4092
71.4709
71.525
71.571
71.609
71.6386
71.66
71.6728
71.6771
70.6889
70.6844
70.6709
70.6485
70.6172
70.5773
70.5289
70.4722
70.4074
70.3348
70.2546
70.167
70.0722
69.9706
69.8622
69.7474
69.6261
69.4989
69.3654
69.2264
69.0812
68.9309
68.7748
68.6138
68.4475
68.2764
68.1004
67.9198
67.7344
67.5448
67.3507
67.1525
66.9503
66.7444
66.5346
66.3215
66.1049
65.8851
65.6621
65.4362
65.2075
64.9762
64.7425
64.5068
64.2689
64.0293
63.7879
63.5452
63.3011
63.0561
62.8101
62.5638
62.317
62.0702
61.8233
61.5768
61.3308
61.0857
60.8416
60.5989
60.3576
60.1181
59.8805
59.6453
59.4127
59.1828
58.9559
58.7323
58.5121
58.2959
58.0836
57.8755
57.6719
57.4731
57.2792
57.0906
56.9072
56.7295
56.5577
56.392
56.2325
56.0794
55.933
55.7935
55.6608
55.5354
55.4173
55.3067
55.2036
55.1084
55.021
54.9415
54.8702
54.8071
54.7521
54.7056
54.6673
54.6376
54.6162
54.6035
54.5992
54.6035
54.6162
54.6376
54.6673
54.7056
54.7521
54.8071
54.8702
54.9415
55.021
55.1084
55.2036
55.3067
55.4173
55.5354
55.6608
55.7935
55.933
56.0794
56.2325
56.392
56.5577
56.7295
56.9072
57.0906
57.2792
57.4731
57.6719
57.8755
58.0836
58.2959
58.5121
58.7323
58.9559
59.1828
59.4127
59.6453
59.8805
60.1181
60.3576
60.5989
60.8416
61.0857
61.3308
61.5768
61.8233
62.0702
62.317
62.5638
62.8101
63.0561
63.3011
63.5452
63.7879
64.0293
64.2689
64.5068
64.7425
64.9762
65.2075
65.4362
65.6621
65.8851
66.1049
66.3215
66.5346
66.7444
66.9503
67.1525
67.3507
67.5448
67.7344
67.9198
68.1004
68.2764
68.4475
68.6138
68.7748
68.9309
69.0812
69.2264
69.3654
69.4989
69.6261
69.7474
69.8622
69.9706
70.0722
70.167
70.2546
70.3348
70.4074
70.4722
70.5289
70.5773
70.6172
70.6485
70.6709
70.6844
70.6889
69.7093
69.7045
69.6903
69.6666
69.6336
69.5916
69.5406
69.481
69.413
69.3369
69.2529
69.1613
69.0623
68.9562
68.8432
68.7235
68.5974
68.4649
68.3266
68.182
68.032
67.8759
67.7146
67.5475
67.3754
67.1981
67.016
66.8289
66.6374
66.4412
66.2408
66.0359
65.8271
65.6141
65.3974
65.1768
64.9529
64.7255
64.4951
64.2615
64.0252
63.7861
63.5446
63.3006
63.0546
62.8066
62.557
62.3057
62.0534
61.7998
61.5454
61.2903
61.0348
60.779
60.5235
60.2682
60.0136
59.7596
59.5067
59.255
59.005
58.7568
58.5107
58.2668
58.0255
57.7871
57.5518
57.3199
57.0917
56.8672
56.6469
56.431
56.2198
56.0134
55.8121
55.6162
55.426
55.2415
55.0631
54.8909
54.7254
54.5664
54.4143
54.2693
54.1316
54.0013
53.8786
53.7637
53.6567
53.5576
53.4668
53.3843
53.3101
53.2445
53.1875
53.139
53.0994
53.0683
53.0463
53.0329
53.0285
53.0329
53.0463
53.0683
53.0994
53.139
53.1875
53.2445
53.3101
53.3843
53.4668
53.5576
53.6567
53.7637
53.8786
54.0013
54.1316
54.2693
54.4143
54.5664
54.7254
54.8909
55.0631
55.2415
55.426
55.6162
55.8121
56.0134
56.2198
56.431
56.6469
56.8672
57.0917
57.3199
57.5518
57.7871
58.0255
58.2668
58.5107
58.7568
59.005
59.255
59.5067
59.7596
60.0136
60.2682
60.5235
60.779
61.0348
61.2903
61.5454
61.7998
62.0534
62.3057
62.557
62.8066
63.0546
63.3006
63.5446
63.7861
64.0252
64.2615
64.4951
64.7255
64.9529
65.1768
65.3974
65.6141
65.8271
66.0359
66.2408
66.4412
66.6374
66.8289
67.016
67.1981
67.3754
67.5475
67.7146
67.8759
68.032
68.182
68.3266
68.4649
68.5974
68.7235
68.8432
68.9562
69.0623
69.1613
69.2529
69.3369
69.413
69.481
69.5406
69.5916
69.6336
69.6666
69.6903
69.7045
69.7093
68.7376
68.7326
68.7175
68.6924
68.6576
68.6132
68.5595
68.4968
68.4254
68.3455
68.2575
68.1617
68.0582
67.9475
67.8298
67.7053
67.574
67.4364
67.2924
67.1426
66.9866
66.8252
66.6578
66.4853
66.3071
66.124
65.9356
65.7424
65.5442
65.3415
65.1341
64.9225
64.7065
64.4866
64.2626
64.035
63.8036
63.5688
63.3305
63.0892
62.8448
62.5977
62.348
62.096
61.8416
61.5854
61.3272
61.0674
60.8062
60.5439
60.2806
60.0168
59.7524
59.4879
59.2232
58.959
58.6951
58.4322
58.1703
57.9098
57.6507
57.3935
57.1383
56.8857
56.6356
56.3886
56.1446
55.9041
55.6673
55.4346
55.2061
54.9822
54.763
54.5489
54.3401
54.1369
53.9393
53.7479
53.5627
53.3841
53.2121
53.047
52.8892
52.7386
52.5955
52.4603
52.3329
52.2135
52.1022
51.9995
51.9051
51.8194
51.7424
51.6742
51.6148
51.5646
51.5233
51.4912
51.4682
51.4544
51.4498
51.4544
51.4682
51.4912
51.5233
51.5646
51.6148
51.6742
51.7424
51.8194
51.9051
51.9995
52.1022
52.2135
52.3329
52.4603
52.5955
52.7386
52.8892
53.047
53.2121
53.3841
53.5627
53.7479
53.9393
54.1369
54.3401
54.5489
54.763
54.9822
55.2061
55.4346
55.6673
55.9041
56.1446
56.3886
56.6356
56.8857
57.1383
57.3935
57.6507
57.9098
58.1703
58.4322
58.6951
58.959
59.2232
59.4879
59.7524
60.0168
60.2806
60.5439
60.8062
61.0674
61.3272
61.5854
61.8416
62.096
62.348
62.5977
62.8448
63.0892
63.3305
63.5688
63.8036
64.035
64.2626
64.4866
64.7065
64.9225
65.1341
65.3415
65.5442
65.7424
65.9356
66.124
66.3071
66.4853
66.6578
66.8252
66.9866
67.1426
67.2924
67.4364
67.574
67.7053
67.8298
67.9475
68.0582
68.1617
68.2575
68.3455
68.4254
68.4968
68.5595
68.6132
68.6576
68.6924
68.7175
68.7326
68.7376
67.7764
67.7711
67.755
67.7285
67.6916
67.6446
67.5879
67.5218
67.4466
67.3627
67.2704
67.17
67.0619
66.9463
66.8235
66.6938
66.5574
66.4144
66.2652
66.1097
65.9483
65.7808
65.6078
65.4289
65.2447
65.0551
64.8604
64.6606
64.456
64.2466
64.0326
63.8139
63.591
63.3637
63.1325
62.8971
62.6582
62.4156
62.1696
61.9203
61.6681
61.4127
61.1548
60.8942
60.6313
60.3663
60.0995
59.8309
59.561
59.2897
59.0175
58.7444
58.4709
58.1971
57.9234
57.6498
57.3769
57.1046
56.8334
56.5634
56.2952
56.0288
55.7646
55.5027
55.2436
54.9874
54.7347
54.4854
54.24
53.9986
53.7616
53.5294
53.3021
53.08
52.8633
52.6524
52.4476
52.2489
52.0567
51.8712
51.6928
51.5215
51.3576
51.2012
51.0528
50.9123
50.7799
50.656
50.5406
50.4337
50.3358
50.2467
50.1667
50.0959
50.0343
49.982
49.9393
49.9058
49.882
49.8676
49.8628
49.8676
49.882
49.9058
49.9393
49.982
50.0343
50.0959
50.1667
50.2467
50.3358
50.4337
50.5406
50.656
50.7799
50.9123
51.0528
51.2012
51.3576
51.5215
51.6928
51.8712
52.0567
52.2489
52.4476
52.6524
52.8633
53.08
53.3021
53.5294
53.7616
53.9986
54.24
54.4854
54.7347
54.9874
55.2436
55.5027
55.7646
56.0288
56.2952
56.5634
56.8334
57.1046
57.3769
57.6498
57.9234
58.1971
58.4709
58.7444
59.0175
59.2897
59.561
59.8309
60.0995
60.3663
60.6313
60.8942
61.1548
61.4127
61.6681
61.9203
62.1696
62.4156
62.6582
62.8971
63.1325
63.3637
63.591
63.8139
64.0326
64.2466
64.456
64.6606
64.8604
65.0551
65.2447
65.4289
65.6078
65.7808
65.9483
66.1097
66.2652
66.4144
66.5574
66.6938
66.8235
66.9463
67.0619
67.17
67.2704
67.3627
67.4466
67.5218
67.5879
67.6446
67.6916
67.7285
67.755
67.7711
67.7764
66.8247
66.8189
66.8018
66.7735
66.7343
66.6845
66.6244
66.5545
66.4753
66.387
66.2902
66.1851
66.0721
65.9515
65.8235
65.6884
65.5465
65.3979
65.2429
65.0817
64.9143
64.7411
64.5619
64.3772
64.1867
63.991
63.7897
63.5834
63.372
63.1557
62.9345
62.7089
62.4786
62.2441
62.0054
61.7627
61.5159
61.2655
61.0115
60.7541
60.4934
60.2298
59.9633
59.6942
59.4227
59.149
58.8732
58.5956
58.3164
58.0361
57.7546
57.4724
57.1895
56.9063
56.623
56.34
56.0574
55.7758
55.495
55.2157
54.9379
54.662
54.3883
54.1171
53.8487
53.5834
53.3213
53.063
52.8086
52.5585
52.3128
52.072
51.8362
51.6059
51.3813
51.1625
50.9499
50.7438
50.5445
50.3521
50.1668
49.989
49.8189
49.6567
49.5025
49.3567
49.2194
49.0906
48.9707
48.8599
48.7582
48.6657
48.5826
48.5091
48.4451
48.3909
48.3463
48.3117
48.2869
48.272
48.267
48.272
48.2869
48.3117
48.3463
48.3909
48.4451
48.5091
48.5826
48.6657
48.7582
48.8599
48.9707
49.0906
49.2194
49.3567
49.5025
49.6567
49.8189
49.989
50.1668
50.3521
50.5445
50.7438
50.9499
51.1625
51.3813
51.6059
51.8362
52.072
52.3128
52.5585
52.8086
53.063
53.3213
53.5834
53.8487
54.1171
54.3883
54.662
54.9379
55.2157
55.495
55.7758
56.0574
56.34
56.623
56.9063
57.1895
57.4724
57.7546
58.0361
58.3164
58.5956
58.8732
59.149
59.4227
59.6942
59.9633
60.2298
60.4934
60.7541
61.0115
61.2655
61.5159
61.7627
62.0054
62.2441
62.4786
62.7089
62.9345
63.1557
63.372
63.5834
63.7897
63.991
64.1867
64.3772
64.5619
64.7411
64.9143
65.0817
65.2429
65.3979
65.5465
65.6884
65.8235
65.9515
66.0721
66.1851
66.2902
66.387
66.4753
66.5545
66.6244
66.6845
66.7343
66.7735
66.8018
66.8189
66.8247
65.8841
65.8779
65.8596
65.8293
65.7874
65.7343
65.6704
65.5964
65.5127
65.4197
65.318
65.2077
65.0894
64.9634
64.83
64.6895
64.542
64.3878
64.2271
64.0599
63.8867
63.7072
63.522
63.3307
63.134
62.9315
62.7239
62.5108
62.2927
62.0694
61.8414
61.6084
61.3709
61.1288
60.8825
60.6318
60.3773
60.1188
59.8567
59.591
59.3221
59.0498
58.7747
58.4968
58.2163
57.9335
57.6487
57.3619
57.0736
56.7838
56.4929
56.201
55.9085
55.6156
55.3228
55.03
54.7378
54.4462
54.1557
53.8665
53.579
53.2934
53.01
52.7291
52.4511
52.1762
51.9048
51.6371
51.3735
51.1142
50.8596
50.61
50.3656
50.1268
49.8938
49.6669
49.4465
49.2327
49.0258
48.8262
48.634
48.4496
48.273
48.1046
47.9447
47.7933
47.6507
47.5171
47.3927
47.2776
47.172
47.076
46.9897
46.9134
46.847
46.7906
46.7445
46.7084
46.6827
46.6672
46.662
46.6672
46.6827
46.7084
46.7445
46.7906
46.847
46.9134
46.9897
47.076
47.172
47.2776
47.3927
47.5171
47.6507
47.7933
47.9447
48.1046
48.273
48.4496
48.634
48.8262
49.0258
49.2327
49.4465
49.6669
49.8938
50.1268
50.3656
50.61
50.8596
51.1142
51.3735
51.6371
51.9048
52.1762
52.4511
52.7291
53.01
53.2934
53.579
53.8665
54.1557
54.4462
54.7378
55.03
55.3228
55.6156
55.9085
56.201
56.4929
56.7838
57.0736
57.3619
57.6487
57.9335
58.2163
58.4968
58.7747
59.0498
59.3221
59.591
59.8567
60.1188
60.3773
60.6318
60.8825
61.1288
61.3709
61.6084
61.8414
62.0694
62.2927
62.5108
62.7239
62.9315
63.134
63.3307
63.522
63.7072
63.8867
64.0599
64.2271
64.3878
64.542
64.6895
64.83
64.9634
65.0894
65.2077
65.318
65.4197
65.5127
65.5964
65.6704
65.7343
65.7874
65.8293
65.8596
65.8779
65.8841
64.9553
64.9487
64.9289
64.8962
64.8512
64.7944
64.7263
64.6477
64.559
64.4609
64.3539
64.2383
64.1145
63.983
63.8438
63.6974
63.544
63.3839
63.2171
63.044
62.8645
62.679
62.4874
62.2901
62.0867
61.8779
61.6634
61.4435
61.2183
60.988
60.7526
60.5124
60.2673
60.0178
59.7636
59.5053
59.2426
58.976
58.7054
58.4313
58.1536
57.8728
57.5888
57.302
57.0124
56.7205
56.4263
56.1301
55.8321
55.5327
55.2321
54.9305
54.6282
54.3255
54.0225
53.7197
53.4174
53.1159
52.8153
52.5161
52.2185
51.9228
51.6294
51.3386
51.0507
50.7661
50.4849
50.2076
49.9344
49.6658
49.4019
49.1432
48.8898
48.6422
48.4007
48.1654
47.9368
47.7151
47.5005
47.2935
47.0941
46.9027
46.7195
46.5449
46.3788
46.2217
46.0738
45.9351
45.8059
45.6865
45.5768
45.4772
45.3877
45.3083
45.2394
45.1809
45.1329
45.0956
45.0688
45.0528
45.0474
45.0528
45.0688
45.0956
45.1329
45.1809
45.2394
45.3083
45.3877
45.4772
45.5768
45.6865
45.8059
45.9351
46.0738
46.2217
46.3788
46.5449
46.7195
46.9027
47.0941
47.2935
47.5005
47.7151
47.9368
48.1654
48.4007
48.6422
48.8898
49.1432
49.4019
49.6658
49.9344
50.2076
50.4849
50.7661
51.0507
51.3386
51.6294
51.9228
52.2185
52.5161
52.8153
53.1159
53.4174
53.7197
54.0225
54.3255
54.6282
54.9305
55.2321
55.5327
55.8321
56.1301
56.4263
56.7205
57.0124
57.302
57.5888
57.8728
58.1536
58.4313
58.7054
58.976
59.2426
59.5053
59.7636
60.0178
60.2673
60.5124
60.7526
60.988
61.2183
61.4435
61.6634
61.8779
62.0867
62.2901
62.4874
62.679
62.8645
63.044
63.2171
63.3839
63.544
63.6974
63.8438
63.983
64.1145
64.2383
64.3539
64.4609
64.559
64.6477
64.7263
64.7944
64.8512
64.8962
64.9289
64.9487
64.9553
64.0392
64.032
64.0104
63.9749
63.9262
63.865
63.7921
63.7082
63.6142
63.5104
63.3975
63.2761
63.1464
63.009
62.864
62.7117
62.5524
62.3862
62.2134
62.034
61.8484
61.6564
61.4584
61.2543
61.0446
60.8288
60.6077
60.3808
60.1487
59.9112
59.6686
59.4208
59.1682
58.9108
58.6488
58.3822
58.1114
57.8364
57.5576
57.2748
56.9885
56.6986
56.4056
56.1095
55.8107
55.5093
55.2056
54.8997
54.5921
54.2828
53.9722
53.6605
53.3481
53.0352
52.7221
52.4091
52.0965
51.7845
51.4736
51.1639
50.8561
50.5501
50.2465
49.9454
49.6473
49.3524
49.0613
48.7741
48.4911
48.2127
47.9393
47.6712
47.4087
47.152
46.9015
46.6576
46.4206
46.1907
45.9681
45.7533
45.5466
45.348
45.158
44.9767
44.8045
44.6415
44.4879
44.344
44.21
44.086
43.9722
43.8688
43.7758
43.6935
43.622
43.5612
43.5114
43.4726
43.4449
43.4282
43.4226
43.4282
43.4449
43.4726
43.5114
43.5612
43.622
43.6935
43.7758
43.8688
43.9722
44.086
44.21
44.344
44.4879
44.6415
44.8045
44.9767
45.158
45.348
45.5466
45.7533
45.9681
46.1907
46.4206
46.6576
46.9015
47.152
47.4087
47.6712
47.9393
48.2127
48.4911
48.7741
49.0613
49.3524
49.6473
49.9454
50.2465
50.5501
50.8561
51.1639
51.4736
51.7845
52.0965
52.4091
52.7221
53.0352
53.3481
53.6605
53.9722
54.2828
54.5921
54.8997
55.2056
55.5093
55.8107
56.1095
56.4056
56.6986
56.9885
57.2748
57.5576
57.8364
58.1114
58.3822
58.6488
58.9108
59.1682
59.4208
59.6686
59.9112
60.1487
60.3808
60.6077
60.8288
61.0446
61.2543
61.4584
61.6564
61.8484
62.034
62.2134
62.3862
62.5524
62.7117
62.864
63.009
63.1464
63.2761
63.3975
63.5104
63.6142
63.7082
63.7921
63.865
63.9262
63.9749
64.0104
64.032
64.0392
63.1377
63.1297
63.1058
63.0669
63.0138
62.9475
62.869
62.7792
62.6791
62.5693
62.4503
62.3227
62.1868
62.0431
61.8918
61.7333
61.5677
61.3953
61.2161
61.0305
60.8384
60.6402
60.4356
60.2252
60.0085
59.7862
59.5579
59.3241
59.0846
58.8398
58.5896
58.3344
58.074
57.8088
57.5387
57.2641
56.9849
56.7014
56.4138
56.1222
55.8268
55.528
55.2257
54.9203
54.612
54.3009
53.9874
53.6716
53.3539
53.0345
52.7137
52.3918
52.069
51.7456
51.4219
51.0984
50.7751
50.4526
50.131
49.8108
49.4921
49.1755
48.8612
48.5496
48.241
47.9358
47.6342
47.3367
47.0436
46.7553
46.472
46.1941
45.922
45.656
45.3964
45.1436
44.8978
44.6594
44.4286
44.2059
43.9913
43.7854
43.5883
43.4003
43.2215
43.0524
42.8931
42.7437
42.6046
42.4759
42.3578
42.2504
42.154
42.0685
41.9942
41.9312
41.8795
41.8392
41.8104
41.7931
41.7873
41.7931
41.8104
41.8392
41.8795
41.9312
41.9942
42.0685
42.154
42.2504
42.3578
42.4759
42.6046
42.7437
42.8931
43.0524
43.2215
43.4003
43.5883
43.7854
43.9913
44.2059
44.4286
44.6594
44.8978
45.1436
45.3964
45.656
45.922
46.1941
46.472
46.7553
47.0436
47.3367
47.6342
47.9358
48.241
48.5496
48.8612
49.1755
49.4921
49.8108
50.131
50.4526
50.7751
51.0984
51.4219
51.7456
52.069
52.3918
52.7137
53.0345
53.3539
53.6716
53.9874
54.3009
54.612
54.9203
55.2257
55.528
55.8268
56.1222
56.4138
56.7014
56.9849
57.2641
57.5387
57.8088
58.074
58.3344
58.5896
58.8398
59.0846
59.3241
59.5579
59.7862
60.0085
60.2252
60.4356
60.6402
60.8384
61.0305
61.2161
61.3953
61.5677
61.7333
61.8918
62.0431
62.1868
62.3227
62.4503
62.5693
62.6791
62.7792
62.869
62.9475
63.0138
63.0669
63.1058
63.1297
63.1377
62.2512
62.2422
62.2155
62.1722
62.1136
62.0411
61.9561
61.8596
61.7527
61.636
61.5103
61.376
61.2337
61.0835
60.9259
60.761
60.5891
60.4103
60.2248
60.0327
59.8342
59.6292
59.4181
59.2007
58.9774
58.748
58.5129
58.2719
58.0253
57.773
57.5154
57.2523
56.9841
56.7108
56.4326
56.1495
55.8619
55.5697
55.2734
54.9728
54.6684
54.3602
54.0485
53.7334
53.4153
53.0944
52.7709
52.445
52.1171
51.7873
51.4561
51.1235
50.79
50.4559
50.1215
49.787
49.4529
49.1193
48.7868
48.4556
48.126
47.7985
47.4733
47.1507
46.8313
46.5153
46.2031
45.895
45.5915
45.2927
44.9993
44.7114
44.4294
44.1537
43.8846
43.6225
43.3677
43.1205
42.8813
42.6502
42.4278
42.2142
42.0097
41.8146
41.6292
41.4537
41.2884
41.1335
40.9891
40.8555
40.733
40.6215
40.5214
40.4327
40.3556
40.2902
40.2365
40.1947
40.1648
40.1468
40.1408
40.1468
40.1648
40.1947
40.2365
40.2902
40.3556
40.4327
40.5214
40.6215
40.733
40.8555
40.9891
41.1335
41.2884
41.4537
41.6292
41.8146
42.0097
42.2142
42.4278
42.6502
42.8813
43.1205
43.3677
43.6225
43.8846
44.1537
44.4294
44.7114
44.9993
45.2927
45.5915
45.895
46.2031
46.5153
46.8313
47.1507
47.4733
47.7985
48.126
48.4556
48.7868
49.1193
49.4529
49.787
50.1215
50.4559
50.79
51.1235
51.4561
51.7873
52.1171
52.445
52.7709
53.0944
53.4153
53.7334
54.0485
54.3602
54.6684
54.9728
55.2734
55.5697
55.8619
56.1495
56.4326
56.7108
56.9841
57.2523
57.5154
57.773
58.0253
58.2719
58.5129
58.748
58.9774
59.2007
59.4181
59.6292
59.8342
60.0327
60.2248
60.4103
60.5891
60.761
60.9259
61.0835
61.2337
61.376
61.5103
61.636
61.7527
61.8596
61.9561
62.0411
62.1136
62.1722
62.2155
62.2422
62.2512
61.3831
61.3726
61.342
61.293
61.2275
61.1476
61.055
60.9509
60.8365
60.7125
60.5796
60.4383
60.289
60.132
59.9677
59.7962
59.6176
59.4323
59.2403
59.0416
58.8365
58.625
58.4072
58.1831
57.9528
57.7165
57.4741
57.2259
56.9718
56.7121
56.4467
56.1759
55.8996
55.6182
55.3317
55.0402
54.7439
54.4429
54.1375
53.8278
53.514
53.1963
52.8749
52.5501
52.2221
51.891
51.5572
51.2209
50.8824
50.5421
50.2
49.8567
49.5122
49.1671
48.8215
48.4758
48.1304
47.7857
47.4418
47.0993
46.7583
46.4195
46.083
45.7493
45.4186
45.0915
44.7682
44.4492
44.1348
43.8255
43.5214
43.2231
42.9309
42.6453
42.3664
42.0947
41.8305
41.5742
41.3261
41.0866
40.8558
40.6343
40.4222
40.2198
40.0275
39.8454
39.6739
39.5131
39.3633
39.2247
39.0974
38.9818
38.8779
38.7858
38.7058
38.6379
38.5822
38.5388
38.5077
38.4891
38.4828
38.4891
38.5077
38.5388
38.5822
38.6379
38.7058
38.7858
38.8779
38.9818
39.0974
39.2247
39.3633
39.5131
39.6739
39.8454
40.0275
40.2198
40.4222
40.6343
40.8558
41.0866
41.3261
41.5742
41.8305
42.0947
42.3664
42.6453
42.9309
43.2231
43.5214
43.8255
44.1348
44.4492
44.7682
45.0915
45.4186
45.7493
46.083
46.4195
46.7583
47.0993
47.4418
47.7857
48.1304
48.4758
48.8215
49.1671
49.5122
49.8567
50.2
50.5421
50.8824
51.2209
51.5572
51.891
52.2221
52.5501
52.8749
53.1963
53.514
53.8278
54.1375
54.4429
54.7439
55.0402
55.3317
55.6182
55.8996
56.1759
56.4467
56.7121
56.9718
57.2259
57.4741
57.7165
57.9528
58.1831
58.4072
58.625
58.8365
59.0416
59.2403
59.4323
59.6176
59.7962
59.9677
60.132
60.289
60.4383
60.5796
60.7125
60.8365
60.9509
61.055
61.1476
61.2275
61.293
61.342
61.3726
61.3831
60.5357
60.523
60.4867
60.4298
60.3556
60.2667
60.165
60.0521
59.9293
59.7972
59.6566
59.5078
59.3514
59.1874
59.0163
58.838
58.6529
58.4609
58.2622
58.0569
57.8451
57.6268
57.4022
57.1711
56.9339
56.6905
56.441
56.1854
55.9239
55.6565
55.3834
55.1046
54.8203
54.5305
54.2355
53.9353
53.6303
53.3203
53.0058
52.6867
52.3634
52.036
51.7047
51.3698
51.0316
50.6902
50.3459
49.999
49.6497
49.2984
48.9453
48.5907
48.235
47.8785
47.5215
47.1644
46.8074
46.451
46.0955
45.7413
45.3887
45.0382
44.69
44.3447
44.0025
43.6639
43.3293
42.9989
42.6734
42.3529
42.038
41.729
41.4262
41.1301
40.8411
40.5595
40.2856
40.0199
39.7627
39.5142
39.275
39.0452
38.8252
38.6152
38.4157
38.2268
38.0488
37.882
37.7265
37.5827
37.4507
37.3306
37.2228
37.1272
37.0441
36.9736
36.9158
36.8708
36.8385
36.8192
36.8127
36.8192
36.8385
36.8708
36.9158
36.9736
37.0441
37.1272
37.2228
37.3306
37.4507
37.5827
37.7265
37.882
38.0488
38.2268
38.4157
38.6152
38.8252
39.0452
39.275
39.5142
39.7627
40.0199
40.2856
40.5595
40.8411
41.1301
41.4262
41.729
42.038
42.3529
42.6734
42.9989
43.3293
43.6639
44.0025
44.3447
44.69
45.0382
45.3887
45.7413
46.0955
46.451
46.8074
47.1644
47.5215
47.8785
48.235
48.5907
48.9453
49.2984
49.6497
49.999
50.3459
50.6902
51.0316
51.3698
51.7047
52.036
52.3634
52.6867
53.0058
53.3203
53.6303
53.9353
54.2355
54.5305
54.8203
55.1046
55.3834
55.6565
55.9239
56.1854
56.441
56.6905
56.9339
57.1711
57.4022
57.6268
57.8451
58.0569
58.2622
58.4609
58.6529
58.838
59.0163
59.1874
59.3514
59.5078
59.6566
59.7972
59.9293
60.0521
60.165
60.2667
60.3556
60.4298
60.4867
60.523
60.5357
59.7128
59.6963
59.6511
59.5833
59.4977
59.3976
59.2855
59.1629
59.0308
58.8901
58.7413
58.5847
58.4208
58.2496
58.0713
57.8861
57.6942
57.4954
57.2901
57.0781
56.8595
56.6345
56.403
56.1651
55.9208
55.6703
55.4134
55.1504
54.8813
54.6062
54.3252
54.0384
53.7458
53.4477
53.1441
52.8352
52.5211
52.202
51.8781
51.5495
51.2164
50.8792
50.5378
50.1927
49.844
49.492
49.1369
48.7791
48.4187
48.0562
47.6918
47.3258
46.9585
46.5903
46.2215
45.8525
45.4836
45.1153
44.7478
44.3816
44.0169
43.6543
43.2942
42.9369
42.5828
42.2323
41.8858
41.5439
41.2067
40.8749
40.5486
40.2285
39.9148
39.608
39.3085
39.0166
38.7327
38.4572
38.1905
37.9329
37.6847
37.4464
37.2182
37.0004
36.7934
36.5974
36.4127
36.2396
36.0783
35.9291
35.792
35.6675
35.5555
35.4563
35.3701
35.2969
35.2369
35.1902
35.1567
35.1366
35.1299
35.1366
35.1567
35.1902
35.2369
35.2969
35.3701
35.4563
35.5555
35.6675
35.792
35.9291
36.0783
36.2396
36.4127
36.5974
36.7934
37.0004
37.2182
37.4464
37.6847
37.9329
38.1905
38.4572
38.7327
39.0166
39.3085
39.608
39.9148
40.2285
40.5486
40.8749
41.2067
41.5439
41.8858
42.2323
42.5828
42.9369
43.2942
43.6543
44.0169
44.3816
44.7478
45.1153
45.4836
45.8525
46.2215
46.5903
46.9585
47.3258
47.6918
48.0562
48.4187
48.7791
49.1369
49.492
49.844
50.1927
50.5378
50.8792
51.2164
51.5495
51.8781
52.202
52.5211
52.8352
53.1441
53.4477
53.7458
54.0384
54.3252
54.6062
54.8813
55.1504
55.4134
55.6703
55.9208
56.1651
56.403
56.6345
56.8595
57.0781
57.2901
57.4954
57.6942
57.8861
58.0713
58.2496
58.4208
58.5847
58.7413
58.8901
59.0308
59.1629
59.2855
59.3976
59.4977
59.5833
59.6511
59.6963
59.7128
58.9237
58.899
58.8392
58.7556
58.6551
58.5415
58.4173
58.2837
58.1416
57.9917
57.8343
57.6697
57.498
57.3194
57.1341
56.9419
56.743
56.5375
56.3254
56.1066
55.8813
55.6494
55.4109
55.166
54.9147
54.6568
54.3927
54.1222
53.8455
53.5626
53.2736
52.9785
52.6777
52.371
52.0586
51.7408
51.4176
51.0891
50.7557
50.4174
50.0744
49.727
49.3753
49.0197
48.6603
48.2974
47.9313
47.5622
47.1905
46.8165
46.4404
46.0625
45.6834
45.3031
44.9223
44.5411
44.1599
43.7792
43.3993
43.0206
42.6436
42.2686
41.896
41.5263
41.1598
40.7971
40.4385
40.0844
39.7353
39.3915
39.0536
38.722
38.397
38.079
37.7686
37.466
37.1717
36.8861
36.6095
36.3424
36.0851
35.8378
35.6011
35.3752
35.1605
34.9571
34.7655
34.5858
34.4184
34.2635
34.1213
33.992
33.8758
33.7729
33.6833
33.6074
33.5451
33.4965
33.4618
33.4409
33.434
33.4409
33.4618
33.4965
33.5451
33.6074
33.6833
33.7729
33.8758
33.992
34.1213
34.2635
34.4184
34.5858
34.7655
34.9571
35.1605
35.3752
35.6011
35.8378
36.0851
36.3424
36.6095
36.8861
37.1717
37.466
37.7686
38.079
38.397
38.722
39.0536
39.3915
39.7353
40.0844
40.4385
40.7971
41.1598
41.5263
41.896
42.2686
42.6436
43.0206
43.3993
43.7792
44.1599
44.5411
44.9223
45.3031
45.6834
46.0625
46.4404
46.8165
47.1905
47.5622
47.9313
48.2974
48.6603
49.0197
49.3753
49.727
50.0744
50.4174
50.7557
51.0891
51.4176
51.7408
52.0586
52.371
52.6777
52.9785
53.2736
53.5626
53.8455
54.1222
54.3927
54.6568
54.9147
55.166
55.4109
55.6494
55.8813
56.1066
56.3254
56.5375
56.743
56.9419
57.1341
57.3194
57.498
57.6697
57.8343
57.9917
58.1416
58.2837
58.4173
58.5415
58.6551
58.7556
58.8392
58.899
58.9237
58.1831
58.1358
58.0498
57.9436
57.8244
57.6951
57.5574
57.412
57.2594
57.0999
56.9337
56.7608
56.5813
56.3952
56.2026
56.0034
55.7976
55.5852
55.3663
55.1408
54.9086
54.6699
54.4245
54.1726
53.9141
53.6491
53.3775
53.0994
52.815
52.5242
52.2271
51.9238
51.6145
51.2991
50.978
50.651
50.3185
49.9806
49.6375
49.2892
48.9361
48.5784
48.2162
47.8498
47.4795
47.1055
46.728
46.3475
45.9641
45.5782
45.1902
44.8003
44.4088
44.0162
43.6229
43.2291
42.8353
42.4419
42.0492
41.6577
41.2679
40.88
40.4946
40.1121
39.7329
39.3575
38.9862
38.6197
38.2581
37.9022
37.5522
37.2086
36.8718
36.5424
36.2206
35.907
35.6019
35.3058
35.019
34.742
34.4751
34.2187
33.9732
33.7388
33.516
33.305
33.1062
32.9197
32.746
32.5852
32.4376
32.3034
32.1828
32.0759
31.983
31.9042
31.8395
31.7891
31.753
31.7314
31.7241
31.7314
31.753
31.7891
31.8395
31.9042
31.983
32.0759
32.1828
32.3034
32.4376
32.5852
32.746
32.9197
33.1062
33.305
33.516
33.7388
33.9732
34.2187
34.4751
34.742
35.019
35.3058
35.6019
35.907
36.2206
36.5424
36.8718
37.2086
37.5522
37.9022
38.2581
38.6197
38.9862
39.3575
39.7329
40.1121
40.4946
40.88
41.2679
41.6577
42.0492
42.4419
42.8353
43.2291
43.6229
44.0162
44.4088
44.8003
45.1902
45.5782
45.9641
46.3475
46.728
47.1055
47.4795
47.8498
48.2162
48.5784
48.9361
49.2892
49.6375
49.9806
50.3185
50.651
50.978
51.2991
51.6145
51.9238
52.2271
52.5242
52.815
53.0994
53.3775
53.6491
53.9141
54.1726
54.4245
54.6699
54.9086
55.1408
55.3663
55.5852
55.7976
56.0034
56.2026
56.3952
56.5813
56.7608
56.9337
57.0999
57.2594
57.412
57.5574
57.6951
57.8244
57.9436
58.0498
58.1358
58.1831
57.5375
57.4118
57.2812
57.1454
57.0042
56.8577
56.7057
56.548
56.3846
56.2154
56.0402
55.859
55.6716
55.478
55.2782
55.0719
54.8593
54.6401
54.4144
54.1821
53.9431
53.6975
53.4452
53.1862
52.9205
52.6482
52.3692
52.0835
51.7913
51.4925
51.1873
50.8756
50.5577
50.2336
49.9034
49.5673
49.2253
48.8778
48.5247
48.1663
47.8029
47.4346
47.0616
46.6843
46.3027
45.9173
45.5283
45.1359
44.7406
44.3425
43.9422
43.5398
43.1357
42.7304
42.3242
41.9175
41.5106
41.1041
40.6982
40.2935
39.8904
39.4893
39.0906
38.6949
38.3025
37.9139
37.5296
37.1501
36.7757
36.4071
36.0445
35.6886
35.3396
34.9982
34.6647
34.3396
34.0234
33.7163
33.419
33.1317
32.8549
32.5889
32.3342
32.0911
31.8599
31.6409
31.4346
31.2411
31.0608
30.8939
30.7407
30.6014
30.4762
30.3653
30.2688
30.1869
30.1198
30.0674
30.03
30.0075
30
30.0075
30.03
30.0674
30.1198
30.1869
30.2688
30.3653
30.4762
30.6014
30.7407
30.8939
31.0608
31.2411
31.4346
31.6409
31.8599
32.0911
32.3342
32.5889
32.8549
33.1317
33.419
33.7163
34.0234
34.3396
34.6647
34.9982
35.3396
35.6886
36.0445
36.4071
36.7757
37.1501
37.5296
37.9139
38.3025
38.6949
39.0906
39.4893
39.8904
40.2935
40.6982
41.1041
41.5106
41.9175
42.3242
42.7304
43.1357
43.5398
43.9422
44.3425
44.7406
45.1359
45.5283
45.9173
46.3027
46.6843
47.0616
47.4346
47.8029
48.1663
48.5247
48.8778
49.2253
49.5673
49.9034
50.2336
50.5577
50.8756
51.1873
51.4925
51.7913
52.0835
52.3692
52.6482
52.9205
53.1862
53.4452
53.6975
53.9431
54.1821
54.4144
54.6401
54.8593
55.0719
55.2782
55.478
55.6716
55.859
56.0402
56.2154
56.3846
56.548
56.7057
56.8577
57.0042
57.1454
57.2812
57.4118
57.5375
