120
120
120
120
120
120
120
120
120
120
120
120
120
120
120
120
120
120
120
120
120
120
120
120
120
120
120
120
120
120
120
120
120
120
120
120
120
120
120
120
120
120
120
120
120
120
120
120
120
120
120
120
120
120
120
120
120
120
120
120
120
120
120
120
120
120
120
120
120
120
120
120
120
120
120
120
120
120
120
120
120
120
120
120
120
120
120
120
120
120
120
120
120
120
120
120
120
120
120
120
120
120
120
120
120
120
120
120
120
120
120
120
120
120
120
120
120
120
120
120
120
120
120
120
120
120
120
120
120
120
120
120
120
120
120
120
120
120
120
120
120
120
120
120
120
120
120
120
120
120
120
120
120
120
120
120
120
120
120
120
120
120
120
120
120
120
120
120
120
120
120
120
120
120
120
120
120
120
120
120
120
120
120
120
120
120
120
120
120
120
120
120
120
120
120
120
120
120
120
120
120
118.85
118.845
118.849
118.844
118.849
118.843
118.847
118.841
118.846
118.839
118.843
118.837
118.84
118.835
118.836
118.832
118.831
118.83
118.825
118.827
118.82
118.823
118.815
118.817
118.81
118.81
118.807
118.801
118.803
118.793
118.797
118.787
118.789
118.784
118.781
118.78
118.773
118.775
118.768
118.767
118.762
118.758
118.754
118.75
118.745
118.741
118.737
118.732
118.728
118.724
118.72
118.715
118.711
118.707
118.703
118.699
118.695
118.691
118.687
118.683
118.679
118.675
118.672
118.668
118.664
118.661
118.657
118.654
118.651
118.647
118.644
118.641
118.638
118.635
118.632
118.63
118.627
118.624
118.622
118.62
118.617
118.615
118.613
118.611
118.609
118.608
118.606
118.604
118.603
118.602
118.6
118.599
118.598
118.597
118.597
118.596
118.595
118.595
118.595
118.595
118.595
118.595
118.595
118.595
118.595
118.596
118.597
118.597
118.598
118.599
118.6
118.602
118.603
118.604
118.606
118.608
118.609
118.611
118.613
118.615
118.617
118.62
118.622
118.624
118.627
118.63
118.632
118.635
118.638
118.641
118.644
118.647
118.651
118.654
118.657
118.661
118.664
118.668
118.672
118.675
118.679
118.683
118.687
118.691
118.695
118.699
118.703
118.707
118.711
118.715
118.72
118.724
118.728
118.732
118.737
118.741
118.745
118.75
118.754
118.758
118.762
118.767
118.768
118.775
118.773
118.78
118.781
118.784
118.789
118.787
118.797
118.793
118.803
118.801
118.807
118.81
118.81
118.817
118.815
118.823
118.82
118.827
118.825
118.83
118.831
118.832
118.836
118.835
118.84
118.837
118.843
118.839
118.846
118.841
118.847
118.843
118.849
118.844
118.849
118.845
118.85
117.699
117.701
117.698
117.7
117.697
117.698
117.694
117.695
117.691
117.692
117.687
117.687
117.682
117.681
117.676
117.673
117.67
117.665
117.662
117.655
117.654
117.644
117.643
117.634
117.631
117.623
117.617
117.614
117.602
117.603
117.588
117.591
117.577
117.576
117.568
117.561
117.559
117.546
117.546
117.533
117.53
117.519
117.512
117.503
117.494
117.486
117.477
117.468
117.46
117.451
117.442
117.434
117.426
117.417
117.409
117.401
117.392
117.384
117.376
117.369
117.361
117.353
117.346
117.338
117.331
117.324
117.317
117.31
117.303
117.296
117.29
117.284
117.278
117.272
117.266
117.26
117.255
117.25
117.245
117.24
117.236
117.231
117.227
117.223
117.219
117.216
117.212
117.209
117.206
117.204
117.201
117.199
117.197
117.195
117.194
117.192
117.191
117.19
117.19
117.189
117.189
117.189
117.19
117.19
117.191
117.192
117.194
117.195
117.197
117.199
117.201
117.204
117.206
117.209
117.212
117.216
117.219
117.223
117.227
117.231
117.236
117.24
117.245
117.25
117.255
117.26
117.266
117.272
117.278
117.284
117.29
117.296
117.303
117.31
117.317
117.324
117.331
117.338
117.346
117.353
117.361
117.369
117.376
117.384
117.392
117.401
117.409
117.417
117.426
117.434
117.442
117.451
117.46
117.468
117.477
117.486
117.494
117.503
117.512
117.519
117.53
117.533
117.546
117.546
117.559
117.561
117.568
117.576
117.577
117.591
117.588
117.603
117.602
117.614
117.617
117.623
117.631
117.634
117.643
117.644
117.654
117.655
117.662
117.665
117.67
117.673
117.676
117.681
117.682
117.687
117.687
117.692
117.691
117.695
117.694
117.698
117.697
117.7
117.698
117.701
117.699
116.548
116.551
116.547
116.549
116.545
116.547
116.541
116.543
116.536
116.537
116.53
116.53
116.522
116.521
116.513
116.51
116.503
116.498
116.491
116.483
116.477
116.467
116.462
116.45
116.444
116.433
116.427
116.416
116.409
116.397
116.392
116.378
116.374
116.36
116.355
116.343
116.332
116.326
116.309
116.306
116.288
116.281
116.266
116.254
116.241
116.228
116.215
116.202
116.189
116.176
116.163
116.15
116.138
116.125
116.113
116.1
116.088
116.076
116.064
116.052
116.04
116.029
116.018
116.006
115.996
115.985
115.974
115.964
115.954
115.944
115.934
115.925
115.916
115.907
115.898
115.89
115.882
115.874
115.866
115.859
115.852
115.846
115.839
115.833
115.828
115.822
115.817
115.813
115.808
115.804
115.801
115.797
115.794
115.792
115.789
115.787
115.786
115.785
115.784
115.783
115.783
115.783
115.784
115.785
115.786
115.787
115.789
115.792
115.794
115.797
115.801
115.804
115.808
115.813
115.817
115.822
115.828
115.833
115.839
115.846
115.852
115.859
115.866
115.874
115.882
115.89
115.898
115.907
115.916
115.925
115.934
115.944
115.954
115.964
115.974
115.985
115.996
116.006
116.018
116.029
116.04
116.052
116.064
116.076
116.088
116.1
116.113
116.125
116.138
116.15
116.163
116.176
116.189
116.202
116.215
116.228
116.241
116.254
116.266
116.281
116.288
116.306
116.309
116.326
116.332
116.343
116.355
116.36
116.374
116.378
116.392
116.397
116.409
116.416
116.427
116.433
116.444
116.45
116.462
116.467
116.477
116.483
116.491
116.498
116.503
116.51
116.513
116.521
116.522
116.53
116.53
116.537
116.536
116.543
116.541
116.547
116.545
116.549
116.547
116.551
116.548
115.404
115.4
115.403
115.398
115.4
115.394
115.395
115.387
115.387
115.378
115.378
115.367
115.366
115.355
115.352
115.341
115.336
115.326
115.317
115.309
115.296
115.291
115.274
115.27
115.252
115.248
115.231
115.223
115.21
115.198
115.187
115.174
115.162
115.151
115.135
115.125
115.109
115.096
115.083
115.063
115.055
115.032
115.022
115.002
114.986
114.969
114.951
114.934
114.917
114.899
114.882
114.865
114.848
114.831
114.815
114.798
114.782
114.766
114.749
114.734
114.718
114.703
114.687
114.672
114.658
114.643
114.629
114.615
114.602
114.588
114.575
114.563
114.551
114.539
114.527
114.516
114.505
114.494
114.484
114.475
114.465
114.456
114.448
114.44
114.432
114.425
114.418
114.412
114.406
114.4
114.395
114.391
114.387
114.383
114.38
114.378
114.375
114.374
114.373
114.372
114.372
114.372
114.373
114.374
114.375
114.378
114.38
114.383
114.387
114.391
114.395
114.4
114.406
114.412
114.418
114.425
114.432
114.44
114.448
114.456
114.465
114.475
114.484
114.494
114.505
114.516
114.527
114.539
114.551
114.563
114.575
114.588
114.602
114.615
114.629
114.643
114.658
114.672
114.687
114.703
114.718
114.734
114.749
114.766
114.782
114.798
114.815
114.831
114.848
114.865
114.882
114.899
114.917
114.934
114.951
114.969
114.986
115.002
115.022
115.032
115.055
115.063
115.083
115.096
115.109
115.125
115.135
115.151
115.162
115.174
115.187
115.198
115.21
115.223
115.231
115.248
115.252
115.27
115.274
115.291
115.296
115.309
115.317
115.326
115.336
115.341
115.352
115.355
115.366
115.367
115.378
115.378
115.387
115.387
115.395
115.394
115.4
115.398
115.403
115.4
115.404
114.265
114.265
114.263
114.262
114.259
114.255
114.251
114.246
114.241
114.234
114.227
114.219
114.211
114.201
114.193
114.182
114.173
114.161
114.151
114.138
114.128
114.113
114.104
114.087
114.079
114.06
114.052
114.033
114.022
114.006
113.99
113.977
113.958
113.945
113.926
113.909
113.893
113.872
113.856
113.837
113.814
113.8
113.773
113.759
113.733
113.714
113.692
113.67
113.648
113.626
113.605
113.583
113.562
113.541
113.52
113.499
113.478
113.457
113.437
113.417
113.397
113.378
113.359
113.34
113.321
113.303
113.285
113.267
113.25
113.233
113.217
113.201
113.185
113.17
113.155
113.141
113.127
113.114
113.101
113.089
113.077
113.066
113.055
113.045
113.035
113.026
113.017
113.009
113.002
112.995
112.988
112.983
112.977
112.973
112.969
112.966
112.963
112.961
112.959
112.958
112.958
112.958
112.959
112.961
112.963
112.966
112.969
112.973
112.977
112.983
112.988
112.995
113.002
113.009
113.017
113.026
113.035
113.045
113.055
113.066
113.077
113.089
113.101
113.114
113.127
113.141
113.155
113.17
113.185
113.201
113.217
113.233
113.25
113.267
113.285
113.303
113.321
113.34
113.359
113.378
113.397
113.417
113.437
113.457
113.478
113.499
113.52
113.541
113.562
113.583
113.605
113.626
113.648
113.67
113.692
113.714
113.733
113.759
113.773
113.8
113.814
113.837
113.856
113.872
113.893
113.909
113.926
113.945
113.958
113.977
113.99
114.006
114.022
114.033
114.052
114.06
114.079
114.087
114.104
114.113
114.128
114.138
114.151
114.161
114.173
114.182
114.193
114.201
114.211
114.219
114.227
114.234
114.241
114.246
114.251
114.255
114.259
114.262
114.263
114.265
114.265
113.117
113.116
113.115
113.113
113.109
113.106
113.099
113.095
113.086
113.082
113.069
113.065
113.049
113.045
113.027
113.022
113.003
112.997
112.978
112.97
112.952
112.941
112.925
112.91
112.895
112.879
112.862
112.847
112.827
112.812
112.791
112.774
112.755
112.732
112.715
112.69
112.67
112.649
112.623
112.604
112.578
112.553
112.534
112.502
112.484
112.454
112.43
112.404
112.378
112.352
112.326
112.3
112.274
112.249
112.224
112.199
112.174
112.149
112.125
112.101
112.077
112.054
112.031
112.008
111.986
111.964
111.942
111.921
111.901
111.881
111.861
111.842
111.823
111.805
111.787
111.77
111.754
111.738
111.722
111.708
111.693
111.68
111.667
111.655
111.643
111.632
111.622
111.612
111.603
111.595
111.588
111.581
111.575
111.569
111.564
111.56
111.557
111.555
111.553
111.552
111.551
111.552
111.553
111.555
111.557
111.56
111.564
111.569
111.575
111.581
111.588
111.595
111.603
111.612
111.622
111.632
111.643
111.655
111.667
111.68
111.693
111.708
111.722
111.738
111.754
111.77
111.787
111.805
111.823
111.842
111.861
111.881
111.901
111.921
111.942
111.964
111.986
112.008
112.031
112.054
112.077
112.101
112.125
112.149
112.174
112.199
112.224
112.249
112.274
112.3
112.326
112.352
112.378
112.404
112.43
112.454
112.484
112.502
112.534
112.553
112.578
112.604
112.623
112.649
112.67
112.69
112.715
112.732
112.755
112.774
112.791
112.812
112.827
112.847
112.862
112.879
112.895
112.91
112.925
112.941
112.952
112.97
112.978
112.997
113.003
113.022
113.027
113.045
113.049
113.065
113.069
113.082
113.086
113.095
113.099
113.106
113.109
113.113
113.115
113.116
113.117
111.954
111.953
111.952
111.949
111.946
111.941
111.937
111.93
111.924
111.915
111.908
111.896
111.889
111.874
111.866
111.848
111.841
111.821
111.812
111.791
111.781
111.76
111.746
111.727
111.71
111.692
111.671
111.654
111.631
111.611
111.59
111.565
111.544
111.518
111.494
111.471
111.441
111.419
111.391
111.362
111.339
111.307
111.28
111.255
111.219
111.198
111.163
111.135
111.105
111.075
111.045
111.015
110.985
110.956
110.926
110.898
110.869
110.84
110.812
110.785
110.757
110.73
110.704
110.678
110.652
110.627
110.602
110.578
110.554
110.531
110.508
110.486
110.465
110.444
110.424
110.404
110.385
110.367
110.349
110.332
110.316
110.3
110.285
110.271
110.258
110.245
110.234
110.223
110.212
110.203
110.194
110.186
110.179
110.173
110.168
110.163
110.159
110.157
110.154
110.153
110.153
110.153
110.154
110.157
110.159
110.163
110.168
110.173
110.179
110.186
110.194
110.203
110.212
110.223
110.234
110.245
110.258
110.271
110.285
110.3
110.316
110.332
110.349
110.367
110.385
110.404
110.424
110.444
110.465
110.486
110.508
110.531
110.554
110.578
110.602
110.627
110.652
110.678
110.704
110.73
110.757
110.785
110.812
110.84
110.869
110.898
110.926
110.956
110.985
111.015
111.045
111.075
111.105
111.135
111.163
111.198
111.219
111.255
111.28
111.307
111.339
111.362
111.391
111.419
111.441
111.471
111.494
111.518
111.544
111.565
111.59
111.611
111.631
111.654
111.671
111.692
111.71
111.727
111.746
111.76
111.781
111.791
111.812
111.821
111.841
111.848
111.866
111.874
111.889
111.896
111.908
111.915
111.924
111.93
111.937
111.941
111.946
111.949
111.952
111.953
111.954
110.792
110.796
110.791
110.793
110.785
110.785
110.777
110.774
110.764
110.759
110.748
110.741
110.729
110.718
110.705
110.692
110.678
110.663
110.646
110.631
110.611
110.595
110.572
110.555
110.531
110.511
110.489
110.464
110.443
110.414
110.392
110.363
110.337
110.31
110.279
110.252
110.222
110.19
110.163
110.128
110.098
110.068
110.032
110.002
109.971
109.932
109.907
109.867
109.835
109.801
109.767
109.733
109.699
109.665
109.632
109.599
109.566
109.534
109.502
109.47
109.439
109.409
109.378
109.349
109.32
109.291
109.263
109.235
109.208
109.182
109.156
109.131
109.107
109.083
109.06
109.038
109.016
108.996
108.976
108.956
108.938
108.92
108.904
108.888
108.873
108.858
108.845
108.833
108.821
108.81
108.8
108.792
108.784
108.777
108.77
108.765
108.761
108.758
108.755
108.754
108.754
108.754
108.755
108.758
108.761
108.765
108.77
108.777
108.784
108.792
108.8
108.81
108.821
108.833
108.845
108.858
108.873
108.888
108.904
108.92
108.938
108.956
108.976
108.996
109.016
109.038
109.06
109.083
109.107
109.131
109.156
109.182
109.208
109.235
109.263
109.291
109.32
109.349
109.378
109.409
109.439
109.47
109.502
109.534
109.566
109.599
109.632
109.665
109.699
109.733
109.767
109.801
109.835
109.867
109.907
109.932
109.971
110.002
110.032
110.068
110.098
110.128
110.163
110.19
110.222
110.252
110.279
110.31
110.337
110.363
110.392
110.414
110.443
110.464
110.489
110.511
110.531
110.555
110.572
110.595
110.611
110.631
110.646
110.663
110.678
110.692
110.705
110.718
110.729
110.741
110.748
110.759
110.764
110.774
110.777
110.785
110.785
110.793
110.791
110.796
110.792
109.645
109.639
109.643
109.635
109.637
109.628
109.628
109.617
109.615
109.603
109.598
109.585
109.577
109.562
109.551
109.536
109.521
109.505
109.486
109.469
109.447
109.428
109.404
109.382
109.358
109.331
109.307
109.278
109.252
109.223
109.192
109.165
109.13
109.101
109.068
109.033
109.002
108.966
108.931
108.899
108.858
108.826
108.79
108.749
108.716
108.679
108.636
108.606
108.562
108.526
108.488
108.449
108.411
108.373
108.336
108.299
108.262
108.225
108.189
108.154
108.119
108.084
108.05
108.016
107.983
107.951
107.919
107.888
107.858
107.828
107.799
107.771
107.744
107.717
107.691
107.666
107.642
107.618
107.596
107.574
107.553
107.533
107.514
107.496
107.479
107.463
107.448
107.434
107.421
107.409
107.398
107.388
107.379
107.371
107.364
107.358
107.354
107.35
107.347
107.346
107.345
107.346
107.347
107.35
107.354
107.358
107.364
107.371
107.379
107.388
107.398
107.409
107.421
107.434
107.448
107.463
107.479
107.496
107.514
107.533
107.553
107.574
107.596
107.618
107.642
107.666
107.691
107.717
107.744
107.771
107.799
107.828
107.858
107.888
107.919
107.951
107.983
108.016
108.05
108.084
108.119
108.154
108.189
108.225
108.262
108.299
108.336
108.373
108.411
108.449
108.488
108.526
108.562
108.606
108.636
108.679
108.716
108.749
108.79
108.826
108.858
108.899
108.931
108.966
109.002
109.033
109.068
109.101
109.13
109.165
109.192
109.223
109.252
109.278
109.307
109.331
109.358
109.382
109.404
109.428
109.447
109.469
109.486
109.505
109.521
109.536
109.551
109.562
109.577
109.585
109.598
109.603
109.615
109.617
109.628
109.628
109.637
109.635
109.643
109.639
109.645
108.5
108.501
108.498
108.497
108.492
108.489
108.482
108.477
108.467
108.46
108.449
108.44
108.425
108.414
108.398
108.384
108.366
108.349
108.328
108.307
108.286
108.261
108.239
108.209
108.185
108.154
108.126
108.095
108.062
108.031
107.996
107.963
107.929
107.89
107.858
107.817
107.781
107.743
107.701
107.664
107.625
107.58
107.544
107.502
107.457
107.42
107.377
107.33
107.296
107.247
107.207
107.164
107.122
107.079
107.037
106.995
106.954
106.913
106.873
106.833
106.793
106.754
106.716
106.678
106.641
106.605
106.569
106.534
106.5
106.467
106.434
106.402
106.371
106.341
106.312
106.284
106.256
106.23
106.204
106.18
106.157
106.134
106.113
106.092
106.073
106.055
106.038
106.022
106.007
105.994
105.981
105.97
105.96
105.951
105.943
105.936
105.931
105.927
105.924
105.922
105.921
105.922
105.924
105.927
105.931
105.936
105.943
105.951
105.96
105.97
105.981
105.994
106.007
106.022
106.038
106.055
106.073
106.092
106.113
106.134
106.157
106.18
106.204
106.23
106.256
106.284
106.312
106.341
106.371
106.402
106.434
106.467
106.5
106.534
106.569
106.605
106.641
106.678
106.716
106.754
106.793
106.833
106.873
106.913
106.954
106.995
107.037
107.079
107.122
107.164
107.207
107.247
107.296
107.33
107.377
107.42
107.457
107.502
107.544
107.58
107.625
107.664
107.701
107.743
107.781
107.817
107.858
107.89
107.929
107.963
107.996
108.031
108.062
108.095
108.126
108.154
108.185
108.209
108.239
108.261
108.286
108.307
108.328
108.349
108.366
108.384
108.398
108.414
108.425
108.44
108.449
108.46
108.467
108.477
108.482
108.489
108.492
108.497
108.498
108.501
108.5
107.381
107.38
107.379
107.376
107.371
107.366
107.359
107.351
107.341
107.332
107.319
107.308
107.292
107.278
107.26
107.243
107.223
107.203
107.181
107.157
107.133
107.106
107.078
107.05
107.018
106.988
106.952
106.921
106.883
106.847
106.81
106.77
106.733
106.692
106.651
106.612
106.566
106.526
106.482
106.436
106.394
106.348
106.3
106.259
106.21
106.161
106.12
106.071
106.019
105.981
105.927
105.882
105.834
105.787
105.74
105.693
105.646
105.601
105.555
105.51
105.466
105.422
105.379
105.337
105.295
105.254
105.214
105.175
105.136
105.099
105.062
105.026
104.991
104.957
104.924
104.892
104.861
104.831
104.802
104.774
104.748
104.722
104.698
104.675
104.653
104.633
104.613
104.595
104.578
104.563
104.549
104.536
104.524
104.514
104.505
104.498
104.492
104.487
104.483
104.481
104.481
104.481
104.483
104.487
104.492
104.498
104.505
104.514
104.524
104.536
104.549
104.563
104.578
104.595
104.613
104.633
104.653
104.675
104.698
104.722
104.748
104.774
104.802
104.831
104.861
104.892
104.924
104.957
104.991
105.026
105.062
105.099
105.136
105.175
105.214
105.254
105.295
105.337
105.379
105.422
105.466
105.51
105.555
105.601
105.646
105.693
105.74
105.787
105.834
105.882
105.927
105.981
106.019
106.071
106.12
106.161
106.21
106.259
106.3
106.348
106.394
106.436
106.482
106.526
106.566
106.612
106.651
106.692
106.733
106.77
106.81
106.847
106.883
106.921
106.952
106.988
107.018
107.05
107.078
107.106
107.133
107.157
107.181
107.203
107.223
107.243
107.26
107.278
107.292
107.308
107.319
107.332
107.341
107.351
107.359
107.366
107.371
107.376
107.379
107.38
107.381
106.269
106.27
106.266
106.264
106.257
106.252
106.242
106.234
106.222
106.21
106.196
106.181
106.164
106.145
106.127
106.104
106.085
106.058
106.036
106.007
105.981
105.951
105.92
105.888
105.854
105.82
105.783
105.744
105.707
105.664
105.625
105.581
105.538
105.495
105.448
105.404
105.357
105.307
105.263
105.211
105.162
105.115
105.062
105.01
104.964
104.909
104.856
104.809
104.755
104.698
104.654
104.596
104.546
104.493
104.441
104.389
104.337
104.286
104.235
104.185
104.136
104.087
104.039
103.992
103.945
103.899
103.854
103.81
103.767
103.725
103.683
103.643
103.604
103.566
103.528
103.492
103.458
103.424
103.391
103.36
103.33
103.302
103.274
103.248
103.224
103.2
103.179
103.158
103.139
103.122
103.106
103.091
103.078
103.067
103.057
103.048
103.041
103.036
103.032
103.03
103.029
103.03
103.032
103.036
103.041
103.048
103.057
103.067
103.078
103.091
103.106
103.122
103.139
103.158
103.179
103.2
103.224
103.248
103.274
103.302
103.33
103.36
103.391
103.424
103.458
103.492
103.528
103.566
103.604
103.643
103.683
103.725
103.767
103.81
103.854
103.899
103.945
103.992
104.039
104.087
104.136
104.185
104.235
104.286
104.337
104.389
104.441
104.493
104.546
104.596
104.654
104.698
104.755
104.809
104.856
104.909
104.964
105.01
105.062
105.115
105.162
105.211
105.263
105.307
105.357
105.404
105.448
105.495
105.538
105.581
105.625
105.664
105.707
105.744
105.783
105.82
105.854
105.888
105.92
105.951
105.981
106.007
106.036
106.058
106.085
106.104
106.127
106.145
106.164
106.181
106.196
106.21
106.222
106.234
106.242
106.252
106.257
106.264
106.266
106.27
106.269
105.161
105.16
105.158
105.153
105.147
105.138
105.13
105.118
105.106
105.09
105.075
105.056
105.038
105.016
104.995
104.97
104.945
104.918
104.889
104.861
104.827
104.798
104.761
104.728
104.689
104.652
104.612
104.57
104.528
104.484
104.437
104.393
104.343
104.297
104.246
104.195
104.146
104.092
104.039
103.989
103.931
103.878
103.825
103.766
103.71
103.658
103.597
103.539
103.487
103.428
103.366
103.316
103.253
103.198
103.14
103.083
103.026
102.969
102.914
102.858
102.804
102.75
102.696
102.644
102.592
102.542
102.492
102.443
102.395
102.348
102.302
102.257
102.213
102.17
102.129
102.089
102.05
102.012
101.976
101.941
101.908
101.876
101.845
101.816
101.789
101.763
101.739
101.716
101.694
101.675
101.657
101.641
101.626
101.613
101.602
101.592
101.585
101.578
101.574
101.572
101.571
101.572
101.574
101.578
101.585
101.592
101.602
101.613
101.626
101.641
101.657
101.675
101.694
101.716
101.739
101.763
101.789
101.816
101.845
101.876
101.908
101.941
101.976
102.012
102.05
102.089
102.129
102.17
102.213
102.257
102.302
102.348
102.395
102.443
102.492
102.542
102.592
102.644
102.696
102.75
102.804
102.858
102.914
102.969
103.026
103.083
103.14
103.198
103.253
103.316
103.366
103.428
103.487
103.539
103.597
103.658
103.71
103.766
103.825
103.878
103.931
103.989
104.039
104.092
104.146
104.195
104.246
104.297
104.343
104.393
104.437
104.484
104.528
104.57
104.612
104.652
104.689
104.728
104.761
104.798
104.827
104.861
104.889
104.918
104.945
104.97
104.995
105.016
105.038
105.056
105.075
105.09
105.106
105.118
105.13
105.138
105.147
105.153
105.158
105.16
105.161
104.06
104.057
104.056
104.049
104.044
104.033
104.024
104.01
103.997
103.979
103.962
103.94
103.919
103.895
103.87
103.843
103.814
103.784
103.751
103.719
103.684
103.648
103.611
103.57
103.532
103.487
103.447
103.4
103.355
103.307
103.257
103.207
103.155
103.101
103.05
102.992
102.938
102.882
102.822
102.766
102.708
102.645
102.588
102.528
102.463
102.403
102.345
102.278
102.215
102.158
102.093
102.025
101.97
101.902
101.842
101.779
101.716
101.654
101.593
101.532
101.472
101.413
101.354
101.297
101.24
101.184
101.129
101.075
101.022
100.97
100.919
100.87
100.821
100.774
100.728
100.684
100.641
100.599
100.559
100.521
100.484
100.448
100.414
100.382
100.352
100.323
100.296
100.27
100.247
100.225
100.205
100.187
100.171
100.156
100.144
100.133
100.125
100.118
100.113
100.11
100.109
100.11
100.113
100.118
100.125
100.133
100.144
100.156
100.171
100.187
100.205
100.225
100.247
100.27
100.296
100.323
100.352
100.382
100.414
100.448
100.484
100.521
100.559
100.599
100.641
100.684
100.728
100.774
100.821
100.87
100.919
100.97
101.022
101.075
101.129
101.184
101.24
101.297
101.354
101.413
101.472
101.532
101.593
101.654
101.716
101.779
101.842
101.902
101.97
102.025
102.093
102.158
102.215
102.278
102.345
102.403
102.463
102.528
102.588
102.645
102.708
102.766
102.822
102.882
102.938
102.992
103.05
103.101
103.155
103.207
103.257
103.307
103.355
103.4
103.447
103.487
103.532
103.57
103.611
103.648
103.684
103.719
103.751
103.784
103.814
103.843
103.87
103.895
103.919
103.94
103.962
103.979
103.997
104.01
104.024
104.033
104.044
104.049
104.056
104.057
104.06
102.953
102.951
102.948
102.942
102.935
102.925
102.913
102.899
102.883
102.865
102.844
102.822
102.797
102.772
102.742
102.714
102.681
102.649
102.613
102.577
102.538
102.498
102.458
102.414
102.37
102.325
102.276
102.23
102.177
102.129
102.073
102.02
101.964
101.906
101.848
101.789
101.727
101.668
101.605
101.541
101.479
101.415
101.346
101.285
101.218
101.148
101.082
101.02
100.947
100.878
100.815
100.747
100.673
100.612
100.54
100.473
100.406
100.338
100.272
100.205
100.14
100.075
100.012
99.9486
99.8865
99.8254
99.7653
99.7063
99.6484
99.5917
99.5362
99.482
99.4291
99.3776
99.3275
99.2789
99.2318
99.1862
99.1423
99.1
99.0594
99.0205
98.9834
98.948
98.9145
98.8829
98.8531
98.8253
98.7994
98.7755
98.7536
98.7337
98.7158
98.7001
98.6863
98.6747
98.6652
98.6578
98.6525
98.6493
98.6482
98.6493
98.6525
98.6578
98.6652
98.6747
98.6863
98.7001
98.7158
98.7337
98.7536
98.7755
98.7994
98.8253
98.8531
98.8829
98.9145
98.948
98.9834
99.0205
99.0594
99.1
99.1423
99.1862
99.2318
99.2789
99.3275
99.3776
99.4291
99.482
99.5362
99.5917
99.6484
99.7063
99.7653
99.8254
99.8865
99.9486
100.012
100.075
100.14
100.205
100.272
100.338
100.406
100.473
100.54
100.612
100.673
100.747
100.815
100.878
100.947
101.02
101.082
101.148
101.218
101.285
101.346
101.415
101.479
101.541
101.605
101.668
101.727
101.789
101.848
101.906
101.964
102.02
102.073
102.129
102.177
102.23
102.276
102.325
102.37
102.414
102.458
102.498
102.538
102.577
102.613
102.649
102.681
102.714
102.742
102.772
102.797
102.822
102.844
102.865
102.883
102.899
102.913
102.925
102.935
102.942
102.948
102.951
102.953
101.844
101.844
101.84
101.835
101.825
101.816
101.802
101.788
101.769
101.75
101.727
101.704
101.676
101.649
101.617
101.585
101.55
101.513
101.476
101.434
101.395
101.349
101.306
101.258
101.21
101.161
101.109
101.057
101.003
100.947
100.892
100.83
100.774
100.711
100.648
100.585
100.519
100.452
100.388
100.318
100.25
100.183
100.111
100.038
99.9712
99.899
99.8227
99.7513
99.6833
99.6067
99.5309
99.462
99.3897
99.3104
99.2437
99.1669
99.0952
99.0225
98.9504
98.8789
98.8082
98.7382
98.6691
98.6009
98.5337
98.4675
98.4024
98.3384
98.2756
98.2141
98.1539
98.0951
98.0377
97.9818
97.9274
97.8745
97.8234
97.7738
97.7261
97.6801
97.6359
97.5936
97.5532
97.5148
97.4783
97.4438
97.4115
97.3812
97.353
97.3269
97.3031
97.2814
97.262
97.2448
97.2298
97.2172
97.2068
97.1987
97.1929
97.1894
97.1883
97.1894
97.1929
97.1987
97.2068
97.2172
97.2298
97.2448
97.262
97.2814
97.3031
97.3269
97.353
97.3812
97.4115
97.4438
97.4783
97.5148
97.5532
97.5936
97.6359
97.6801
97.7261
97.7738
97.8234
97.8745
97.9274
97.9818
98.0377
98.0951
98.1539
98.2141
98.2756
98.3384
98.4024
98.4675
98.5337
98.6009
98.6691
98.7382
98.8082
98.8789
98.9504
99.0225
99.0952
99.1669
99.2437
99.3104
99.3897
99.462
99.5309
99.6067
99.6833
99.7513
99.8227
99.899
99.9712
100.038
100.111
100.183
100.25
100.318
100.388
100.452
100.519
100.585
100.648
100.711
100.774
100.83
100.892
100.947
101.003
101.057
101.109
101.161
101.21
101.258
101.306
101.349
101.395
101.434
101.476
101.513
101.55
101.585
101.617
101.649
101.676
101.704
101.727
101.75
101.769
101.788
101.802
101.816
101.825
101.835
101.84
101.844
101.844
100.74
100.74
100.734
100.729
100.719
100.709
100.694
100.679
100.658
100.638
100.614
100.588
100.559
100.528
100.496
100.46
100.424
100.383
100.343
100.298
100.254
100.207
100.157
100.108
100.054
100.002
99.9453
99.8894
99.8314
99.771
99.7105
99.6483
99.5824
99.52
99.4497
99.3833
99.314
99.2414
99.1709
99.0995
99.0227
98.9504
98.8774
98.7992
98.7205
98.6483
98.5712
98.4893
98.411
98.3378
98.2573
98.1751
98.0998
98.0236
97.9389
97.8662
97.7851
97.7081
97.6305
97.5536
97.4775
97.4022
97.3278
97.2544
97.182
97.1106
97.0404
96.9715
96.9038
96.8374
96.7725
96.709
96.647
96.5866
96.5279
96.4708
96.4155
96.3621
96.3104
96.2607
96.213
96.1672
96.1235
96.082
96.0425
96.0053
95.9702
95.9374
95.9069
95.8788
95.8529
95.8295
95.8084
95.7898
95.7736
95.7599
95.7487
95.7399
95.7337
95.7299
95.7286
95.7299
95.7337
95.7399
95.7487
95.7599
95.7736
95.7898
95.8084
95.8295
95.8529
95.8788
95.9069
95.9374
95.9702
96.0053
96.0425
96.082
96.1235
96.1672
96.213
96.2607
96.3104
96.3621
96.4155
96.4708
96.5279
96.5866
96.647
96.709
96.7725
96.8374
96.9038
96.9715
97.0404
97.1106
97.182
97.2544
97.3278
97.4022
97.4775
97.5536
97.6305
97.7081
97.7851
97.8662
97.9389
98.0236
98.0998
98.1751
98.2573
98.3378
98.411
98.4893
98.5712
98.6483
98.7205
98.7992
98.8774
98.9504
99.0227
99.0995
99.1709
99.2414
99.314
99.3833
99.4497
99.52
99.5824
99.6483
99.7105
99.771
99.8314
99.8894
99.9453
100.002
100.054
100.108
100.157
100.207
100.254
100.298
100.343
100.383
100.424
100.46
100.496
100.528
100.559
100.588
100.614
100.638
100.658
100.679
100.694
100.709
100.719
100.729
100.734
100.74
100.74
99.6305
99.6296
99.6251
99.6187
99.6089
99.5968
99.5819
99.5642
99.5444
99.521
99.4965
99.4676
99.4384
99.4042
99.3704
99.3313
99.2926
99.2495
99.2055
99.1593
99.1099
99.0606
99.0067
98.9537
98.897
98.8391
98.781
98.718
98.658
98.5922
98.5278
98.4611
98.3921
98.3225
98.2525
98.177
98.1062
98.0292
97.9516
97.8765
97.7978
97.7153
97.638
97.5593
97.4755
97.3906
97.3122
97.2308
97.144
97.0586
96.9797
96.8956
96.8077
96.7257
96.6456
96.556
96.4774
96.3921
96.31
96.2278
96.1464
96.0659
95.9863
95.9077
95.8302
95.7538
95.6787
95.6048
95.5323
95.4612
95.3916
95.3235
95.2571
95.1923
95.1294
95.0682
95.0089
94.9515
94.8961
94.8428
94.7915
94.7424
94.6955
94.6509
94.6085
94.5685
94.5309
94.4956
94.4629
94.4326
94.4049
94.3797
94.3571
94.3371
94.3197
94.3049
94.2929
94.2834
94.2767
94.2727
94.2713
94.2727
94.2767
94.2834
94.2929
94.3049
94.3197
94.3371
94.3571
94.3797
94.4049
94.4326
94.4629
94.4956
94.5309
94.5685
94.6085
94.6509
94.6955
94.7424
94.7915
94.8428
94.8961
94.9515
95.0089
95.0682
95.1294
95.1923
95.2571
95.3235
95.3916
95.4612
95.5323
95.6048
95.6787
95.7538
95.8302
95.9077
95.9863
96.0659
96.1464
96.2278
96.31
96.3921
96.4774
96.556
96.6456
96.7257
96.8077
96.8956
96.9797
97.0586
97.144
97.2308
97.3122
97.3906
97.4755
97.5593
97.638
97.7153
97.7978
97.8765
97.9516
98.0292
98.1062
98.177
98.2525
98.3225
98.3921
98.4611
98.5278
98.5922
98.658
98.718
98.781
98.8391
98.897
98.9537
99.0067
99.0606
99.1099
99.1593
99.2055
99.2495
99.2926
99.3313
99.3704
99.4042
99.4384
99.4676
99.4965
99.521
99.5444
99.5642
99.5819
99.5968
99.6089
99.6187
99.6251
99.6296
99.6305
98.5241
98.5218
98.5184
98.5102
98.5011
98.4871
98.4724
98.4526
98.4325
98.4069
98.3813
98.3504
98.3193
98.2834
98.2465
98.2063
98.1635
98.1193
98.0709
98.0228
97.9695
97.9169
97.8601
97.8022
97.743
97.68
97.618
97.5519
97.4851
97.4182
97.346
97.2774
97.2028
97.129
97.0541
96.9764
96.8967
96.8198
96.7355
96.6534
96.5727
96.4874
96.399
96.3157
96.2316
96.1431
96.0515
95.9661
95.8804
95.7894
95.697
95.6116
95.5239
95.4311
95.3421
95.2579
95.1637
95.0792
94.9897
94.9027
94.816
94.7302
94.6453
94.5615
94.4789
94.3974
94.3173
94.2385
94.1611
94.0852
94.011
93.9383
93.8674
93.7983
93.731
93.6657
93.6023
93.541
93.4818
93.4248
93.3701
93.3176
93.2675
93.2198
93.1745
93.1317
93.0915
93.0538
93.0188
92.9864
92.9567
92.9298
92.9056
92.8842
92.8656
92.8498
92.8369
92.8268
92.8196
92.8153
92.8139
92.8153
92.8196
92.8268
92.8369
92.8498
92.8656
92.8842
92.9056
92.9298
92.9567
92.9864
93.0188
93.0538
93.0915
93.1317
93.1745
93.2198
93.2675
93.3176
93.3701
93.4248
93.4818
93.541
93.6023
93.6657
93.731
93.7983
93.8674
93.9383
94.011
94.0852
94.1611
94.2385
94.3173
94.3974
94.4789
94.5615
94.6453
94.7302
94.816
94.9027
94.9897
95.0792
95.1637
95.2579
95.3421
95.4311
95.5239
95.6116
95.697
95.7894
95.8804
95.9661
96.0515
96.1431
96.2316
96.3157
96.399
96.4874
96.5727
96.6534
96.7355
96.8198
96.8967
96.9764
97.0541
97.129
97.2028
97.2774
97.346
97.4182
97.4851
97.5519
97.618
97.68
97.743
97.8022
97.8601
97.9169
97.9695
98.0228
98.0709
98.1193
98.1635
98.2063
98.2465
98.2834
98.3193
98.3504
98.3813
98.4069
98.4325
98.4526
98.4724
98.4871
98.5011
98.5102
98.5184
98.5218
98.5241
97.419
97.4162
97.4128
97.404
97.3945
97.3796
97.364
97.3433
97.3216
97.2952
97.2673
97.2356
97.2014
97.1648
97.1244
97.0831
97.0367
96.9905
96.9391
96.8876
96.8322
96.7747
96.7161
96.6531
96.591
96.524
96.4571
96.388
96.3159
96.2445
96.1694
96.093
96.0178
95.9362
95.8583
95.776
95.6919
95.6079
95.524
95.4331
95.3457
95.2593
95.1684
95.0737
94.9834
94.894
94.8014
94.7036
94.6106
94.5198
94.4253
94.3266
94.2341
94.1425
94.0454
93.9496
93.8608
93.7624
93.6722
93.5784
93.4868
93.3956
93.3056
93.2166
93.1288
93.0423
92.9571
92.8734
92.7911
92.7105
92.6315
92.5543
92.4789
92.4054
92.3339
92.2643
92.197
92.1317
92.0688
92.0081
91.9498
91.894
91.8406
91.7898
91.7416
91.6961
91.6532
91.6131
91.5758
91.5414
91.5098
91.4811
91.4553
91.4325
91.4127
91.3959
91.3822
91.3714
91.3638
91.3592
91.3576
91.3592
91.3638
91.3714
91.3822
91.3959
91.4127
91.4325
91.4553
91.4811
91.5098
91.5414
91.5758
91.6131
91.6532
91.6961
91.7416
91.7898
91.8406
91.894
91.9498
92.0081
92.0688
92.1317
92.197
92.2643
92.3339
92.4054
92.4789
92.5543
92.6315
92.7105
92.7911
92.8734
92.9571
93.0423
93.1288
93.2166
93.3056
93.3956
93.4868
93.5784
93.6722
93.7624
93.8608
93.9496
94.0454
94.1425
94.2341
94.3266
94.4253
94.5198
94.6106
94.7036
94.8014
94.894
94.9834
95.0737
95.1684
95.2593
95.3457
95.4331
95.524
95.6079
95.6919
95.776
95.8583
95.9362
96.0178
96.093
96.1694
96.2445
96.3159
96.388
96.4571
96.524
96.591
96.6531
96.7161
96.7747
96.8322
96.8876
96.9391
96.9905
97.0367
97.0831
97.1244
97.1648
97.2014
97.2356
97.2673
97.2952
97.3216
97.3433
97.364
97.3796
97.3945
97.404
97.4128
97.4162
97.419
96.31
96.3079
96.3035
96.2951
96.2841
96.2695
96.2519
96.2313
96.2071
96.1806
96.1498
96.1177
96.0806
96.0428
95.9997
95.9562
95.9077
95.8581
95.8051
95.7492
95.6921
95.6303
95.5688
95.5025
95.4357
95.3664
95.2938
95.2219
95.145
95.0687
94.9902
94.9087
94.8278
94.7446
94.6577
94.5745
94.4845
94.395
94.3059
94.2153
94.1181
94.0244
93.9321
93.8366
93.7362
93.6382
93.5427
93.4464
93.3436
93.2429
93.1459
93.0481
92.9444
92.8445
92.7482
92.6476
92.5454
92.4518
92.3494
92.2538
92.1559
92.0598
91.9645
91.8704
91.7775
91.686
91.5959
91.5072
91.4202
91.3348
91.2512
91.1695
91.0896
91.0118
90.936
90.8624
90.791
90.7219
90.6552
90.5909
90.5292
90.47
90.4134
90.3596
90.3085
90.2602
90.2148
90.1723
90.1328
90.0962
90.0627
90.0323
90.005
89.9808
89.9598
89.942
89.9274
89.916
89.9079
89.903
89.9014
89.903
89.9079
89.916
89.9274
89.942
89.9598
89.9808
90.005
90.0323
90.0627
90.0962
90.1328
90.1723
90.2148
90.2602
90.3085
90.3596
90.4134
90.47
90.5292
90.5909
90.6552
90.7219
90.791
90.8624
90.936
91.0118
91.0896
91.1695
91.2512
91.3348
91.4202
91.5072
91.5959
91.686
91.7775
91.8704
91.9645
92.0598
92.1559
92.2538
92.3494
92.4518
92.5454
92.6476
92.7482
92.8445
92.9444
93.0481
93.1459
93.2429
93.3436
93.4464
93.5427
93.6382
93.7362
93.8366
93.9321
94.0244
94.1181
94.2153
94.3059
94.395
94.4845
94.5745
94.6577
94.7446
94.8278
94.9087
94.9902
95.0687
95.145
95.2219
95.2938
95.3664
95.4357
95.5025
95.5688
95.6303
95.6921
95.7492
95.8051
95.8581
95.9077
95.9562
95.9997
96.0428
96.0806
96.1177
96.1498
96.1806
96.2071
96.2313
96.2519
96.2695
96.2841
96.2951
96.3035
96.3079
96.31
95.2073
95.2063
95.2005
95.1928
95.1801
95.1658
95.1463
95.1255
95.0992
95.072
95.0391
95.0055
94.9665
94.9264
94.8817
94.8348
94.785
94.7315
94.6768
94.617
94.5572
94.4924
94.4267
94.3581
94.2861
94.2141
94.1372
94.0604
93.9808
93.8981
93.8166
93.73
93.6437
93.5565
93.4656
93.3741
93.2844
93.187
93.0918
92.9968
92.9004
92.7973
92.6962
92.5973
92.4975
92.3923
92.2867
92.1837
92.083
91.9765
91.8687
91.7645
91.6626
91.5549
91.448
91.3462
91.2422
91.1341
91.0353
90.929
90.8282
90.7262
90.6258
90.5264
90.4284
90.3317
90.2365
90.1429
90.051
89.9609
89.8726
89.7862
89.7018
89.6195
89.5395
89.4617
89.3862
89.3132
89.2427
89.1747
89.1094
89.0469
88.9871
88.9301
88.8761
88.825
88.777
88.7321
88.6902
88.6516
88.6161
88.584
88.5551
88.5295
88.5073
88.4884
88.473
88.461
88.4523
88.4472
88.4455
88.4472
88.4523
88.461
88.473
88.4884
88.5073
88.5295
88.5551
88.584
88.6161
88.6516
88.6902
88.7321
88.777
88.825
88.8761
88.9301
88.9871
89.0469
89.1094
89.1747
89.2427
89.3132
89.3862
89.4617
89.5395
89.6195
89.7018
89.7862
89.8726
89.9609
90.051
90.1429
90.2365
90.3317
90.4284
90.5264
90.6258
90.7262
90.8282
90.929
91.0353
91.1341
91.2422
91.3462
91.448
91.5549
91.6626
91.7645
91.8687
91.9765
92.083
92.1837
92.2867
92.3923
92.4975
92.5973
92.6962
92.7973
92.9004
92.9968
93.0918
93.187
93.2844
93.3741
93.4656
93.5565
93.6437
93.73
93.8166
93.8981
93.9808
94.0604
94.1372
94.2141
94.2861
94.3581
94.4267
94.4924
94.5572
94.617
94.6768
94.7315
94.785
94.8348
94.8817
94.9264
94.9665
95.0055
95.0391
95.072
95.0992
95.1255
95.1463
95.1658
95.1801
95.1928
95.2005
95.2063
95.2073
94.1021
94.1015
94.095
94.0872
94.0737
94.0588
94.0383
94.0164
93.989
93.96
93.9262
93.8901
93.8501
93.8068
93.7611
93.7108
93.6594
93.6026
93.5453
93.4829
93.4192
93.3523
93.2819
93.2109
93.1348
93.0587
92.9788
92.8965
92.8139
92.7266
92.6395
92.5505
92.4573
92.3662
92.2712
92.1738
92.0774
91.9809
91.8769
91.775
91.6734
91.572
91.4639
91.3553
91.2486
91.1438
91.0348
90.9231
90.8119
90.7055
90.5956
90.4824
90.3705
90.2636
90.1526
90.0396
89.9315
89.8242
89.711
89.6068
89.4968
89.3911
89.2851
89.1807
89.0775
88.9757
88.8756
88.777
88.6803
88.5853
88.4923
88.4013
88.3125
88.2258
88.1415
88.0595
87.9801
87.9031
87.8288
87.7572
87.6884
87.6225
87.5594
87.4994
87.4425
87.3887
87.338
87.2907
87.2466
87.2058
87.1684
87.1345
87.1041
87.0771
87.0537
87.0338
87.0175
87.0048
86.9958
86.9903
86.9885
86.9903
86.9958
87.0048
87.0175
87.0338
87.0537
87.0771
87.1041
87.1345
87.1684
87.2058
87.2466
87.2907
87.338
87.3887
87.4425
87.4994
87.5594
87.6225
87.6884
87.7572
87.8288
87.9031
87.9801
88.0595
88.1415
88.2258
88.3125
88.4013
88.4923
88.5853
88.6803
88.777
88.8756
88.9757
89.0775
89.1807
89.2851
89.3911
89.4968
89.6068
89.711
89.8242
89.9315
90.0396
90.1526
90.2636
90.3705
90.4824
90.5956
90.7055
90.8119
90.9231
91.0348
91.1438
91.2486
91.3553
91.4639
91.572
91.6734
91.775
91.8769
91.9809
92.0774
92.1738
92.2712
92.3662
92.4573
92.5505
92.6395
92.7266
92.8139
92.8965
92.9788
93.0587
93.1348
93.2109
93.2819
93.3523
93.4192
93.4829
93.5453
93.6026
93.6594
93.7108
93.7611
93.8068
93.8501
93.8901
93.9262
93.96
93.989
94.0164
94.0383
94.0588
94.0737
94.0872
94.095
94.1015
94.1021
93.0017
93.0005
92.9942
92.9855
92.972
92.9556
92.9349
92.911
92.8834
92.8519
92.8175
92.7786
92.7377
92.6915
92.6441
92.5911
92.5371
92.4781
92.4171
92.3529
92.2849
92.2157
92.1414
92.0667
91.9878
91.9065
91.8241
91.7369
91.65
91.5594
91.4663
91.3736
91.2764
91.178
91.0809
90.9781
90.8744
90.772
90.6695
90.5598
90.4504
90.3411
90.2343
90.1222
90.0072
89.8922
89.7806
89.6678
89.5516
89.4328
89.319
89.2052
89.088
88.969
88.8557
88.7414
88.6235
88.5088
88.3979
88.2801
88.1706
88.0569
87.9466
87.8367
87.7283
87.6215
87.5163
87.4127
87.3111
87.2113
87.1136
87.018
86.9246
86.8335
86.7449
86.6587
86.5752
86.4943
86.4161
86.3409
86.2685
86.1992
86.1329
86.0698
86.0099
85.9533
85.9
85.8502
85.8038
85.761
85.7217
85.686
85.6539
85.6256
85.6009
85.58
85.5629
85.5495
85.54
85.5342
85.5323
85.5342
85.54
85.5495
85.5629
85.58
85.6009
85.6256
85.6539
85.686
85.7217
85.761
85.8038
85.8502
85.9
85.9533
86.0099
86.0698
86.1329
86.1992
86.2685
86.3409
86.4161
86.4943
86.5752
86.6587
86.7449
86.8335
86.9246
87.018
87.1136
87.2113
87.3111
87.4127
87.5163
87.6215
87.7283
87.8367
87.9466
88.0569
88.1706
88.2801
88.3979
88.5088
88.6235
88.7414
88.8557
88.969
89.088
89.2052
89.319
89.4328
89.5516
89.6678
89.7806
89.8922
90.0072
90.1222
90.2343
90.3411
90.4504
90.5598
90.6695
90.772
90.8744
90.9781
91.0809
91.178
91.2764
91.3736
91.4663
91.5594
91.65
91.7369
91.8241
91.9065
91.9878
92.0667
92.1414
92.2157
92.2849
92.3529
92.4171
92.4781
92.5371
92.5911
92.6441
92.6915
92.7377
92.7786
92.8175
92.8519
92.8834
92.911
92.9349
92.9556
92.972
92.9855
92.9942
93.0005
93.0017
91.9034
91.9011
91.8956
91.8854
91.8722
91.8542
91.8334
91.8075
91.7794
91.7457
91.7103
91.6691
91.6264
91.5782
91.5281
91.4734
91.4159
91.3552
91.2903
91.2239
91.1522
91.0798
91.0026
90.9233
90.8419
90.7559
90.6697
90.579
90.4865
90.3931
90.2947
90.1967
90.0966
89.9921
89.8884
89.7848
89.675
89.5644
89.4546
89.3463
89.2319
89.1158
88.998
88.884
88.7677
88.6482
88.5257
88.4059
88.2877
88.168
88.0433
87.9214
87.8021
87.6815
87.5569
87.4365
87.3181
87.1962
87.0751
86.96
86.8381
86.7234
86.606
86.4914
86.3777
86.2657
86.1553
86.0468
85.9401
85.8355
85.733
85.6327
85.5347
85.4392
85.3461
85.2557
85.168
85.0831
85.0011
84.9221
84.8462
84.7734
84.7038
84.6376
84.5747
84.5153
84.4594
84.407
84.3583
84.3133
84.2721
84.2346
84.2009
84.1712
84.1453
84.1233
84.1053
84.0913
84.0813
84.0753
84.0733
84.0753
84.0813
84.0913
84.1053
84.1233
84.1453
84.1712
84.2009
84.2346
84.2721
84.3133
84.3583
84.407
84.4594
84.5153
84.5747
84.6376
84.7038
84.7734
84.8462
84.9221
85.0011
85.0831
85.168
85.2557
85.3461
85.4392
85.5347
85.6327
85.733
85.8355
85.9401
86.0468
86.1553
86.2657
86.3777
86.4914
86.606
86.7234
86.8381
86.96
87.0751
87.1962
87.3181
87.4365
87.5569
87.6815
87.8021
87.9214
88.0433
88.168
88.2877
88.4059
88.5257
88.6482
88.7677
88.884
88.998
89.1158
89.2319
89.3463
89.4546
89.5644
89.675
89.7848
89.8884
89.9921
90.0966
90.1967
90.2947
90.3931
90.4865
90.579
90.6697
90.7559
90.8419
90.9233
91.0026
91.0798
91.1522
91.2239
91.2903
91.3552
91.4159
91.4734
91.5281
91.5782
91.6264
91.6691
91.7103
91.7457
91.7794
91.8075
91.8334
91.8542
91.8722
91.8854
91.8956
91.9011
91.9034
90.8065
90.8035
90.7983
90.7871
90.7738
90.7545
90.7332
90.7058
90.6765
90.6414
90.6041
90.5615
90.5163
90.4667
90.4134
90.3572
90.2962
90.2335
90.1653
90.0959
90.0216
89.9449
89.8654
89.7815
89.6969
89.6073
89.5163
89.4228
89.325
89.2274
89.1257
89.0212
88.9176
88.8095
88.6981
88.5882
88.4783
88.3628
88.2452
88.1269
88.0118
87.893
87.7719
87.6463
87.5236
87.4014
87.2781
87.1503
87.0224
86.8969
86.7731
86.6444
86.5152
86.389
86.2647
86.1358
86.0085
85.8852
85.7599
85.6329
85.5134
85.3877
85.268
85.147
85.0284
84.9112
84.7957
84.6821
84.5705
84.461
84.3537
84.2487
84.1461
84.0461
83.9487
83.854
83.7622
83.6733
83.5875
83.5047
83.4252
83.3489
83.2761
83.2067
83.1408
83.0786
83.02
82.9652
82.9142
82.867
82.8238
82.7845
82.7493
82.7181
82.6909
82.6679
82.6491
82.6344
82.6239
82.6176
82.6155
82.6176
82.6239
82.6344
82.6491
82.6679
82.6909
82.7181
82.7493
82.7845
82.8238
82.867
82.9142
82.9652
83.02
83.0786
83.1408
83.2067
83.2761
83.3489
83.4252
83.5047
83.5875
83.6733
83.7622
83.854
83.9487
84.0461
84.1461
84.2487
84.3537
84.461
84.5705
84.6821
84.7957
84.9112
85.0284
85.147
85.268
85.3877
85.5134
85.6329
85.7599
85.8852
86.0085
86.1358
86.2647
86.389
86.5152
86.6444
86.7731
86.8969
87.0224
87.1503
87.2781
87.4014
87.5236
87.6463
87.7719
87.893
88.0118
88.1269
88.2452
88.3628
88.4783
88.5882
88.6981
88.8095
88.9176
89.0212
89.1257
89.2274
89.325
89.4228
89.5163
89.6073
89.6969
89.7815
89.8654
89.9449
90.0216
90.0959
90.1653
90.2335
90.2962
90.3572
90.4134
90.4667
90.5163
90.5615
90.6041
90.6414
90.6765
90.7058
90.7332
90.7545
90.7738
90.7871
90.7983
90.8035
90.8065
89.713
89.71
89.7044
89.6929
89.6788
89.6589
89.6362
89.6081
89.5769
89.5409
89.5012
89.4576
89.4094
89.3584
89.3021
89.2439
89.18
89.1144
89.0437
88.9703
88.8938
88.8127
88.7304
88.6428
88.5539
88.4614
88.3651
88.2683
88.1664
88.0631
87.9586
87.8488
87.7387
87.6287
87.5133
87.3948
87.277
87.1604
87.0402
86.9167
86.79
86.6662
86.5414
86.4162
86.2849
86.1538
86.0235
85.8951
85.7634
85.6292
85.4953
85.3656
85.2334
85.0987
84.965
84.8357
84.7032
84.5698
84.4407
84.3122
84.1799
84.0555
83.9263
83.8019
83.6773
83.5549
83.4342
83.3154
83.1988
83.0843
82.9721
82.8623
82.755
82.6504
82.5486
82.4496
82.3535
82.2605
82.1707
82.0842
82.0009
81.9212
81.845
81.7724
81.7034
81.6383
81.577
81.5196
81.4663
81.4169
81.3717
81.3306
81.2937
81.261
81.2326
81.2086
81.1888
81.1735
81.1625
81.1559
81.1537
81.1559
81.1625
81.1735
81.1888
81.2086
81.2326
81.261
81.2937
81.3306
81.3717
81.4169
81.4663
81.5196
81.577
81.6383
81.7034
81.7724
81.845
81.9212
82.0009
82.0842
82.1707
82.2605
82.3535
82.4496
82.5486
82.6504
82.755
82.8623
82.9721
83.0843
83.1988
83.3154
83.4342
83.5549
83.6773
83.8019
83.9263
84.0555
84.1799
84.3122
84.4407
84.5698
84.7032
84.8357
84.965
85.0987
85.2334
85.3656
85.4953
85.6292
85.7634
85.8951
86.0235
86.1538
86.2849
86.4162
86.5414
86.6662
86.79
86.9167
87.0402
87.1604
87.277
87.3948
87.5133
87.6287
87.7387
87.8488
87.9586
88.0631
88.1664
88.2683
88.3651
88.4614
88.5539
88.6428
88.7304
88.8127
88.8938
88.9703
89.0437
89.1144
89.18
89.2439
89.3021
89.3584
89.4094
89.4576
89.5012
89.5409
89.5769
89.6081
89.6362
89.6589
89.6788
89.6929
89.7044
89.71
89.713
88.6221
88.6197
88.6132
88.6019
88.5864
88.5664
88.5419
88.5135
88.48
88.4433
88.4011
88.3562
88.3055
88.2526
88.1938
88.1329
88.0668
87.9976
87.9248
87.8474
87.7683
87.6836
87.5975
87.5069
87.4131
87.3177
87.217
87.1155
87.0107
86.9016
86.7928
86.6803
86.5629
86.4462
86.3295
86.2084
86.0832
85.9567
85.8319
85.7061
85.5782
85.445
85.3123
85.1792
85.0484
84.9132
84.7757
84.6368
84.5011
84.3652
84.2267
84.0855
83.9482
83.8117
83.6729
83.5324
83.3969
83.261
83.1226
82.9874
82.8554
82.7186
82.5892
82.4566
82.3279
82.1998
82.0739
81.95
81.8282
81.7087
81.5916
81.477
81.365
81.2558
81.1494
81.046
80.9458
80.8487
80.7549
80.6645
80.5776
80.4942
80.4146
80.3388
80.2668
80.1988
80.1347
80.0748
80.019
79.9675
79.9202
79.8773
79.8387
79.8046
79.7749
79.7498
79.7292
79.7131
79.7016
79.6947
79.6924
79.6947
79.7016
79.7131
79.7292
79.7498
79.7749
79.8046
79.8387
79.8773
79.9202
79.9675
80.019
80.0748
80.1347
80.1988
80.2668
80.3388
80.4146
80.4942
80.5776
80.6645
80.7549
80.8487
80.9458
81.046
81.1494
81.2558
81.365
81.477
81.5916
81.7087
81.8282
81.95
82.0739
82.1998
82.3279
82.4566
82.5892
82.7186
82.8554
82.9874
83.1226
83.261
83.3969
83.5324
83.6729
83.8117
83.9482
84.0855
84.2267
84.3652
84.5011
84.6368
84.7757
84.9132
85.0484
85.1792
85.3123
85.445
85.5782
85.7061
85.8319
85.9567
86.0832
86.2084
86.3295
86.4462
86.5629
86.6803
86.7928
86.9016
87.0107
87.1155
87.217
87.3177
87.4131
87.5069
87.5975
87.6836
87.7683
87.8474
87.9248
87.9976
88.0668
88.1329
88.1938
88.2526
88.3055
88.3562
88.4011
88.4433
88.48
88.5135
88.5419
88.5664
88.5864
88.6019
88.6132
88.6197
88.6221
87.5336
87.5317
87.5242
87.5132
87.4963
87.4762
87.45
87.4209
87.3855
87.3476
87.3033
87.2566
87.2039
87.1484
87.0877
87.0234
86.9554
86.8825
86.8073
86.7264
86.6438
86.5562
86.4656
86.3723
86.2739
86.1746
86.0706
85.9635
85.8555
85.742
85.6266
85.5115
85.3916
85.267
85.1419
85.0175
84.8912
84.7608
84.6266
84.4924
84.3587
84.2256
84.0879
83.9484
83.8062
83.6674
83.5273
83.3854
83.2398
83.0955
82.9533
82.811
82.6644
82.5193
82.3768
82.2345
82.0887
81.9462
81.8063
81.664
81.5226
81.3868
81.2459
81.1117
80.9757
80.843
80.7115
80.5824
80.4554
80.3308
80.2087
80.0892
79.9724
79.8585
79.7476
79.6398
79.5351
79.4339
79.336
79.2417
79.151
79.0641
78.981
78.9019
78.8268
78.7558
78.689
78.6265
78.5682
78.5144
78.4651
78.4203
78.3801
78.3445
78.3135
78.2873
78.2657
78.249
78.237
78.2298
78.2274
78.2298
78.237
78.249
78.2657
78.2873
78.3135
78.3445
78.3801
78.4203
78.4651
78.5144
78.5682
78.6265
78.689
78.7558
78.8268
78.9019
78.981
79.0641
79.151
79.2417
79.336
79.4339
79.5351
79.6398
79.7476
79.8585
79.9724
80.0892
80.2087
80.3308
80.4554
80.5824
80.7115
80.843
80.9757
81.1117
81.2459
81.3868
81.5226
81.664
81.8063
81.9462
82.0887
82.2345
82.3768
82.5193
82.6644
82.811
82.9533
83.0955
83.2398
83.3854
83.5273
83.6674
83.8062
83.9484
84.0879
84.2256
84.3587
84.4924
84.6266
84.7608
84.8912
85.0175
85.1419
85.267
85.3916
85.5115
85.6266
85.742
85.8555
85.9635
86.0706
86.1746
86.2739
86.3723
86.4656
86.5562
86.6438
86.7264
86.8073
86.8825
86.9554
87.0234
87.0877
87.1484
87.2039
87.2566
87.3033
87.3476
87.3855
87.4209
87.45
87.4762
87.4963
87.5132
87.5242
87.5317
87.5336
86.4507
86.4491
86.441
86.4297
86.4119
86.3911
86.3637
86.3333
86.2966
86.2568
86.2111
86.1618
86.1076
86.049
85.9866
85.9189
85.8487
85.7725
85.6941
85.6104
85.5237
85.4334
85.3383
85.2417
85.1396
85.0353
84.9283
84.8161
84.7033
84.5874
84.4656
84.3432
84.2209
84.0949
83.964
83.8302
83.6966
83.563
83.4278
83.2883
83.1463
83.003
82.862
82.7193
82.5751
82.4258
82.2779
82.1304
81.9838
81.8336
81.6819
81.5316
81.3842
81.2338
81.0821
80.9324
80.7857
80.6358
80.4868
80.3418
80.1962
80.0492
79.909
79.7645
79.6256
79.4863
79.3499
79.2152
79.083
78.9532
78.826
78.7015
78.5799
78.4612
78.3456
78.2332
78.1242
78.0187
77.9167
77.8184
77.7239
77.6333
77.5467
77.4642
77.3859
77.3119
77.2423
77.1771
77.1164
77.0603
77.0088
76.9621
76.9202
76.883
76.8508
76.8234
76.801
76.7835
76.771
76.7635
76.761
76.7635
76.771
76.7835
76.801
76.8234
76.8508
76.883
76.9202
76.9621
77.0088
77.0603
77.1164
77.1771
77.2423
77.3119
77.3859
77.4642
77.5467
77.6333
77.7239
77.8184
77.9167
78.0187
78.1242
78.2332
78.3456
78.4612
78.5799
78.7015
78.826
78.9532
79.083
79.2152
79.3499
79.4863
79.6256
79.7645
79.909
80.0492
80.1962
80.3418
80.4868
80.6358
80.7857
80.9324
81.0821
81.2338
81.3842
81.5316
81.6819
81.8336
81.9838
82.1304
82.2779
82.4258
82.5751
82.7193
82.862
83.003
83.1463
83.2883
83.4278
83.563
83.6966
83.8302
83.964
84.0949
84.2209
84.3432
84.4656
84.5874
84.7033
84.8161
84.9283
85.0353
85.1396
85.2417
85.3383
85.4334
85.5237
85.6104
85.6941
85.7725
85.8487
85.9189
85.9866
86.049
86.1076
86.1618
86.2111
86.2568
86.2966
86.3333
86.3637
86.3911
86.4119
86.4297
86.441
86.4491
86.4507
85.3702
85.3684
85.3601
85.3482
85.3299
85.3078
85.2797
85.2476
85.21
85.1678
85.121
85.069
85.0132
84.9516
84.8872
84.8165
84.7433
84.6645
84.5823
84.4961
84.4051
84.3118
84.2128
84.1119
84.0068
83.8973
83.7867
83.6707
83.5514
83.4323
83.3087
83.1795
83.0485
82.9175
82.7853
82.6492
82.5088
82.366
82.2229
82.0805
81.9362
81.7889
81.6378
81.4874
81.3368
81.1875
81.0336
80.8782
80.7219
80.5685
80.4142
80.2572
80.099
79.9447
79.7901
79.6337
79.4768
79.3246
79.1712
79.0166
78.8659
78.717
78.5651
78.4203
78.2725
78.1293
77.9867
77.8469
77.7093
77.5742
77.4418
77.3123
77.1857
77.0622
76.9419
76.8249
76.7114
76.6015
76.4954
76.393
76.2947
76.2003
76.1102
76.0243
75.9428
75.8657
75.7931
75.7252
75.662
75.6036
75.5501
75.5014
75.4577
75.419
75.3854
75.3569
75.3336
75.3153
75.3023
75.2945
75.2919
75.2945
75.3023
75.3153
75.3336
75.3569
75.3854
75.419
75.4577
75.5014
75.5501
75.6036
75.662
75.7252
75.7931
75.8657
75.9428
76.0243
76.1102
76.2003
76.2947
76.393
76.4954
76.6015
76.7114
76.8249
76.9419
77.0622
77.1857
77.3123
77.4418
77.5742
77.7093
77.8469
77.9867
78.1293
78.2725
78.4203
78.5651
78.717
78.8659
79.0166
79.1712
79.3246
79.4768
79.6337
79.7901
79.9447
80.099
80.2572
80.4142
80.5685
80.7219
80.8782
81.0336
81.1875
81.3368
81.4874
81.6378
81.7889
81.9362
82.0805
82.2229
82.366
82.5088
82.6492
82.7853
82.9175
83.0485
83.1795
83.3087
83.4323
83.5514
83.6707
83.7867
83.8973
84.0068
84.1119
84.2128
84.3118
84.4051
84.4961
84.5823
84.6645
84.7433
84.8165
84.8872
84.9516
85.0132
85.069
85.121
85.1678
85.21
85.2476
85.2797
85.3078
85.3299
85.3482
85.3601
85.3684
85.3702
84.2948
84.2924
84.2843
84.2713
84.2528
84.2292
84.2006
84.1665
84.1279
84.0834
84.0352
83.9806
83.9229
83.8587
83.7915
83.7184
83.6417
83.5605
83.4743
83.3854
83.2905
83.1934
83.0913
82.9853
82.8771
82.7631
82.6474
82.529
82.4042
82.2773
82.1504
82.0203
81.885
81.7457
81.6048
81.4638
81.3216
81.1762
81.0268
80.8747
80.7226
80.5707
80.4185
80.262
80.1039
79.9439
79.787
79.6281
79.4676
79.3039
79.1419
78.9816
78.8206
78.6563
78.494
78.3339
78.1736
78.0108
77.852
77.6947
77.5358
77.379
77.2265
77.0704
76.9209
76.7698
76.6227
76.4769
76.334
76.1935
76.0559
75.9211
75.7895
75.661
75.5359
75.4142
75.2962
75.1819
75.0714
74.9649
74.8626
74.7644
74.6706
74.5812
74.4964
74.4162
74.3407
74.27
74.2043
74.1435
74.0877
74.0371
73.9916
73.9513
73.9164
73.8867
73.8624
73.8434
73.8299
73.8217
73.819
73.8217
73.8299
73.8434
73.8624
73.8867
73.9164
73.9513
73.9916
74.0371
74.0877
74.1435
74.2043
74.27
74.3407
74.4162
74.4964
74.5812
74.6706
74.7644
74.8626
74.9649
75.0714
75.1819
75.2962
75.4142
75.5359
75.661
75.7895
75.9211
76.0559
76.1935
76.334
76.4769
76.6227
76.7698
76.9209
77.0704
77.2265
77.379
77.5358
77.6947
77.852
78.0108
78.1736
78.3339
78.494
78.6563
78.8206
78.9816
79.1419
79.3039
79.4676
79.6281
79.787
79.9439
80.1039
80.262
80.4185
80.5707
80.7226
80.8747
81.0268
81.1762
81.3216
81.4638
81.6048
81.7457
81.885
82.0203
82.1504
82.2773
82.4042
82.529
82.6474
82.7631
82.8771
82.9853
83.0913
83.1934
83.2905
83.3854
83.4743
83.5605
83.6417
83.7184
83.7915
83.8587
83.9229
83.9806
84.0352
84.0834
84.1279
84.1665
84.2006
84.2292
84.2528
84.2713
84.2843
84.2924
84.2948
83.2253
83.2222
83.2144
83.2002
83.1816
83.1564
83.1271
83.0912
83.0514
83.0048
82.9548
82.898
82.8378
82.7714
82.701
82.6257
82.5453
82.4614
82.3716
82.2792
82.181
82.0794
81.9743
81.8637
81.7514
81.634
81.512
81.3897
81.2635
81.1311
80.9953
80.8589
80.7212
80.5804
80.4351
80.2858
80.1346
79.9832
79.8312
79.6768
79.5184
79.3577
79.1961
79.036
78.8743
78.711
78.5433
78.3771
78.2108
78.0455
77.8766
77.7067
77.5385
77.3725
77.2038
77.0346
76.8675
76.7029
76.5357
76.3702
76.2082
76.0456
75.8832
75.7267
75.5668
75.4128
75.2586
75.1078
74.9591
74.8132
74.6702
74.5301
74.3933
74.2598
74.1297
74.0033
73.8806
73.7618
73.647
73.5363
73.4298
73.3278
73.2303
73.1373
73.0491
72.9657
72.8872
72.8137
72.7453
72.6821
72.6241
72.5714
72.5241
72.4822
72.4459
72.415
72.3897
72.37
72.3559
72.3474
72.3446
72.3474
72.3559
72.37
72.3897
72.415
72.4459
72.4822
72.5241
72.5714
72.6241
72.6821
72.7453
72.8137
72.8872
72.9657
73.0491
73.1373
73.2303
73.3278
73.4298
73.5363
73.647
73.7618
73.8806
74.0033
74.1297
74.2598
74.3933
74.5301
74.6702
74.8132
74.9591
75.1078
75.2586
75.4128
75.5668
75.7267
75.8832
76.0456
76.2082
76.3702
76.5357
76.7029
76.8675
77.0346
77.2038
77.3725
77.5385
77.7067
77.8766
78.0455
78.2108
78.3771
78.5433
78.711
78.8743
79.036
79.1961
79.3577
79.5184
79.6768
79.8312
79.9832
80.1346
80.2858
80.4351
80.5804
80.7212
80.8589
80.9953
81.1311
81.2635
81.3897
81.512
81.634
81.7514
81.8637
81.9743
82.0794
82.181
82.2792
82.3716
82.4614
82.5453
82.6257
82.701
82.7714
82.8378
82.898
82.9548
83.0048
83.0514
83.0912
83.1271
83.1564
83.1816
83.2002
83.2144
83.2222
83.2253
82.1572
82.1536
82.1458
82.1308
82.1116
82.0852
82.0548
82.0174
81.9759
81.9277
81.8753
81.8167
81.7535
81.6852
81.6114
81.5337
81.4498
81.3629
81.2698
81.1733
81.0722
80.966
80.8574
80.7428
80.6253
80.5053
80.3786
80.2484
80.1178
79.9844
79.8459
79.7024
79.5559
79.4082
79.2595
79.1084
78.9534
78.7944
78.6331
78.4714
78.3097
78.1461
77.9795
77.8096
77.64
77.4702
77.3015
77.1286
76.9546
76.7795
76.6071
76.4337
76.2582
76.0819
75.909
75.736
75.5616
75.3874
75.2173
75.0463
74.875
74.7076
74.5416
74.3742
74.2133
74.05
73.8919
73.7345
73.5804
73.4289
73.2804
73.135
72.9929
72.8543
72.7192
72.5879
72.4604
72.337
72.2177
72.1027
71.9922
71.8861
71.7848
71.6882
71.5965
71.5099
71.4283
71.3519
71.2808
71.2151
71.1549
71.1001
71.051
71.0074
70.9696
70.9376
70.9113
70.8908
70.8761
70.8673
70.8644
70.8673
70.8761
70.8908
70.9113
70.9376
70.9696
71.0074
71.051
71.1001
71.1549
71.2151
71.2808
71.3519
71.4283
71.5099
71.5965
71.6882
71.7848
71.8861
71.9922
72.1027
72.2177
72.337
72.4604
72.5879
72.7192
72.8543
72.9929
73.135
73.2804
73.4289
73.5804
73.7345
73.8919
74.05
74.2133
74.3742
74.5416
74.7076
74.875
75.0463
75.2173
75.3874
75.5616
75.736
75.909
76.0819
76.2582
76.4337
76.6071
76.7795
76.9546
77.1286
77.3015
77.4702
77.64
77.8096
77.9795
78.1461
78.3097
78.4714
78.6331
78.7944
78.9534
79.1084
79.2595
79.4082
79.5559
79.7024
79.8459
79.9844
80.1178
80.2484
80.3786
80.5053
80.6253
80.7428
80.8574
80.966
81.0722
81.1733
81.2698
81.3629
81.4498
81.5337
81.6114
81.6852
81.7535
81.8167
81.8753
81.9277
81.9759
82.0174
82.0548
82.0852
82.1116
82.1308
82.1458
82.1536
82.1572
81.0987
81.095
81.0867
81.0712
81.0511
81.0239
80.992
80.9533
80.9097
80.86
80.805
80.7447
80.6784
80.6079
80.5308
80.4503
80.3632
80.2726
80.1765
80.0756
79.9714
79.861
79.748
79.6302
79.5068
79.3824
79.2544
79.1198
78.9807
78.8397
78.6974
78.5524
78.4031
78.249
78.0915
77.9323
77.7724
77.611
77.4464
77.278
77.1068
76.9352
76.7636
76.5914
76.4158
76.2383
76.059
75.8822
75.7038
75.5243
75.3415
75.1604
74.9808
74.8008
74.6181
74.4374
74.2587
74.0801
73.8997
73.7232
73.5482
73.3722
73.1989
73.0294
72.8576
72.6922
72.5257
72.3636
72.2033
72.0462
71.892
71.7411
71.5936
71.4497
71.3094
71.1731
71.0407
70.9126
70.7887
70.6693
70.5545
70.4444
70.3391
70.2388
70.1436
70.0535
69.9688
69.8894
69.8156
69.7473
69.6847
69.6278
69.5768
69.5316
69.4923
69.4589
69.4316
69.4103
69.3951
69.3859
69.3829
69.3859
69.3951
69.4103
69.4316
69.4589
69.4923
69.5316
69.5768
69.6278
69.6847
69.7473
69.8156
69.8894
69.9688
70.0535
70.1436
70.2388
70.3391
70.4444
70.5545
70.6693
70.7887
70.9126
71.0407
71.1731
71.3094
71.4497
71.5936
71.7411
71.892
72.0462
72.2033
72.3636
72.5257
72.6922
72.8576
73.0294
73.1989
73.3722
73.5482
73.7232
73.8997
74.0801
74.2587
74.4374
74.6181
74.8008
74.9808
75.1604
75.3415
75.5243
75.7038
75.8822
76.059
76.2383
76.4158
76.5914
76.7636
76.9352
77.1068
77.278
77.4464
77.611
77.7724
77.9323
78.0915
78.249
78.4031
78.5524
78.6974
78.8397
78.9807
79.1198
79.2544
79.3824
79.5068
79.6302
79.748
79.861
79.9714
80.0756
80.1765
80.2726
80.3632
80.4503
80.5308
80.6079
80.6784
80.7447
80.805
80.86
80.9097
80.9533
80.992
81.0239
81.0511
81.0712
81.0867
81.095
81.0987
80.0409
80.0375
80.0285
80.0128
79.9914
79.9635
79.9298
79.8901
79.8442
79.7931
79.7353
79.6731
79.6039
79.5307
79.4508
79.3669
79.277
79.1823
79.0834
78.9782
78.8703
78.7562
78.6381
78.5175
78.3899
78.2576
78.1242
77.9883
77.8473
77.7009
77.5502
77.397
77.2424
77.0858
76.9259
76.7617
76.5935
76.4231
76.2519
76.08
75.9059
75.7283
75.5479
75.3663
75.1858
75.0041
74.8211
74.6341
74.448
74.2617
74.0767
73.8885
73.6995
73.5119
73.3265
73.139
72.9513
72.7656
72.5825
72.3974
72.2143
72.0346
71.8548
71.6759
71.5025
71.3268
71.1571
70.9875
70.8219
70.6587
70.4989
70.3424
70.1894
70.04
69.8945
69.753
69.6157
69.4827
69.3542
69.2303
69.1111
68.9968
68.8875
68.7834
68.6846
68.5911
68.5031
68.4208
68.3441
68.2732
68.2082
68.1491
68.0961
68.0492
68.0084
67.9738
67.9454
67.9233
67.9075
67.898
67.8948
67.898
67.9075
67.9233
67.9454
67.9738
68.0084
68.0492
68.0961
68.1491
68.2082
68.2732
68.3441
68.4208
68.5031
68.5911
68.6846
68.7834
68.8875
68.9968
69.1111
69.2303
69.3542
69.4827
69.6157
69.753
69.8945
70.04
70.1894
70.3424
70.4989
70.6587
70.8219
70.9875
71.1571
71.3268
71.5025
71.6759
71.8548
72.0346
72.2143
72.3974
72.5825
72.7656
72.9513
73.139
73.3265
73.5119
73.6995
73.8885
74.0767
74.2617
74.448
74.6341
74.8211
75.0041
75.1858
75.3663
75.5479
75.7283
75.9059
76.08
76.2519
76.4231
76.5935
76.7617
76.9259
77.0858
77.2424
77.397
77.5502
77.7009
77.8473
77.9883
78.1242
78.2576
78.3899
78.5175
78.6381
78.7562
78.8703
78.9782
79.0834
79.1823
79.277
79.3669
79.4508
79.5307
79.6039
79.6731
79.7353
79.7931
79.8442
79.8901
79.9298
79.9635
79.9914
80.0128
80.0285
80.0375
80.0409
78.9918
78.9886
78.9788
78.9629
78.9401
78.9115
78.876
78.8351
78.787
78.7341
78.6738
78.6091
78.5373
78.4611
78.3785
78.2908
78.1982
78.0993
77.997
77.8881
77.7755
77.6584
77.5347
77.4092
77.2803
77.1447
77.0034
76.8592
76.7131
76.5644
76.4118
76.2542
76.092
75.9266
75.7595
75.591
75.4203
75.2459
75.0676
74.8865
74.7042
74.5218
74.3381
74.1516
73.9619
73.7716
73.5812
73.3919
73.1993
73.0055
72.8103
72.6176
72.4243
72.2295
72.0338
71.8412
71.649
71.4559
71.2631
71.0743
70.8852
70.6962
70.5111
70.3278
70.1439
69.9662
69.7871
69.6132
69.4407
69.2718
69.106
68.9437
68.7851
68.6302
68.4793
68.3326
68.1901
68.0521
67.9188
67.7902
67.6666
67.548
67.4346
67.3266
67.224
67.127
67.0357
66.9502
66.8707
66.7971
66.7296
66.6683
66.6133
66.5646
66.5222
66.4863
66.4568
66.4339
66.4175
66.4076
66.4043
66.4076
66.4175
66.4339
66.4568
66.4863
66.5222
66.5646
66.6133
66.6683
66.7296
66.7971
66.8707
66.9502
67.0357
67.127
67.224
67.3266
67.4346
67.548
67.6666
67.7902
67.9188
68.0521
68.1901
68.3326
68.4793
68.6302
68.7851
68.9437
69.106
69.2718
69.4407
69.6132
69.7871
69.9662
70.1439
70.3278
70.5111
70.6962
70.8852
71.0743
71.2631
71.4559
71.649
71.8412
72.0338
72.2295
72.4243
72.6176
72.8103
73.0055
73.1993
73.3919
73.5812
73.7716
73.9619
74.1516
74.3381
74.5218
74.7042
74.8865
75.0676
75.2459
75.4203
75.591
75.7595
75.9266
76.092
76.2542
76.4118
76.5644
76.7131
76.8592
77.0034
77.1447
77.2803
77.4092
77.5347
77.6584
77.7755
77.8881
77.997
78.0993
78.1982
78.2908
78.3785
78.4611
78.5373
78.6091
78.6738
78.7341
78.787
78.8351
78.876
78.9115
78.9401
78.9629
78.9788
78.9886
78.9918
77.9489
77.946
77.9354
77.9191
77.8951
77.8656
77.8284
77.786
77.7358
77.6807
77.6182
77.5507
77.4764
77.3968
77.3115
77.22
77.1242
77.0216
76.9153
76.803
76.6854
76.5651
76.4378
76.3046
76.1694
76.0316
75.8891
75.7409
75.5873
75.43
75.2703
75.1086
74.944
74.7754
74.6022
74.4252
74.2457
74.065
73.883
73.6985
73.5103
73.3189
73.1262
72.9333
72.7401
72.5444
72.3465
72.1465
71.9484
71.7493
71.5498
71.347
71.1454
70.9453
70.7454
70.5434
70.3429
70.1446
69.9469
69.748
69.5526
69.3593
69.1655
68.9746
68.7876
68.5993
68.4172
68.2348
68.0572
67.8817
67.71
67.5417
67.3772
67.2167
67.0602
66.9081
66.7603
66.6173
66.479
66.3456
66.2174
66.0943
65.9767
65.8647
65.7582
65.6576
65.5629
65.4742
65.3916
65.3153
65.2453
65.1816
65.1245
65.074
65.03
64.9927
64.9621
64.9383
64.9213
64.9111
64.9077
64.9111
64.9213
64.9383
64.9621
64.9927
65.03
65.074
65.1245
65.1816
65.2453
65.3153
65.3916
65.4742
65.5629
65.6576
65.7582
65.8647
65.9767
66.0943
66.2174
66.3456
66.479
66.6173
66.7603
66.9081
67.0602
67.2167
67.3772
67.5417
67.71
67.8817
68.0572
68.2348
68.4172
68.5993
68.7876
68.9746
69.1655
69.3593
69.5526
69.748
69.9469
70.1446
70.3429
70.5434
70.7454
70.9453
71.1454
71.347
71.5498
71.7493
71.9484
72.1465
72.3465
72.5444
72.7401
72.9333
73.1262
73.3189
73.5103
73.6985
73.883
74.065
74.2457
74.4252
74.6022
74.7754
74.944
75.1086
75.2703
75.43
75.5873
75.7409
75.8891
76.0316
76.1694
76.3046
76.4378
76.5651
76.6854
76.803
76.9153
77.0216
77.1242
77.22
77.3115
77.3968
77.4764
77.5507
77.6182
77.6807
77.7358
77.786
77.8284
77.8656
77.8951
77.9191
77.9354
77.946
77.9489
76.9095
76.9066
76.8955
76.8786
76.8535
76.8228
76.7841
76.7398
76.6878
76.6302
76.5655
76.4949
76.4182
76.335
76.2469
76.1516
76.0523
75.9462
75.8353
75.7198
75.5971
75.4715
75.3428
75.2071
75.065
74.9187
74.7697
74.6179
74.4625
74.3023
74.1369
73.967
73.7939
73.6187
73.4416
73.2616
73.0778
72.8897
72.6986
72.506
72.3126
72.1177
71.9198
71.7188
71.5159
71.3133
71.1103
70.9065
70.6991
70.4918
70.2841
70.0781
69.8698
69.6605
69.452
69.2461
69.039
68.8317
68.6262
68.4236
68.2198
68.018
67.8197
67.622
67.4256
67.2346
67.0425
66.8561
66.6708
66.4897
66.3116
66.1373
65.9669
65.8005
65.6384
65.4807
65.3276
65.1793
65.036
64.8977
64.7648
64.6373
64.5153
64.3991
64.2888
64.1844
64.0862
63.9942
63.9086
63.8295
63.7568
63.6909
63.6316
63.5792
63.5336
63.4949
63.4632
63.4385
63.4208
63.4102
63.4067
63.4102
63.4208
63.4385
63.4632
63.4949
63.5336
63.5792
63.6316
63.6909
63.7568
63.8295
63.9086
63.9942
64.0862
64.1844
64.2888
64.3991
64.5153
64.6373
64.7648
64.8977
65.036
65.1793
65.3276
65.4807
65.6384
65.8005
65.9669
66.1373
66.3116
66.4897
66.6708
66.8561
67.0425
67.2346
67.4256
67.622
67.8197
68.018
68.2198
68.4236
68.6262
68.8317
69.039
69.2461
69.452
69.6605
69.8698
70.0781
70.2841
70.4918
70.6991
70.9065
71.1103
71.3133
71.5159
71.7188
71.9198
72.1177
72.3126
72.506
72.6986
72.8897
73.0778
73.2616
73.4416
73.6187
73.7939
73.967
74.1369
74.3023
74.4625
74.6179
74.7697
74.9187
75.065
75.2071
75.3428
75.4715
75.5971
75.7198
75.8353
75.9462
76.0523
76.1516
76.2469
76.335
76.4182
76.4949
76.5655
76.6302
76.6878
76.7398
76.7841
76.8228
76.8535
76.8786
76.8955
76.9066
76.9095
75.8819
75.8787
75.8672
75.8495
75.8235
75.7912
75.7511
75.7046
75.6508
75.5904
75.5236
75.4497
75.3704
75.2836
75.1922
75.0935
74.99
74.8807
74.7649
74.6461
74.5202
74.3872
74.2513
74.1126
73.9693
73.8202
73.6651
73.5051
73.3416
73.1753
73.0062
72.8337
72.6566
72.4748
72.289
72.1005
71.9103
71.7183
71.5234
71.3247
71.1226
70.9185
70.7137
70.5081
70.3007
70.0901
69.8779
69.6652
69.4538
69.2402
69.0256
68.8088
68.5943
68.38
68.1648
67.9484
67.7347
67.5222
67.3094
67.0968
66.8881
66.6799
66.4723
66.2684
66.067
65.8656
65.6702
65.4746
65.2842
65.0958
64.9116
64.731
64.5544
64.382
64.214
64.0506
63.8919
63.7382
63.5896
63.4463
63.3084
63.1762
63.0498
62.9293
62.8149
62.7066
62.6048
62.5094
62.4206
62.3385
62.2632
62.1947
62.1333
62.0789
62.0316
61.9915
61.9586
61.9329
61.9146
61.9036
61.8999
61.9036
61.9146
61.9329
61.9586
61.9915
62.0316
62.0789
62.1333
62.1947
62.2632
62.3385
62.4206
62.5094
62.6048
62.7066
62.8149
62.9293
63.0498
63.1762
63.3084
63.4463
63.5896
63.7382
63.8919
64.0506
64.214
64.382
64.5544
64.731
64.9116
65.0958
65.2842
65.4746
65.6702
65.8656
66.067
66.2684
66.4723
66.6799
66.8881
67.0968
67.3094
67.5222
67.7347
67.9484
68.1648
68.38
68.5943
68.8088
69.0256
69.2402
69.4538
69.6652
69.8779
70.0901
70.3007
70.5081
70.7137
70.9185
71.1226
71.3247
71.5234
71.7183
71.9103
72.1005
72.289
72.4748
72.6566
72.8337
73.0062
73.1753
73.3416
73.5051
73.6651
73.8202
73.9693
74.1126
74.2513
74.3872
74.5202
74.6461
74.7649
74.8807
74.99
75.0935
75.1922
75.2836
75.3704
75.4497
75.5236
75.5904
75.6508
75.7046
75.7511
75.7912
75.8235
75.8495
75.8672
75.8787
75.8819
74.8577
74.8541
74.8424
74.8235
74.7967
74.7627
74.7212
74.6724
74.6167
74.5535
74.4843
74.4072
74.3249
74.2347
74.1396
74.0376
73.9295
73.8169
73.6963
73.5717
73.4441
73.3094
73.1676
73.0205
72.8697
72.7156
72.5579
72.3957
72.2281
72.0553
71.8778
71.697
71.5137
71.3279
71.1388
70.9455
70.7478
70.5468
70.3437
70.1393
69.9331
69.7239
69.5114
69.2964
69.0806
68.8648
68.6475
68.4282
68.2063
67.9853
67.764
67.5431
67.3193
67.0958
66.8737
66.6528
66.4303
66.2088
65.9895
65.7718
65.5532
65.3378
65.1251
64.9127
64.7031
64.4978
64.292
64.0923
63.8935
63.6994
63.5083
63.3214
63.1385
62.9599
62.7859
62.6166
62.4523
62.293
62.139
61.9906
61.8477
61.7107
61.5797
61.4548
61.3362
61.2241
61.1185
61.0196
60.9275
60.8424
60.7643
60.6934
60.6297
60.5733
60.5242
60.4826
60.4485
60.422
60.403
60.3916
60.3878
60.3916
60.403
60.422
60.4485
60.4826
60.5242
60.5733
60.6297
60.6934
60.7643
60.8424
60.9275
61.0196
61.1185
61.2241
61.3362
61.4548
61.5797
61.7107
61.8477
61.9906
62.139
62.293
62.4523
62.6166
62.7859
62.9599
63.1385
63.3214
63.5083
63.6994
63.8935
64.0923
64.292
64.4978
64.7031
64.9127
65.1251
65.3378
65.5532
65.7718
65.9895
66.2088
66.4303
66.6528
66.8737
67.0958
67.3193
67.5431
67.764
67.9853
68.2063
68.4282
68.6475
68.8648
69.0806
69.2964
69.5114
69.7239
69.9331
70.1393
70.3437
70.5468
70.7478
70.9455
71.1388
71.3279
71.5137
71.697
71.8778
72.0553
72.2281
72.3957
72.5579
72.7156
72.8697
73.0205
73.1676
73.3094
73.4441
73.5717
73.6963
73.8169
73.9295
74.0376
74.1396
74.2347
74.3249
74.4072
74.4843
74.5535
74.6167
74.6724
74.7212
74.7627
74.7967
74.8235
74.8424
74.8541
74.8577
73.8417
73.8377
73.8258
73.8057
73.7781
73.7422
73.6992
73.648
73.5902
73.5241
73.4521
73.372
73.2862
73.1929
73.0936
72.9885
72.8758
72.7595
72.6362
72.5047
72.3692
72.2305
72.0872
71.9381
71.7827
71.6215
71.4554
71.2856
71.1126
70.9363
70.7558
70.5706
70.3803
70.1859
69.9884
69.7886
69.5866
69.3815
69.1725
68.9597
68.7442
68.5275
68.3097
68.0899
67.8672
67.6419
67.4158
67.1896
66.9634
66.7343
66.5045
66.2738
66.0451
65.8152
65.5844
65.3537
65.1257
64.8977
64.6696
64.4428
64.2195
63.996
63.7741
63.5561
63.3396
63.1245
62.915
62.7054
62.5015
62.2996
62.1022
61.9085
61.7192
61.5342
61.354
61.1787
61.0084
60.8434
60.6839
60.5301
60.3821
60.2401
60.1044
59.9749
59.852
59.7358
59.6264
59.5239
59.4284
59.3402
59.2593
59.1857
59.1197
59.0612
59.0104
58.9672
58.9319
58.9043
58.8846
58.8728
58.8689
58.8728
58.8846
58.9043
58.9319
58.9672
59.0104
59.0612
59.1197
59.1857
59.2593
59.3402
59.4284
59.5239
59.6264
59.7358
59.852
59.9749
60.1044
60.2401
60.3821
60.5301
60.6839
60.8434
61.0084
61.1787
61.354
61.5342
61.7192
61.9085
62.1022
62.2996
62.5015
62.7054
62.915
63.1245
63.3396
63.5561
63.7741
63.996
64.2195
64.4428
64.6696
64.8977
65.1257
65.3537
65.5844
65.8152
66.0451
66.2738
66.5045
66.7343
66.9634
67.1896
67.4158
67.6419
67.8672
68.0899
68.3097
68.5275
68.7442
68.9597
69.1725
69.3815
69.5866
69.7886
69.9884
70.1859
70.3803
70.5706
70.7558
70.9363
71.1126
71.2856
71.4554
71.6215
71.7827
71.9381
72.0872
72.2305
72.3692
72.5047
72.6362
72.7595
72.8758
72.9885
73.0936
73.1929
73.2862
73.372
73.4521
73.5241
73.5902
73.648
73.6992
73.7422
73.7781
73.8057
73.8258
73.8377
73.8417
72.8374
72.8329
72.8207
72.7995
72.7708
72.733
72.6883
72.6346
72.5744
72.5055
72.4303
72.3471
72.2574
72.1609
72.0571
71.9484
71.8312
71.7088
71.5832
71.4506
71.3103
71.1637
71.0122
70.8567
70.6973
70.5336
70.3646
70.19
70.0099
69.8251
69.6366
69.4451
69.2505
69.0523
68.8497
68.6426
68.4316
68.218
68.0026
67.785
67.5645
67.3405
67.1133
66.8846
66.6553
66.4249
66.192
65.9571
65.7206
65.4853
65.2489
65.012
64.7726
64.5346
64.2975
64.0605
63.8224
63.5861
63.3517
63.118
62.8844
62.6544
62.4261
62.1987
61.9748
61.7542
61.5343
61.3203
61.1072
60.8993
60.6945
60.4941
60.298
60.1065
59.9199
59.7383
59.5619
59.391
59.2257
59.0664
58.913
58.7659
58.6252
58.4911
58.3637
58.2432
58.1298
58.0236
57.9247
57.8332
57.7493
57.6731
57.6046
57.5439
57.4912
57.4465
57.4099
57.3813
57.3609
57.3486
57.3445
57.3486
57.3609
57.3813
57.4099
57.4465
57.4912
57.5439
57.6046
57.6731
57.7493
57.8332
57.9247
58.0236
58.1298
58.2432
58.3637
58.4911
58.6252
58.7659
58.913
59.0664
59.2257
59.391
59.5619
59.7383
59.9199
60.1065
60.298
60.4941
60.6945
60.8993
61.1072
61.3203
61.5343
61.7542
61.9748
62.1987
62.4261
62.6544
62.8844
63.118
63.3517
63.5861
63.8224
64.0605
64.2975
64.5346
64.7726
65.012
65.2489
65.4853
65.7206
65.9571
66.192
66.4249
66.6553
66.8846
67.1133
67.3405
67.5645
67.785
68.0026
68.218
68.4316
68.6426
68.8497
69.0523
69.2505
69.4451
69.6366
69.8251
70.0099
70.19
70.3646
70.5336
70.6973
70.8567
71.0122
71.1637
71.3103
71.4506
71.5832
71.7088
71.8312
71.9484
72.0571
72.1609
72.2574
72.3471
72.4303
72.5055
72.5744
72.6346
72.6883
72.733
72.7708
72.7995
72.8207
72.8329
72.8374
71.8353
71.8304
71.8178
71.7954
71.7654
71.7259
71.6791
71.6231
71.5601
71.4884
71.4098
71.3236
71.2299
71.1301
71.022
70.9094
70.7897
70.6609
70.527
70.3892
70.2466
70.0984
69.9436
69.7824
69.6153
69.4434
69.2673
69.0876
68.9039
68.7156
68.5223
68.3238
68.1208
67.9142
67.7048
67.4928
67.2774
67.0581
66.8346
66.6079
66.3791
66.1489
65.9167
65.6816
65.4435
65.2034
64.963
64.7219
64.4797
64.2347
63.9895
63.744
63.4997
63.2535
63.0068
62.7611
62.5174
62.273
62.0292
61.7874
61.5481
61.3087
61.0719
60.8385
60.6063
60.3767
60.152
59.9277
59.7094
59.4931
59.2817
59.0741
58.8712
58.673
58.4798
58.2918
58.1092
57.9322
57.7611
57.596
57.4372
57.2849
57.1391
57.0002
56.8682
56.7434
56.6259
56.5158
56.4134
56.3186
56.2316
56.1526
56.0817
56.0188
55.9642
55.9179
55.8799
55.8503
55.8291
55.8164
55.8122
55.8164
55.8291
55.8503
55.8799
55.9179
55.9642
56.0188
56.0817
56.1526
56.2316
56.3186
56.4134
56.5158
56.6259
56.7434
56.8682
57.0002
57.1391
57.2849
57.4372
57.596
57.7611
57.9322
58.1092
58.2918
58.4798
58.673
58.8712
59.0741
59.2817
59.4931
59.7094
59.9277
60.152
60.3767
60.6063
60.8385
61.0719
61.3087
61.5481
61.7874
62.0292
62.273
62.5174
62.7611
63.0068
63.2535
63.4997
63.744
63.9895
64.2347
64.4797
64.7219
64.963
65.2034
65.4435
65.6816
65.9167
66.1489
66.3791
66.6079
66.8346
67.0581
67.2774
67.4928
67.7048
67.9142
68.1208
68.3238
68.5223
68.7156
68.9039
69.0876
69.2673
69.4434
69.6153
69.7824
69.9436
70.0984
70.2466
70.3892
70.527
70.6609
70.7897
70.9094
71.022
71.1301
71.2299
71.3236
71.4098
71.4884
71.5601
71.6231
71.6791
71.7259
71.7654
71.7954
71.8178
71.8304
71.8353
70.8474
70.8422
70.8289
70.8054
70.7739
70.7325
70.6833
70.6249
70.5587
70.4841
70.4017
70.3121
70.2141
70.1105
69.9979
69.879
69.7565
69.6269
69.4893
69.3444
69.1936
69.0378
68.8776
68.7128
68.543
68.3675
68.186
67.9989
67.8069
67.6107
67.411
67.2078
67.0006
66.7889
66.5723
66.3515
66.1275
65.901
65.6721
65.4402
65.2046
64.9655
64.7239
64.481
64.2369
63.9908
63.7419
63.4912
63.2398
62.9889
62.7363
62.4828
62.2277
61.9742
61.7209
61.4671
61.2129
60.961
60.7103
60.46
60.2107
59.965
59.7203
59.4772
59.238
59.0014
58.7665
58.5372
58.3092
58.0867
57.8672
57.6527
57.4425
57.2374
57.0373
56.8426
56.6535
56.4703
56.293
56.1221
55.9576
55.7997
55.6487
55.5048
55.3681
55.2387
55.117
55.0029
54.8967
54.7985
54.7084
54.6265
54.5529
54.4878
54.4312
54.3831
54.3438
54.3131
54.2911
54.278
54.2736
54.278
54.2911
54.3131
54.3438
54.3831
54.4312
54.4878
54.5529
54.6265
54.7084
54.7985
54.8967
55.0029
55.117
55.2387
55.3681
55.5048
55.6487
55.7997
55.9576
56.1221
56.293
56.4703
56.6535
56.8426
57.0373
57.2374
57.4425
57.6527
57.8672
58.0867
58.3092
58.5372
58.7665
59.0014
59.238
59.4772
59.7203
59.965
60.2107
60.46
60.7103
60.961
61.2129
61.4671
61.7209
61.9742
62.2277
62.4828
62.7363
62.9889
63.2398
63.4912
63.7419
63.9908
64.2369
64.481
64.7239
64.9655
65.2046
65.4402
65.6721
65.901
66.1275
66.3515
66.5723
66.7889
67.0006
67.2078
67.411
67.6107
67.8069
67.9989
68.186
68.3675
68.543
68.7128
68.8776
69.0378
69.1936
69.3444
69.4893
69.6269
69.7565
69.879
69.9979
70.1105
70.2141
70.3121
70.4017
70.4841
70.5587
70.6249
70.6833
70.7325
70.7739
70.8054
70.8289
70.8422
70.8474
69.8676
69.8624
69.8482
69.8236
69.7903
69.7471
69.6952
69.6343
69.5647
69.4871
69.4007
69.3077
69.2056
69.0979
68.983
68.8582
68.7269
68.591
68.45
68.3031
68.1498
67.9897
67.8229
67.6502
67.4723
67.2899
67.1033
66.9123
66.7164
66.5151
66.3084
66.0968
65.8812
65.6622
65.4401
65.2144
64.9847
64.7505
64.5126
64.2718
64.029
63.7841
63.5364
63.2854
63.0316
62.7764
62.5206
62.2634
62.0043
61.743
61.4819
61.2204
60.9592
60.6959
60.433
60.1711
59.9104
59.6489
59.3887
59.1306
58.8744
58.6183
58.3656
58.1156
57.867
57.6218
57.3808
57.1411
56.9073
56.6757
56.4494
56.227
56.0096
55.7972
55.5901
55.3885
55.1928
55.003
54.8195
54.6424
54.472
54.3085
54.1521
54.003
53.8613
53.7273
53.6012
53.483
53.3729
53.2711
53.1777
53.0929
53.0166
52.9491
52.8905
52.8407
52.7999
52.7681
52.7453
52.7317
52.7271
52.7317
52.7453
52.7681
52.7999
52.8407
52.8905
52.9491
53.0166
53.0929
53.1777
53.2711
53.3729
53.483
53.6012
53.7273
53.8613
54.003
54.1521
54.3085
54.472
54.6424
54.8195
55.003
55.1928
55.3885
55.5901
55.7972
56.0096
56.227
56.4494
56.6757
56.9073
57.1411
57.3808
57.6218
57.867
58.1156
58.3656
58.6183
58.8744
59.1306
59.3887
59.6489
59.9104
60.1711
60.433
60.6959
60.9592
61.2204
61.4819
61.743
62.0043
62.2634
62.5206
62.7764
63.0316
63.2854
63.5364
63.7841
64.029
64.2718
64.5126
64.7505
64.9847
65.2144
65.4401
65.6622
65.8812
66.0968
66.3084
66.5151
66.7164
66.9123
67.1033
67.2899
67.4723
67.6502
67.8229
67.9897
68.1498
68.3031
68.45
68.591
68.7269
68.8582
68.983
69.0979
69.2056
69.3077
69.4007
69.4871
69.5647
69.6343
69.6952
69.7471
69.7903
69.8236
69.8482
69.8624
69.8676
68.8927
68.8874
68.8722
68.8465
68.8111
68.7658
68.711
68.6472
68.5739
68.493
68.4023
68.3051
68.1986
68.0843
67.9659
67.8404
67.7064
67.5645
67.4157
67.2608
67.1006
66.9355
66.7652
66.5893
66.4075
66.2194
66.0255
65.8263
65.6225
65.4146
65.2028
64.9868
64.7659
64.5401
64.3095
64.0751
63.8376
63.5973
63.3539
63.1067
62.8556
62.6013
62.3449
62.0868
61.8269
61.5642
61.2989
61.0321
60.7648
60.4972
60.2275
59.957
59.6854
59.4154
59.1447
58.8735
58.6026
58.3339
58.0658
57.7983
57.5323
57.2697
57.0078
56.7483
56.4925
56.2391
55.9882
55.7427
55.4988
55.2607
55.0257
54.7961
54.571
54.3513
54.1369
53.9283
53.7257
53.5292
53.3392
53.1559
52.9795
52.8102
52.6482
52.4938
52.3471
52.2083
52.0776
51.9552
51.8412
51.7357
51.639
51.551
51.4721
51.4021
51.3413
51.2897
51.2475
51.2145
51.1909
51.1768
51.1721
51.1768
51.1909
51.2145
51.2475
51.2897
51.3413
51.4021
51.4721
51.551
51.639
51.7357
51.8412
51.9552
52.0776
52.2083
52.3471
52.4938
52.6482
52.8102
52.9795
53.1559
53.3392
53.5292
53.7257
53.9283
54.1369
54.3513
54.571
54.7961
55.0257
55.2607
55.4988
55.7427
55.9882
56.2391
56.4925
56.7483
57.0078
57.2697
57.5323
57.7983
58.0658
58.3339
58.6026
58.8735
59.1447
59.4154
59.6854
59.957
60.2275
60.4972
60.7648
61.0321
61.2989
61.5642
61.8269
62.0868
62.3449
62.6013
62.8556
63.1067
63.3539
63.5973
63.8376
64.0751
64.3095
64.5401
64.7659
64.9868
65.2028
65.4146
65.6225
65.8263
66.0255
66.2194
66.4075
66.5893
66.7652
66.9355
67.1006
67.2608
67.4157
67.5645
67.7064
67.8404
67.9659
68.0843
68.1986
68.3051
68.4023
68.493
68.5739
68.6472
68.711
68.7658
68.8111
68.8465
68.8722
68.8874
68.8927
67.9335
67.9281
67.9117
67.8848
67.8471
67.7996
67.7416
67.6748
67.5977
67.5131
67.4185
67.317
67.2082
67.0885
66.9612
66.8281
66.6895
66.5448
66.3935
66.2353
66.07
65.8979
65.7197
65.5359
65.3472
65.1538
64.9556
64.7521
64.543
64.3284
64.1084
63.8838
63.6553
63.4232
63.1873
62.9472
62.7025
62.4534
62.2008
61.9455
61.6877
61.4272
61.1632
60.8959
60.6263
60.3552
60.0829
59.8087
59.5323
59.2541
58.9762
58.6976
58.4187
58.1378
57.8577
57.5785
57.2999
57.0207
56.7433
56.4677
56.1936
55.9202
55.6504
55.3828
55.1171
54.8552
54.5971
54.3409
54.0907
53.8428
53.6006
53.3625
53.1298
52.9023
52.6805
52.4645
52.2547
52.0513
51.8546
51.6647
51.482
51.3067
51.1389
50.9789
50.8269
50.6831
50.5477
50.4209
50.3027
50.1934
50.0932
50.0021
49.9202
49.8477
49.7847
49.7313
49.6874
49.6533
49.6288
49.6142
49.6093
49.6142
49.6288
49.6533
49.6874
49.7313
49.7847
49.8477
49.9202
50.0021
50.0932
50.1934
50.3027
50.4209
50.5477
50.6831
50.8269
50.9789
51.1389
51.3067
51.482
51.6647
51.8546
52.0513
52.2547
52.4645
52.6805
52.9023
53.1298
53.3625
53.6006
53.8428
54.0907
54.3409
54.5971
54.8552
55.1171
55.3828
55.6504
55.9202
56.1936
56.4677
56.7433
57.0207
57.2999
57.5785
57.8577
58.1378
58.4187
58.6976
58.9762
59.2541
59.5323
59.8087
60.0829
60.3552
60.6263
60.8959
61.1632
61.4272
61.6877
61.9455
62.2008
62.4534
62.7025
62.9472
63.1873
63.4232
63.6553
63.8838
64.1084
64.3284
64.543
64.7521
64.9556
65.1538
65.3472
65.5359
65.7197
65.8979
66.07
66.2353
66.3935
66.5448
66.6895
66.8281
66.9612
67.0885
67.2082
67.317
67.4185
67.5131
67.5977
67.6748
67.7416
67.7996
67.8471
67.8848
67.9117
67.9281
67.9335
66.9793
66.9737
66.9561
66.9277
66.8874
66.8372
66.7756
66.7052
66.6239
66.5346
66.4355
66.3269
66.2136
66.093
65.9636
65.8257
65.6799
65.5272
65.3682
65.2034
65.0332
64.8573
64.6754
64.4873
64.2929
64.0922
63.8859
63.6745
63.4585
63.2382
63.0133
62.7834
62.5483
62.3082
62.0635
61.8151
61.5633
61.3082
61.0493
60.7863
60.5194
60.2495
59.9774
59.7032
59.4264
59.1466
58.8644
58.5808
58.2965
58.0111
57.7236
57.4353
57.1463
56.8584
56.5694
56.2802
55.9915
55.7048
55.4183
55.1327
54.8491
54.5683
54.2884
54.0113
53.7378
53.4667
53.1988
52.9358
52.6751
52.4203
52.1689
51.923
51.6821
51.4468
51.2172
50.9937
50.7766
50.566
50.3624
50.1658
49.9766
49.7951
49.6213
49.4557
49.2983
49.1494
49.0091
48.8777
48.7553
48.6421
48.5382
48.4438
48.359
48.2839
48.2187
48.1633
48.1178
48.0825
48.0571
48.0419
48.0369
48.0419
48.0571
48.0825
48.1178
48.1633
48.2187
48.2839
48.359
48.4438
48.5382
48.6421
48.7553
48.8777
49.0091
49.1494
49.2983
49.4557
49.6213
49.7951
49.9766
50.1658
50.3624
50.566
50.7766
50.9937
51.2172
51.4468
51.6821
51.923
52.1689
52.4203
52.6751
52.9358
53.1988
53.4667
53.7378
54.0113
54.2884
54.5683
54.8491
55.1327
55.4183
55.7048
55.9915
56.2802
56.5694
56.8584
57.1463
57.4353
57.7236
58.0111
58.2965
58.5808
58.8644
59.1466
59.4264
59.7032
59.9774
60.2495
60.5194
60.7863
61.0493
61.3082
61.5633
61.8151
62.0635
62.3082
62.5483
62.7834
63.0133
63.2382
63.4585
63.6745
63.8859
64.0922
64.2929
64.4873
64.6754
64.8573
65.0332
65.2034
65.3682
65.5272
65.6799
65.8257
65.9636
66.093
66.2136
66.3269
66.4355
66.5346
66.6239
66.7052
66.7756
66.8372
66.8874
66.9277
66.9561
66.9737
66.9793
66.0287
66.0229
66.0039
65.9738
65.9308
65.8777
65.8125
65.7382
65.6531
65.5593
65.4579
65.3447
65.2224
65.0933
64.9578
64.8159
64.6672
64.5115
64.3485
64.1782
64.001
63.8174
63.6278
63.4329
63.2328
63.0274
62.8166
62.6
62.3776
62.1495
61.9163
61.6785
61.4366
61.1906
60.9402
60.6851
60.4252
60.1611
59.8935
59.6229
59.3494
59.0725
58.7919
58.508
58.2219
57.9341
57.6446
57.3526
57.0585
56.7629
56.4672
56.1706
55.8732
55.5742
55.2761
54.9785
54.6812
54.3836
54.088
53.794
53.5012
53.2097
52.9216
52.6357
52.352
52.0723
51.7961
51.5227
51.2549
50.9901
50.731
50.4763
50.2273
49.9839
49.7464
49.5152
49.2905
49.0727
48.8619
48.6585
48.4627
48.2748
48.0949
47.9234
47.7605
47.6063
47.461
47.325
47.1982
47.081
46.9734
46.8757
46.7878
46.71
46.6424
46.585
46.538
46.5013
46.4751
46.4593
46.4541
46.4593
46.4751
46.5013
46.538
46.585
46.6424
46.71
46.7878
46.8757
46.9734
47.081
47.1982
47.325
47.461
47.6063
47.7605
47.9234
48.0949
48.2748
48.4627
48.6585
48.8619
49.0727
49.2905
49.5152
49.7464
49.9839
50.2273
50.4763
50.731
50.9901
51.2549
51.5227
51.7961
52.0723
52.352
52.6357
52.9216
53.2097
53.5012
53.794
54.088
54.3836
54.6812
54.9785
55.2761
55.5742
55.8732
56.1706
56.4672
56.7629
57.0585
57.3526
57.6446
57.9341
58.2219
58.508
58.7919
59.0725
59.3494
59.6229
59.8935
60.1611
60.4252
60.6851
60.9402
61.1906
61.4366
61.6785
61.9163
62.1495
62.3776
62.6
62.8166
63.0274
63.2328
63.4329
63.6278
63.8174
64.001
64.1782
64.3485
64.5115
64.6672
64.8159
64.9578
65.0933
65.2224
65.3447
65.4579
65.5593
65.6531
65.7382
65.8125
65.8777
65.9308
65.9738
66.0039
66.0229
66.0287
65.094
65.0878
65.0672
65.0347
64.9885
64.9314
64.8619
64.7825
64.6923
64.5909
64.4836
64.3687
64.2447
64.1116
63.9699
63.8204
63.6636
63.5003
63.3309
63.1554
62.974
62.7863
62.5921
62.3914
62.1843
61.9712
61.7525
61.5287
61.3
61.0665
60.8278
60.5838
60.3343
60.0798
59.8208
59.5579
59.2912
59.0206
58.7458
58.4667
58.1837
57.8977
57.6092
57.3181
57.0239
56.7266
56.427
56.1259
55.8236
55.5198
55.2139
54.9072
54.6
54.2933
53.9853
53.6773
53.37
53.0642
52.7586
52.4542
52.1518
51.8519
51.5532
51.2576
50.9655
50.6758
50.3898
50.1086
49.8301
49.5576
49.2888
49.0259
48.7681
48.5164
48.2707
48.0315
47.799
47.5735
47.3554
47.1449
46.9422
46.7476
46.5614
46.3838
46.2151
46.0554
45.905
45.7641
45.6328
45.5114
45.3999
45.2987
45.2077
45.1271
45.057
44.9976
44.9488
44.9108
44.8837
44.8674
44.8619
44.8674
44.8837
44.9108
44.9488
44.9976
45.057
45.1271
45.2077
45.2987
45.3999
45.5114
45.6328
45.7641
45.905
46.0554
46.2151
46.3838
46.5614
46.7476
46.9422
47.1449
47.3554
47.5735
47.799
48.0315
48.2707
48.5164
48.7681
49.0259
49.2888
49.5576
49.8301
50.1086
50.3898
50.6758
50.9655
51.2576
51.5532
51.8519
52.1518
52.4542
52.7586
53.0642
53.37
53.6773
53.9853
54.2933
54.6
54.9072
55.2139
55.5198
55.8236
56.1259
56.427
56.7266
57.0239
57.3181
57.6092
57.8977
58.1837
58.4667
58.7458
59.0206
59.2912
59.5579
59.8208
60.0798
60.3343
60.5838
60.8278
61.0665
61.3
61.5287
61.7525
61.9712
62.1843
62.3914
62.5921
62.7863
62.974
63.1554
63.3309
63.5003
63.6636
63.8204
63.9699
64.1116
64.2447
64.3687
64.4836
64.5909
64.6923
64.7825
64.8619
64.9314
64.9885
65.0347
65.0672
65.0878
65.094
64.1601
64.1533
64.1311
64.0959
64.0464
63.9853
63.9118
63.8276
63.7349
63.6293
63.5131
63.3888
63.2571
63.1184
62.9725
62.8195
62.6591
62.4913
62.3161
62.1338
61.9448
61.7495
61.5484
61.3416
61.1293
60.9113
60.6874
60.4575
60.2216
59.98
59.7333
59.4819
59.2259
58.9653
58.6999
58.4295
58.1542
57.8747
57.5915
57.305
57.0149
56.7211
56.4234
56.1226
55.8193
55.5139
55.2063
54.896
54.5836
54.2697
53.9554
53.6397
53.3231
53.0052
52.6881
52.3712
52.0543
51.7375
51.4225
51.109
50.7966
50.486
50.1786
49.8733
49.5707
49.272
48.9769
48.6851
48.3988
48.1159
47.8389
47.5667
47.3004
47.04
46.7859
46.5385
46.298
46.0648
45.8392
45.6213
45.4116
45.2102
45.0175
44.8337
44.6591
44.4938
44.3381
44.1922
44.0563
43.9305
43.8152
43.7103
43.6161
43.5326
43.4601
43.3985
43.348
43.3087
43.2805
43.2636
43.258
43.2636
43.2805
43.3087
43.348
43.3985
43.4601
43.5326
43.6161
43.7103
43.8152
43.9305
44.0563
44.1922
44.3381
44.4938
44.6591
44.8337
45.0175
45.2102
45.4116
45.6213
45.8392
46.0648
46.298
46.5385
46.7859
47.04
47.3004
47.5667
47.8389
48.1159
48.3988
48.6851
48.9769
49.272
49.5707
49.8733
50.1786
50.486
50.7966
51.109
51.4225
51.7375
52.0543
52.3712
52.6881
53.0052
53.3231
53.6397
53.9554
54.2697
54.5836
54.896
55.2063
55.5139
55.8193
56.1226
56.4234
56.7211
57.0149
57.305
57.5915
57.8747
58.1542
58.4295
58.6999
58.9653
59.2259
59.4819
59.7333
59.98
60.2216
60.4575
60.6874
60.9113
61.1293
61.3416
61.5484
61.7495
61.9448
62.1338
62.3161
62.4913
62.6591
62.8195
62.9725
63.1184
63.2571
63.3888
63.5131
63.6293
63.7349
63.8276
63.9118
63.9853
64.0464
64.0959
64.1311
64.1533
64.1601
63.2375
63.2298
63.2054
63.1664
63.1124
63.0454
62.966
62.873
62.7725
62.6639
62.5455
62.4176
62.2806
62.135
61.9814
61.8204
61.6525
61.4782
61.2974
61.1104
60.9169
60.7168
60.5102
60.2969
60.0772
59.8516
59.6203
59.3837
59.1418
58.8946
58.6419
58.3835
58.1196
57.8506
57.577
57.2991
57.017
56.7305
56.4394
56.1439
55.8445
55.5419
55.2363
54.9276
54.6156
54.3004
53.9828
53.6635
53.3426
53.0197
52.6948
52.3691
52.0427
51.7163
51.3887
51.0612
50.7343
50.4086
50.0831
49.759
49.4369
49.117
48.7986
48.4835
48.1717
47.8627
47.5575
47.2571
46.9599
46.6687
46.3817
46.1007
45.8253
45.5561
45.2934
45.0376
44.7889
44.5477
44.3142
44.0889
43.8719
43.6635
43.4641
43.2739
43.0932
42.9221
42.7609
42.6099
42.4692
42.339
42.2196
42.111
42.0134
41.927
41.8519
41.7881
41.7358
41.6951
41.666
41.6485
41.6426
41.6485
41.666
41.6951
41.7358
41.7881
41.8519
41.927
42.0134
42.111
42.2196
42.339
42.4692
42.6099
42.7609
42.9221
43.0932
43.2739
43.4641
43.6635
43.8719
44.0889
44.3142
44.5477
44.7889
45.0376
45.2934
45.5561
45.8253
46.1007
46.3817
46.6687
46.9599
47.2571
47.5575
47.8627
48.1717
48.4835
48.7986
49.117
49.4369
49.759
50.0831
50.4086
50.7343
51.0612
51.3887
51.7163
52.0427
52.3691
52.6948
53.0197
53.3426
53.6635
53.9828
54.3004
54.6156
54.9276
55.2363
55.5419
55.8445
56.1439
56.4394
56.7305
57.017
57.2991
57.577
57.8506
58.1196
58.3835
58.6419
58.8946
59.1418
59.3837
59.6203
59.8516
60.0772
60.2969
60.5102
60.7168
60.9169
61.1104
61.2974
61.4782
61.6525
61.8204
61.9814
62.135
62.2806
62.4176
62.5455
62.6639
62.7725
62.873
62.966
63.0454
63.1124
63.1664
63.2054
63.2298
63.2375
62.3368
62.328
62.3011
62.2579
62.1995
62.127
62.0444
61.9474
61.8379
61.7189
61.5912
61.4557
61.3125
61.162
61.004
60.8385
60.6656
60.4853
60.2978
60.1033
59.9024
59.6951
59.4819
59.2628
59.0377
58.8066
58.5693
58.3258
58.0763
57.8211
57.5605
57.2949
57.0243
56.7487
56.4678
56.1817
55.8908
55.5953
55.2959
54.9926
54.6854
54.3741
54.0589
53.7404
53.4191
53.0953
52.7689
52.4396
52.1081
51.7751
51.4411
51.1056
50.7689
50.4312
50.0939
49.7565
49.4191
49.0821
48.7466
48.4125
48.0796
47.7486
47.4207
47.0951
46.7723
46.4535
46.1384
45.827
45.521
45.2189
44.9228
44.6319
44.3472
44.0688
43.797
43.5323
43.275
43.0254
42.7838
42.5506
42.326
42.1103
41.9039
41.7069
41.5197
41.3426
41.1757
41.0192
40.8735
40.7387
40.615
40.5025
40.4014
40.3119
40.2341
40.168
40.1139
40.0717
40.0415
40.0233
40.0173
40.0233
40.0415
40.0717
40.1139
40.168
40.2341
40.3119
40.4014
40.5025
40.615
40.7387
40.8735
41.0192
41.1757
41.3426
41.5197
41.7069
41.9039
42.1103
42.326
42.5506
42.7838
43.0254
43.275
43.5323
43.797
44.0688
44.3472
44.6319
44.9228
45.2189
45.521
45.827
46.1384
46.4535
46.7723
47.0951
47.4207
47.7486
48.0796
48.4125
48.7466
49.0821
49.4191
49.7565
50.0939
50.4312
50.7689
51.1056
51.4411
51.7751
52.1081
52.4396
52.7689
53.0953
53.4191
53.7404
54.0589
54.3741
54.6854
54.9926
55.2959
55.5953
55.8908
56.1817
56.4678
56.7487
57.0243
57.2949
57.5605
57.8211
58.0763
58.3258
58.5693
58.8066
59.0377
59.2628
59.4819
59.6951
59.9024
60.1033
60.2978
60.4853
60.6656
60.8385
61.004
61.162
61.3125
61.4557
61.5912
61.7189
61.8379
61.9474
62.0444
62.127
62.1995
62.2579
62.3011
62.328
62.3368
61.4554
61.4447
61.4138
61.3639
61.2979
61.2147
61.1212
61.0182
60.9047
60.7813
60.6483
60.5062
60.3557
60.1971
60.031
59.8579
59.678
59.4915
59.2985
59.099
58.8928
58.6799
58.4604
58.2342
58.0017
57.7631
57.5187
57.2686
57.0129
56.7514
56.4841
56.2109
55.9321
55.6481
55.359
55.0653
54.7669
54.4638
54.1558
53.8432
53.5266
53.2063
52.8826
52.5554
52.2246
51.8906
51.554
51.2152
50.8744
50.5315
50.1865
49.8404
49.4935
49.1462
48.7977
48.4493
48.1014
47.7543
47.4076
47.0623
46.719
46.3777
46.0383
45.7021
45.3692
45.0393
44.7136
44.3924
44.0752
43.7638
43.4571
43.1566
42.862
42.5741
42.293
42.0192
41.753
41.4947
41.2447
41.0033
40.7708
40.5475
40.3338
40.1299
39.9361
39.7526
39.5798
39.4178
39.2668
39.1272
38.999
38.8825
38.7778
38.6851
38.6045
38.536
38.4799
38.4362
38.4049
38.3861
38.3799
38.3861
38.4049
38.4362
38.4799
38.536
38.6045
38.6851
38.7778
38.8825
38.999
39.1272
39.2668
39.4178
39.5798
39.7526
39.9361
40.1299
40.3338
40.5475
40.7708
41.0033
41.2447
41.4947
41.753
42.0192
42.293
42.5741
42.862
43.1566
43.4571
43.7638
44.0752
44.3924
44.7136
45.0393
45.3692
45.7021
46.0383
46.3777
46.719
47.0623
47.4076
47.7543
48.1014
48.4493
48.7977
49.1462
49.4935
49.8404
50.1865
50.5315
50.8744
51.2152
51.554
51.8906
52.2246
52.5554
52.8826
53.2063
53.5266
53.8432
54.1558
54.4638
54.7669
55.0653
55.359
55.6481
55.9321
56.2109
56.4841
56.7514
57.0129
57.2686
57.5187
57.7631
58.0017
58.2342
58.4604
58.6799
58.8928
59.099
59.2985
59.4915
59.678
59.8579
60.031
60.1971
60.3557
60.5062
60.6483
60.7813
60.9047
61.0182
61.1212
61.2147
61.2979
61.3639
61.4138
61.4447
61.4554
60.5871
60.5742
60.5386
60.4819
60.4108
60.3227
60.2195
60.105
59.9806
59.8473
59.7058
59.5566
59.3999
59.2358
59.0644
58.8857
58.6998
58.5067
58.3066
58.0998
57.8864
57.6668
57.4409
57.2088
56.9705
56.7259
56.4749
56.2176
55.9542
55.6849
55.4099
55.1295
54.8437
54.5524
54.2556
53.9535
53.6461
53.3341
53.0176
52.6968
52.3717
52.0422
51.7087
51.3715
51.0313
50.688
50.3418
49.9926
49.641
49.2876
48.9328
48.5762
48.2185
47.8596
47.5008
47.1418
46.7827
46.424
46.0666
45.7105
45.3558
45.0031
44.6532
44.3058
43.9615
43.6211
43.2845
42.952
42.6249
42.3023
41.9857
41.6747
41.3702
41.0723
40.7816
40.4983
40.2228
39.9555
39.6968
39.4469
39.2063
38.9751
38.7539
38.5427
38.342
38.152
37.973
37.8053
37.6489
37.5043
37.3715
37.2508
37.1423
37.0462
36.9627
36.8918
36.8337
36.7884
36.7559
36.7365
36.73
36.7365
36.7559
36.7884
36.8337
36.8918
36.9627
37.0462
37.1423
37.2508
37.3715
37.5043
37.6489
37.8053
37.973
38.152
38.342
38.5427
38.7539
38.9751
39.2063
39.4469
39.6968
39.9555
40.2228
40.4983
40.7816
41.0723
41.3702
41.6747
41.9857
42.3023
42.6249
42.952
43.2845
43.6211
43.9615
44.3058
44.6532
45.0031
45.3558
45.7105
46.0666
46.424
46.7827
47.1418
47.5008
47.8596
48.2185
48.5762
48.9328
49.2876
49.641
49.9926
50.3418
50.688
51.0313
51.3715
51.7087
52.0422
52.3717
52.6968
53.0176
53.3341
53.6461
53.9535
54.2556
54.5524
54.8437
55.1295
55.4099
55.6849
55.9542
56.2176
56.4749
56.7259
56.9705
57.2088
57.4409
57.6668
57.8864
58.0998
58.3066
58.5067
58.6998
58.8857
59.0644
59.2358
59.3999
59.5566
59.7058
59.8473
59.9806
60.105
60.2195
60.3227
60.4108
60.4819
60.5386
60.5742
60.5871
59.7617
59.7443
59.699
59.6276
59.5403
59.4408
59.3293
59.2075
59.0759
58.9352
58.7861
58.6289
58.464
58.2917
58.1125
57.9264
57.7336
57.5343
57.3284
57.1158
56.8966
56.6707
56.4381
56.1989
55.9532
55.7013
55.4432
55.1791
54.909
54.6328
54.3505
54.0623
53.7681
53.4684
53.1633
52.853
52.5377
52.2172
51.8916
51.5613
51.2265
50.8877
50.5449
50.1983
49.8479
49.4941
49.1373
48.7779
48.4161
48.0519
47.6857
47.3181
46.9493
46.5797
46.2091
45.8385
45.468
45.0982
44.729
44.3611
43.995
43.6309
43.269
42.9101
42.5546
42.2024
41.8545
41.5111
41.1723
40.8391
40.5113
40.1898
39.8746
39.5665
39.2655
38.9723
38.6872
38.4105
38.1426
37.8838
37.6346
37.3952
37.166
36.9473
36.7394
36.5426
36.3571
36.1832
36.0212
35.8713
35.7337
35.6086
35.4962
35.3966
35.31
35.2365
35.1762
35.1292
35.0956
35.0754
35.0687
35.0754
35.0956
35.1292
35.1762
35.2365
35.31
35.3966
35.4962
35.6086
35.7337
35.8713
36.0212
36.1832
36.3571
36.5426
36.7394
36.9473
37.166
37.3952
37.6346
37.8838
38.1426
38.4105
38.6872
38.9723
39.2655
39.5665
39.8746
40.1898
40.5113
40.8391
41.1723
41.5111
41.8545
42.2024
42.5546
42.9101
43.269
43.6309
43.995
44.3611
44.729
45.0982
45.468
45.8385
46.2091
46.5797
46.9493
47.3181
47.6857
48.0519
48.4161
48.7779
49.1373
49.4941
49.8479
50.1983
50.5449
50.8877
51.2265
51.5613
51.8916
52.2172
52.5377
52.853
53.1633
53.4684
53.7681
54.0623
54.3505
54.6328
54.909
55.1791
55.4432
55.7013
55.9532
56.1989
56.4381
56.6707
56.8966
57.1158
57.3284
57.5343
57.7336
57.9264
58.1125
58.2917
58.464
58.6289
58.7861
58.9352
59.0759
59.2075
59.3293
59.4408
59.5403
59.6276
59.699
59.7443
59.7617
58.9527
58.9276
58.8712
58.7895
58.6886
58.5744
58.4492
58.3148
58.172
58.0216
57.8639
57.6991
57.5273
57.3487
57.1631
56.9706
56.7713
56.5651
56.3522
56.1327
55.9066
55.674
55.4349
55.1894
54.9375
54.679
54.4141
54.1426
53.8649
53.581
53.291
52.9952
52.6935
52.386
52.0727
51.7537
51.4294
51.0999
50.7654
50.4262
50.0822
49.7337
49.3808
49.024
48.6635
48.2997
47.9325
47.5623
47.1893
46.8142
46.4371
46.0583
45.678
45.2965
44.9147
44.5324
44.1502
43.7682
43.3874
43.0077
42.6295
42.2533
41.8798
41.509
41.1414
40.7777
40.4181
40.0629
39.7129
39.368
39.0292
38.6965
38.3706
38.0517
37.7403
37.4369
37.1417
36.8553
36.5779
36.31
36.0519
35.804
35.5666
35.3401
35.1247
34.9208
34.7286
34.5485
34.3806
34.2252
34.0826
33.953
33.8364
33.7332
33.6435
33.5673
33.5048
33.4561
33.4213
33.4004
33.3934
33.4004
33.4213
33.4561
33.5048
33.5673
33.6435
33.7332
33.8364
33.953
34.0826
34.2252
34.3806
34.5485
34.7286
34.9208
35.1247
35.3401
35.5666
35.804
36.0519
36.31
36.5779
36.8553
37.1417
37.4369
37.7403
38.0517
38.3706
38.6965
39.0292
39.368
39.7129
40.0629
40.4181
40.7777
41.1414
41.509
41.8798
42.2533
42.6295
43.0077
43.3874
43.7682
44.1502
44.5324
44.9147
45.2965
45.678
46.0583
46.4371
46.8142
47.1893
47.5623
47.9325
48.2997
48.6635
49.024
49.3808
49.7337
50.0822
50.4262
50.7654
51.0999
51.4294
51.7537
52.0727
52.386
52.6935
52.9952
53.291
53.581
53.8649
54.1426
54.4141
54.679
54.9375
55.1894
55.4349
55.674
55.9066
56.1327
56.3522
56.5651
56.7713
56.9706
57.1631
57.3487
57.5273
57.6991
57.8639
58.0216
58.172
58.3148
58.4492
58.5744
58.6886
58.7895
58.8712
58.9276
58.9527
58.1981
58.1478
58.0598
57.9535
57.8343
57.7054
57.5679
57.4228
57.2704
57.1109
56.9445
56.7714
56.5916
56.4052
56.2122
56.0128
55.8068
55.5943
55.3752
55.1495
54.9172
54.6781
54.4324
54.1801
53.9212
53.6557
53.3838
53.1054
52.8207
52.5295
52.2321
51.9284
51.6185
51.3027
50.9811
50.6537
50.3209
49.9825
49.6389
49.2901
48.9365
48.5783
48.2156
47.8488
47.478
47.1034
46.7255
46.3445
45.9606
45.5743
45.1857
44.7953
44.4034
44.0104
43.6165
43.2222
42.8279
42.4341
42.0409
41.6489
41.2586
40.8703
40.4844
40.1014
39.7218
39.3459
38.9742
38.6072
38.2452
37.8888
37.5383
37.1943
36.8571
36.5273
36.2051
35.8911
35.5856
35.2891
35.002
34.7247
34.4574
34.2007
33.9549
33.7203
33.4972
33.2859
33.0868
32.9002
32.7262
32.5653
32.4175
32.2831
32.1624
32.0554
31.9624
31.8834
31.8187
31.7682
31.7321
31.7104
31.7032
31.7104
31.7321
31.7682
31.8187
31.8834
31.9624
32.0554
32.1624
32.2831
32.4175
32.5653
32.7262
32.9002
33.0868
33.2859
33.4972
33.7203
33.9549
34.2007
34.4574
34.7247
35.002
35.2891
35.5856
35.8911
36.2051
36.5273
36.8571
37.1943
37.5383
37.8888
38.2452
38.6072
38.9742
39.3459
39.7218
40.1014
40.4844
40.8703
41.2586
41.6489
42.0409
42.4341
42.8279
43.2222
43.6165
44.0104
44.4034
44.7953
45.1857
45.5743
45.9606
46.3445
46.7255
47.1034
47.478
47.8488
48.2156
48.5783
48.9365
49.2901
49.6389
49.9825
50.3209
50.6537
50.9811
51.3027
51.6185
51.9284
52.2321
52.5295
52.8207
53.1054
53.3838
53.6557
53.9212
54.1801
54.4324
54.6781
54.9172
55.1495
55.3752
55.5943
55.8068
56.0128
56.2122
56.4052
56.5916
56.7714
56.9445
57.1109
57.2704
57.4228
57.5679
57.7054
57.8343
57.9535
58.0598
58.1478
58.1981
57.5375
57.4118
57.2812
57.1454
57.0042
56.8577
56.7057
56.548
56.3846
56.2154
56.0402
55.859
55.6716
55.478
55.2782
55.0719
54.8593
54.6401
54.4144
54.1821
53.9431
53.6975
53.4452
53.1862
52.9205
52.6482
52.3692
52.0835
51.7913
51.4925
51.1873
50.8756
50.5577
50.2336
49.9034
49.5673
49.2253
48.8778
48.5247
48.1663
47.8029
47.4346
47.0616
46.6843
46.3027
45.9173
45.5283
45.1359
44.7406
44.3425
43.9422
43.5398
43.1357
42.7304
42.3242
41.9175
41.5106
41.1041
40.6982
40.2935
39.8904
39.4893
39.0906
38.6949
38.3025
37.9139
37.5296
37.1501
36.7757
36.4071
36.0445
35.6886
35.3396
34.9982
34.6647
34.3396
34.0234
33.7163
33.419
33.1317
32.8549
32.5889
32.3342
32.0911
31.8599
31.6409
31.4346
31.2411
31.0608
30.8939
30.7407
30.6014
30.4762
30.3653
30.2688
30.1869
30.1198
30.0674
30.03
30.0075
30
30.0075
30.03
30.0674
30.1198
30.1869
30.2688
30.3653
30.4762
30.6014
30.7407
30.8939
31.0608
31.2411
31.4346
31.6409
31.8599
32.0911
32.3342
32.5889
32.8549
33.1317
33.419
33.7163
34.0234
34.3396
34.6647
34.9982
35.3396
35.6886
36.0445
36.4071
36.7757
37.1501
37.5296
37.9139
38.3025
38.6949
39.0906
39.4893
39.8904
40.2935
40.6982
41.1041
41.5106
41.9175
42.3242
42.7304
43.1357
43.5398
43.9422
44.3425
44.7406
45.1359
45.5283
45.9173
46.3027
46.6843
47.0616
47.4346
47.8029
48.1663
48.5247
48.8778
49.2253
49.5673
49.9034
50.2336
50.5577
50.8756
51.1873
51.4925
51.7913
52.0835
52.3692
52.6482
52.9205
53.1862
53.4452
53.6975
53.9431
54.1821
54.4144
54.6401
54.8593
55.0719
55.2782
55.478
55.6716
55.859
56.0402
56.2154
56.3846
56.548
56.7057
56.8577
57.0042
57.1454
57.2812
57.4118
57.5375
