200
200
200
200
200
200
200
200
200
200
200
200
200
200
200
200
200
200
200
200
200
200
200
200
200
200
200
200
200
200
200
200
200
200
200
200
200
200
200
200
200
200
200
200
200
200
200
200
200
200
200
200
200
200
200
200
200
200
200
200
200
200
200
200
200
200
200
200
200
200
200
200
200
200
200
200
200
200
200
200
200
200
200
200
200
200
200
200
200
200
200
200
200
200
200
200
200
200
200
200
200
200
200
200
200
200
200
200
200
200
200
200
200
200
200
200
200
200
200
200
200
200
200
200
200
200
200
200
200
200
200
200
200
200
200
200
200
200
200
200
200
200
200
200
200
200
200
200
200
200
200
196.422
196.422
196.422
196.422
196.422
196.422
196.422
196.422
196.422
196.422
196.422
196.422
196.422
196.422
196.422
196.422
196.422
196.422
196.422
196.422
196.422
196.422
196.422
196.422
196.422
196.422
196.422
196.421
196.421
196.421
196.421
196.421
196.421
196.421
196.421
196.421
196.421
196.421
196.421
196.421
196.421
196.421
196.421
196.421
196.421
196.421
196.421
196.421
196.421
196.421
196.421
196.421
196.421
196.421
196.421
196.421
196.421
196.421
196.42
196.42
196.42
196.42
196.42
196.42
196.42
196.42
196.42
196.42
196.42
196.42
196.42
196.42
196.42
196.42
196.42
196.42
196.42
196.42
196.42
196.42
196.42
196.42
196.42
196.42
196.42
196.42
196.42
196.42
196.42
196.42
196.42
196.42
196.42
196.421
196.421
196.421
196.421
196.421
196.421
196.421
196.421
196.421
196.421
196.421
196.421
196.421
196.421
196.421
196.421
196.421
196.421
196.421
196.421
196.421
196.421
196.421
196.421
196.421
196.421
196.421
196.421
196.421
196.421
196.421
196.422
196.422
196.422
196.422
196.422
196.422
196.422
196.422
196.422
196.422
196.422
196.422
196.422
196.422
196.422
196.422
196.422
196.422
196.422
196.422
196.422
196.422
196.422
196.422
196.422
196.422
196.422
192.847
192.847
192.847
192.847
192.847
192.847
192.847
192.847
192.847
192.847
192.847
192.847
192.847
192.847
192.847
192.847
192.847
192.847
192.847
192.847
192.847
192.847
192.847
192.847
192.847
192.847
192.846
192.846
192.846
192.846
192.846
192.846
192.846
192.846
192.846
192.846
192.846
192.845
192.845
192.845
192.845
192.845
192.845
192.844
192.844
192.844
192.844
192.844
192.844
192.843
192.843
192.843
192.843
192.843
192.843
192.842
192.842
192.842
192.842
192.842
192.841
192.841
192.841
192.841
192.841
192.841
192.841
192.84
192.84
192.84
192.84
192.84
192.84
192.84
192.84
192.84
192.84
192.84
192.84
192.84
192.84
192.84
192.84
192.84
192.841
192.841
192.841
192.841
192.841
192.841
192.841
192.842
192.842
192.842
192.842
192.842
192.843
192.843
192.843
192.843
192.843
192.843
192.844
192.844
192.844
192.844
192.844
192.844
192.845
192.845
192.845
192.845
192.845
192.845
192.846
192.846
192.846
192.846
192.846
192.846
192.846
192.846
192.846
192.846
192.846
192.847
192.847
192.847
192.847
192.847
192.847
192.847
192.847
192.847
192.847
192.847
192.847
192.847
192.847
192.847
192.847
192.847
192.847
192.847
192.847
192.847
192.847
192.847
192.847
192.847
192.847
189.286
189.286
189.286
189.286
189.286
189.286
189.286
189.286
189.286
189.286
189.286
189.285
189.285
189.285
189.285
189.285
189.285
189.285
189.285
189.285
189.285
189.284
189.284
189.284
189.284
189.284
189.283
189.283
189.283
189.282
189.282
189.282
189.281
189.281
189.281
189.28
189.28
189.279
189.279
189.278
189.278
189.277
189.277
189.276
189.275
189.275
189.274
189.273
189.273
189.272
189.271
189.271
189.27
189.269
189.269
189.268
189.267
189.267
189.266
189.265
189.265
189.264
189.263
189.263
189.262
189.262
189.261
189.261
189.261
189.26
189.26
189.26
189.26
189.26
189.26
189.26
189.26
189.26
189.26
189.26
189.26
189.26
189.261
189.261
189.261
189.262
189.262
189.263
189.263
189.264
189.265
189.265
189.266
189.267
189.267
189.268
189.269
189.269
189.27
189.271
189.271
189.272
189.273
189.273
189.274
189.275
189.275
189.276
189.277
189.277
189.278
189.278
189.279
189.279
189.28
189.28
189.281
189.281
189.281
189.282
189.282
189.282
189.283
189.283
189.283
189.284
189.284
189.284
189.284
189.284
189.285
189.285
189.285
189.285
189.285
189.285
189.285
189.285
189.285
189.285
189.286
189.286
189.286
189.286
189.286
189.286
189.286
189.286
189.286
189.286
189.286
185.76
185.76
185.76
185.76
185.76
185.76
185.76
185.76
185.76
185.76
185.759
185.759
185.759
185.759
185.758
185.758
185.758
185.757
185.757
185.757
185.756
185.756
185.755
185.754
185.754
185.753
185.752
185.751
185.751
185.75
185.749
185.748
185.746
185.745
185.744
185.743
185.741
185.74
185.738
185.736
185.735
185.733
185.731
185.729
185.727
185.725
185.723
185.721
185.719
185.717
185.715
185.713
185.71
185.708
185.706
185.704
185.702
185.7
185.698
185.696
185.694
185.692
185.69
185.688
185.687
185.685
185.684
185.683
185.682
185.681
185.68
185.679
185.678
185.678
185.678
185.678
185.678
185.678
185.678
185.679
185.68
185.681
185.682
185.683
185.684
185.685
185.687
185.688
185.69
185.692
185.694
185.696
185.698
185.7
185.702
185.704
185.706
185.708
185.71
185.713
185.715
185.717
185.719
185.721
185.723
185.725
185.727
185.729
185.731
185.733
185.735
185.736
185.738
185.74
185.741
185.743
185.744
185.745
185.746
185.748
185.749
185.75
185.751
185.751
185.752
185.753
185.754
185.754
185.755
185.756
185.756
185.757
185.757
185.757
185.758
185.758
185.758
185.759
185.759
185.759
185.759
185.76
185.76
185.76
185.76
185.76
185.76
185.76
185.76
185.76
185.76
182.31
182.311
182.31
182.311
182.31
182.31
182.309
182.309
182.309
182.309
182.308
182.307
182.307
182.306
182.305
182.305
182.304
182.303
182.302
182.301
182.299
182.298
182.296
182.295
182.293
182.291
182.289
182.287
182.284
182.282
182.279
182.276
182.273
182.27
182.267
182.263
182.259
182.255
182.251
182.247
182.243
182.238
182.233
182.228
182.223
182.218
182.213
182.207
182.202
182.196
182.19
182.185
182.179
182.173
182.168
182.162
182.156
182.151
182.146
182.14
182.135
182.131
182.126
182.122
182.117
182.114
182.11
182.107
182.104
182.101
182.099
182.098
182.096
182.095
182.095
182.094
182.095
182.095
182.096
182.098
182.099
182.101
182.104
182.107
182.11
182.114
182.117
182.122
182.126
182.131
182.135
182.14
182.146
182.151
182.156
182.162
182.168
182.173
182.179
182.185
182.19
182.196
182.202
182.207
182.213
182.218
182.223
182.228
182.233
182.238
182.243
182.247
182.251
182.255
182.259
182.263
182.267
182.27
182.273
182.276
182.279
182.282
182.284
182.287
182.289
182.291
182.293
182.295
182.296
182.298
182.299
182.301
182.302
182.303
182.304
182.305
182.305
182.306
182.307
182.307
182.308
182.309
182.309
182.309
182.309
182.31
182.31
182.311
182.31
182.311
182.31
178.981
178.979
178.981
178.978
178.98
178.978
178.979
178.977
178.977
178.975
178.975
178.973
178.972
178.971
178.969
178.967
178.965
178.963
178.96
178.958
178.955
178.952
178.948
178.945
178.941
178.937
178.932
178.927
178.922
178.916
178.91
178.904
178.897
178.89
178.883
178.875
178.867
178.858
178.849
178.84
178.83
178.82
178.809
178.799
178.788
178.776
178.765
178.753
178.741
178.729
178.717
178.705
178.692
178.68
178.668
178.656
178.644
178.632
178.62
178.609
178.598
178.588
178.578
178.569
178.56
178.552
178.544
178.537
178.531
178.525
178.521
178.517
178.514
178.512
178.511
178.51
178.511
178.512
178.514
178.517
178.521
178.525
178.531
178.537
178.544
178.552
178.56
178.569
178.578
178.588
178.598
178.609
178.62
178.632
178.644
178.656
178.668
178.68
178.692
178.705
178.717
178.729
178.741
178.753
178.765
178.776
178.788
178.799
178.809
178.82
178.83
178.84
178.849
178.858
178.867
178.875
178.883
178.89
178.897
178.904
178.91
178.916
178.922
178.927
178.932
178.937
178.941
178.945
178.948
178.952
178.955
178.958
178.96
178.963
178.965
178.967
178.969
178.971
178.972
178.973
178.975
178.975
178.977
178.977
178.979
178.978
178.98
178.978
178.981
178.979
178.981
175.772
175.779
175.772
175.778
175.771
175.775
175.77
175.772
175.768
175.768
175.764
175.763
175.76
175.758
175.754
175.751
175.747
175.743
175.738
175.734
175.728
175.722
175.716
175.709
175.702
175.694
175.686
175.677
175.667
175.657
175.646
175.634
175.622
175.609
175.595
175.581
175.566
175.551
175.534
175.517
175.5
175.482
175.463
175.443
175.424
175.403
175.382
175.361
175.34
175.318
175.297
175.275
175.253
175.231
175.209
175.187
175.166
175.145
175.125
175.105
175.086
175.068
175.05
175.033
175.018
175.003
174.99
174.978
174.967
174.957
174.949
174.942
174.937
174.933
174.931
174.93
174.931
174.933
174.937
174.942
174.949
174.957
174.967
174.978
174.99
175.003
175.018
175.033
175.05
175.068
175.086
175.105
175.125
175.145
175.166
175.187
175.209
175.231
175.253
175.275
175.297
175.318
175.34
175.361
175.382
175.403
175.424
175.443
175.463
175.482
175.5
175.517
175.534
175.551
175.566
175.581
175.595
175.609
175.622
175.634
175.646
175.657
175.667
175.677
175.686
175.694
175.702
175.709
175.716
175.722
175.728
175.734
175.738
175.743
175.747
175.751
175.754
175.758
175.76
175.763
175.764
175.768
175.768
175.772
175.77
175.775
175.771
175.778
175.772
175.779
175.772
172.633
172.617
172.632
172.616
172.63
172.615
172.625
172.613
172.619
172.609
172.612
172.604
172.603
172.596
172.593
172.586
172.581
172.574
172.567
172.559
172.551
172.542
172.532
172.521
172.51
172.497
172.484
172.47
172.456
172.44
172.423
172.405
172.387
172.367
172.346
172.325
172.302
172.278
172.254
172.228
172.202
172.174
172.146
172.117
172.088
172.057
172.027
171.995
171.963
171.931
171.899
171.867
171.834
171.802
171.77
171.738
171.707
171.676
171.647
171.618
171.59
171.563
171.537
171.513
171.49
171.469
171.449
171.432
171.416
171.402
171.39
171.38
171.372
171.367
171.363
171.362
171.363
171.367
171.372
171.38
171.39
171.402
171.416
171.432
171.449
171.469
171.49
171.513
171.537
171.563
171.59
171.618
171.647
171.676
171.707
171.738
171.77
171.802
171.834
171.867
171.899
171.931
171.963
171.995
172.027
172.057
172.088
172.117
172.146
172.174
172.202
172.228
172.254
172.278
172.302
172.325
172.346
172.367
172.387
172.405
172.423
172.44
172.456
172.47
172.484
172.497
172.51
172.521
172.532
172.542
172.551
172.559
172.567
172.574
172.581
172.586
172.593
172.596
172.603
172.604
172.612
172.609
172.619
172.613
172.625
172.615
172.63
172.616
172.632
172.617
172.633
169.403
169.434
169.402
169.432
169.401
169.427
169.399
169.419
169.395
169.409
169.39
169.397
169.382
169.383
169.372
169.367
169.357
169.349
169.339
169.328
169.317
169.305
169.291
169.277
169.262
169.246
169.228
169.21
169.19
169.169
169.147
169.124
169.1
169.074
169.047
169.019
168.99
168.959
168.927
168.895
168.861
168.826
168.79
168.753
168.715
168.677
168.638
168.598
168.558
168.518
168.478
168.437
168.396
168.356
168.316
168.277
168.238
168.2
168.163
168.127
168.092
168.059
168.027
167.997
167.969
167.943
167.919
167.897
167.878
167.861
167.846
167.834
167.825
167.818
167.814
167.812
167.814
167.818
167.825
167.834
167.846
167.861
167.878
167.897
167.919
167.943
167.969
167.997
168.027
168.059
168.092
168.127
168.163
168.2
168.238
168.277
168.316
168.356
168.396
168.437
168.478
168.518
168.558
168.598
168.638
168.677
168.715
168.753
168.79
168.826
168.861
168.895
168.927
168.959
168.99
169.019
169.047
169.074
169.1
169.124
169.147
169.169
169.19
169.21
169.228
169.246
169.262
169.277
169.291
169.305
169.317
169.328
169.339
169.349
169.357
169.367
169.372
169.383
169.382
169.397
169.39
169.409
169.395
169.419
169.399
169.427
169.401
169.432
169.402
169.434
169.403
166.153
166.104
166.152
166.103
166.148
166.1
166.14
166.096
166.13
166.09
166.115
166.083
166.098
166.073
166.077
166.059
166.055
166.041
166.03
166.016
166.003
165.987
165.971
165.954
165.935
165.916
165.894
165.872
165.849
165.824
165.797
165.77
165.741
165.71
165.679
165.645
165.611
165.575
165.538
165.5
165.46
165.42
165.378
165.336
165.293
165.249
165.204
165.159
165.113
165.067
165.021
164.975
164.929
164.883
164.838
164.794
164.75
164.708
164.666
164.626
164.587
164.55
164.515
164.481
164.45
164.421
164.394
164.37
164.348
164.329
164.313
164.3
164.289
164.282
164.277
164.276
164.277
164.282
164.289
164.3
164.313
164.329
164.348
164.37
164.394
164.421
164.45
164.481
164.515
164.55
164.587
164.626
164.666
164.708
164.75
164.794
164.838
164.883
164.929
164.975
165.021
165.067
165.113
165.159
165.204
165.249
165.293
165.336
165.378
165.42
165.46
165.5
165.538
165.575
165.611
165.645
165.679
165.71
165.741
165.77
165.797
165.824
165.849
165.872
165.894
165.916
165.935
165.954
165.971
165.987
166.003
166.016
166.03
166.041
166.055
166.059
166.077
166.073
166.098
166.083
166.115
166.09
166.13
166.096
166.14
166.1
166.148
166.103
166.152
166.104
166.153
162.826
162.88
162.825
162.878
162.82
162.873
162.814
162.864
162.806
162.851
162.796
162.833
162.785
162.81
162.772
162.782
162.754
162.751
162.731
162.718
162.7
162.683
162.663
162.643
162.621
162.597
162.572
162.546
162.518
162.489
162.458
162.426
162.392
162.357
162.32
162.282
162.242
162.201
162.159
162.115
162.07
162.023
161.976
161.928
161.878
161.828
161.778
161.727
161.675
161.623
161.572
161.52
161.468
161.417
161.367
161.317
161.269
161.221
161.175
161.13
161.087
161.046
161.007
160.97
160.935
160.903
160.873
160.846
160.823
160.802
160.784
160.769
160.757
160.749
160.744
160.742
160.744
160.749
160.757
160.769
160.784
160.802
160.823
160.846
160.873
160.903
160.935
160.97
161.007
161.046
161.087
161.13
161.175
161.221
161.269
161.317
161.367
161.417
161.468
161.52
161.572
161.623
161.675
161.727
161.778
161.828
161.878
161.928
161.976
162.023
162.07
162.115
162.159
162.201
162.242
162.282
162.32
162.357
162.392
162.426
162.458
162.489
162.518
162.546
162.572
162.597
162.621
162.643
162.663
162.683
162.7
162.718
162.731
162.751
162.754
162.782
162.772
162.81
162.785
162.833
162.796
162.851
162.806
162.864
162.814
162.873
162.82
162.878
162.825
162.88
162.826
159.669
159.634
159.669
159.629
159.666
159.62
159.661
159.607
159.653
159.591
159.639
159.573
159.619
159.555
159.59
159.536
159.554
159.514
159.513
159.485
159.47
159.446
159.424
159.399
159.373
159.345
159.316
159.285
159.252
159.218
159.182
159.144
159.104
159.063
159.02
158.975
158.929
158.881
158.832
158.781
158.728
158.675
158.62
158.564
158.507
158.45
158.392
158.333
158.274
158.214
158.155
158.096
158.037
157.978
157.921
157.864
157.808
157.754
157.702
157.651
157.602
157.555
157.51
157.468
157.429
157.392
157.359
157.328
157.301
157.278
157.257
157.24
157.227
157.218
157.212
157.21
157.212
157.218
157.227
157.24
157.257
157.278
157.301
157.328
157.359
157.392
157.429
157.468
157.51
157.555
157.602
157.651
157.702
157.754
157.808
157.864
157.921
157.978
158.037
158.096
158.155
158.214
158.274
158.333
158.392
158.45
158.507
158.564
158.62
158.675
158.728
158.781
158.832
158.881
158.929
158.975
159.02
159.063
159.104
159.144
159.182
159.218
159.252
159.285
159.316
159.345
159.373
159.399
159.424
159.446
159.47
159.485
159.513
159.514
159.554
159.536
159.59
159.555
159.619
159.573
159.639
159.591
159.653
159.607
159.661
159.62
159.666
159.629
159.669
159.634
159.669
156.442
156.435
156.439
156.433
156.431
156.429
156.416
156.424
156.395
156.416
156.369
156.404
156.34
156.383
156.31
156.352
156.281
156.308
156.252
156.256
156.217
156.2
156.17
156.143
156.112
156.08
156.047
156.011
155.973
155.934
155.892
155.849
155.804
155.756
155.707
155.657
155.604
155.55
155.494
155.436
155.377
155.317
155.255
155.192
155.128
155.064
154.998
154.933
154.866
154.8
154.734
154.668
154.602
154.537
154.473
154.41
154.348
154.288
154.23
154.174
154.119
154.068
154.018
153.972
153.929
153.888
153.851
153.818
153.788
153.762
153.739
153.721
153.706
153.696
153.69
153.688
153.69
153.696
153.706
153.721
153.739
153.762
153.788
153.818
153.851
153.888
153.929
153.972
154.018
154.068
154.119
154.174
154.23
154.288
154.348
154.41
154.473
154.537
154.602
154.668
154.734
154.8
154.866
154.933
154.998
155.064
155.128
155.192
155.255
155.317
155.377
155.436
155.494
155.55
155.604
155.657
155.707
155.756
155.804
155.849
155.892
155.934
155.973
156.011
156.047
156.08
156.112
156.143
156.17
156.2
156.217
156.256
156.252
156.308
156.281
156.352
156.31
156.383
156.34
156.404
156.369
156.416
156.395
156.424
156.416
156.429
156.431
156.433
156.439
156.435
156.442
153.145
153.183
153.143
153.178
153.137
153.167
153.129
153.15
153.119
153.125
153.107
153.09
153.094
153.049
153.075
153.004
153.044
152.962
152.996
152.923
152.933
152.881
152.864
152.827
152.795
152.759
152.721
152.681
152.639
152.595
152.549
152.501
152.451
152.399
152.345
152.289
152.232
152.172
152.111
152.048
151.984
151.918
151.851
151.783
151.713
151.643
151.573
151.502
151.43
151.359
151.288
151.217
151.146
151.077
151.008
150.941
150.875
150.811
150.748
150.688
150.63
150.575
150.523
150.474
150.428
150.385
150.345
150.31
150.278
150.25
150.227
150.207
150.192
150.181
150.174
150.172
150.174
150.181
150.192
150.207
150.227
150.25
150.278
150.31
150.345
150.385
150.428
150.474
150.523
150.575
150.63
150.688
150.748
150.811
150.875
150.941
151.008
151.077
151.146
151.217
151.288
151.359
151.43
151.502
151.573
151.643
151.713
151.783
151.851
151.918
151.984
152.048
152.111
152.172
152.232
152.289
152.345
152.399
152.451
152.501
152.549
152.595
152.639
152.681
152.721
152.759
152.795
152.827
152.864
152.881
152.933
152.923
152.996
152.962
153.044
153.004
153.075
153.049
153.094
153.09
153.107
153.125
153.119
153.15
153.129
153.167
153.137
153.178
153.143
153.183
153.145
149.935
149.911
149.933
149.904
149.928
149.891
149.919
149.873
149.903
149.852
149.879
149.829
149.842
149.808
149.792
149.786
149.732
149.756
149.671
149.707
149.618
149.635
149.568
149.551
149.506
149.468
149.426
149.382
149.335
149.286
149.236
149.183
149.127
149.07
149.011
148.949
148.886
148.82
148.753
148.684
148.614
148.542
148.469
148.395
148.319
148.243
148.166
148.089
148.012
147.934
147.857
147.78
147.704
147.629
147.555
147.482
147.411
147.342
147.275
147.211
147.148
147.089
147.033
146.98
146.93
146.884
146.842
146.804
146.77
146.74
146.715
146.694
146.678
146.666
146.659
146.657
146.659
146.666
146.678
146.694
146.715
146.74
146.77
146.804
146.842
146.884
146.93
146.98
147.033
147.089
147.148
147.211
147.275
147.342
147.411
147.482
147.555
147.629
147.704
147.78
147.857
147.934
148.012
148.089
148.166
148.243
148.319
148.395
148.469
148.542
148.614
148.684
148.753
148.82
148.886
148.949
149.011
149.07
149.127
149.183
149.236
149.286
149.335
149.382
149.426
149.468
149.506
149.551
149.568
149.635
149.618
149.707
149.671
149.756
149.732
149.786
149.792
149.808
149.842
149.829
149.879
149.852
149.903
149.873
149.919
149.891
149.928
149.904
149.933
149.911
149.935
146.728
146.707
146.724
146.703
146.713
146.695
146.694
146.684
146.667
146.669
146.632
146.648
146.592
146.615
146.554
146.563
146.521
146.492
146.489
146.411
146.44
146.339
146.36
146.277
146.261
146.206
146.162
146.113
146.061
146.007
145.951
145.893
145.832
145.768
145.703
145.635
145.566
145.494
145.42
145.345
145.268
145.189
145.109
145.028
144.946
144.863
144.779
144.695
144.611
144.526
144.442
144.359
144.276
144.195
144.114
144.035
143.958
143.883
143.811
143.741
143.674
143.609
143.549
143.491
143.438
143.388
143.342
143.301
143.264
143.232
143.205
143.182
143.165
143.152
143.144
143.142
143.144
143.152
143.165
143.182
143.205
143.232
143.264
143.301
143.342
143.388
143.438
143.491
143.549
143.609
143.674
143.741
143.811
143.883
143.958
144.035
144.114
144.195
144.276
144.359
144.442
144.526
144.611
144.695
144.779
144.863
144.946
145.028
145.109
145.189
145.268
145.345
145.42
145.494
145.566
145.635
145.703
145.768
145.832
145.893
145.951
146.007
146.061
146.113
146.162
146.206
146.261
146.277
146.36
146.339
146.44
146.411
146.489
146.492
146.521
146.563
146.554
146.615
146.592
146.648
146.632
146.669
146.667
146.684
146.694
146.695
146.713
146.703
146.724
146.707
146.728
143.449
143.478
143.446
143.473
143.435
143.461
143.419
143.442
143.398
143.413
143.375
143.371
143.351
143.317
143.321
143.257
143.274
143.204
143.2
143.162
143.102
143.113
143.006
143.03
142.931
142.915
142.851
142.801
142.745
142.686
142.625
142.562
142.496
142.428
142.357
142.284
142.209
142.132
142.053
141.972
141.889
141.805
141.719
141.633
141.545
141.456
141.367
141.277
141.188
141.098
141.009
140.92
140.832
140.746
140.661
140.577
140.496
140.416
140.34
140.266
140.195
140.127
140.063
140.002
139.946
139.893
139.845
139.802
139.763
139.73
139.701
139.677
139.658
139.645
139.637
139.634
139.637
139.645
139.658
139.677
139.701
139.73
139.763
139.802
139.845
139.893
139.946
140.002
140.063
140.127
140.195
140.266
140.34
140.416
140.496
140.577
140.661
140.746
140.832
140.92
141.009
141.098
141.188
141.277
141.367
141.456
141.545
141.633
141.719
141.805
141.889
141.972
142.053
142.132
142.209
142.284
142.357
142.428
142.496
142.562
142.625
142.686
142.745
142.801
142.851
142.915
142.931
143.03
143.006
143.113
143.102
143.162
143.2
143.204
143.274
143.257
143.321
143.317
143.351
143.371
143.375
143.413
143.398
143.442
143.419
143.461
143.435
143.473
143.446
143.478
143.449
140.212
140.222
140.21
140.213
140.202
140.195
140.19
140.169
140.172
140.133
140.146
140.093
140.107
140.053
140.05
140.015
139.974
139.972
139.894
139.902
139.832
139.793
139.78
139.674
139.695
139.581
139.565
139.491
139.434
139.371
139.306
139.237
139.166
139.093
139.017
138.939
138.858
138.776
138.691
138.604
138.516
138.426
138.334
138.242
138.148
138.054
137.959
137.863
137.768
137.673
137.578
137.484
137.391
137.299
137.209
137.12
137.034
136.95
136.869
136.79
136.715
136.644
136.576
136.512
136.452
136.397
136.346
136.3
136.26
136.224
136.193
136.168
136.149
136.135
136.126
136.123
136.126
136.135
136.149
136.168
136.193
136.224
136.26
136.3
136.346
136.397
136.452
136.512
136.576
136.644
136.715
136.79
136.869
136.95
137.034
137.12
137.209
137.299
137.391
137.484
137.578
137.673
137.768
137.863
137.959
138.054
138.148
138.242
138.334
138.426
138.516
138.604
138.691
138.776
138.858
138.939
139.017
139.093
139.166
139.237
139.306
139.371
139.434
139.491
139.565
139.581
139.695
139.674
139.78
139.793
139.832
139.902
139.894
139.972
139.974
140.015
140.05
140.053
140.107
140.093
140.146
140.133
140.172
140.169
140.19
140.195
140.202
140.213
140.21
140.222
140.212
137.024
136.995
137.02
136.987
137.009
136.971
136.99
136.95
136.961
136.924
136.918
136.894
136.862
136.858
136.799
136.806
136.74
136.726
136.689
136.624
136.626
136.533
136.513
136.471
136.369
136.384
136.257
136.238
136.155
136.091
136.02
135.946
135.869
135.79
135.709
135.624
135.538
135.449
135.358
135.265
135.17
135.074
134.976
134.876
134.776
134.675
134.573
134.471
134.369
134.267
134.166
134.065
133.966
133.868
133.771
133.677
133.585
133.495
133.409
133.325
133.245
133.169
133.096
133.028
132.965
132.906
132.852
132.803
132.759
132.721
132.689
132.662
132.641
132.626
132.617
132.614
132.617
132.626
132.641
132.662
132.689
132.721
132.759
132.803
132.852
132.906
132.965
133.028
133.096
133.169
133.245
133.325
133.409
133.495
133.585
133.677
133.771
133.868
133.966
134.065
134.166
134.267
134.369
134.471
134.573
134.675
134.776
134.876
134.976
135.074
135.17
135.265
135.358
135.449
135.538
135.624
135.709
135.79
135.869
135.946
136.02
136.091
136.155
136.238
136.257
136.384
136.369
136.471
136.513
136.533
136.626
136.624
136.689
136.726
136.74
136.806
136.799
136.858
136.862
136.894
136.918
136.924
136.961
136.95
136.99
136.971
137.009
136.987
137.02
136.995
137.024
133.765
133.754
133.76
133.748
133.745
133.735
133.719
133.716
133.684
133.689
133.641
133.649
133.594
133.592
133.549
133.514
133.499
133.427
133.426
133.354
133.312
133.291
133.19
133.182
133.111
133.016
133.021
132.884
132.861
132.769
132.697
132.619
132.537
132.453
132.366
132.277
132.185
132.09
131.994
131.895
131.795
131.693
131.589
131.484
131.378
131.271
131.164
131.056
130.948
130.841
130.734
130.628
130.524
130.42
130.319
130.22
130.123
130.029
129.938
129.85
129.766
129.686
129.61
129.538
129.471
129.41
129.353
129.302
129.256
129.216
129.182
129.154
129.132
129.117
129.107
129.104
129.107
129.117
129.132
129.154
129.182
129.216
129.256
129.302
129.353
129.41
129.471
129.538
129.61
129.686
129.766
129.85
129.938
130.029
130.123
130.22
130.319
130.42
130.524
130.628
130.734
130.841
130.948
131.056
131.164
131.271
131.378
131.484
131.589
131.693
131.795
131.895
131.994
132.09
132.185
132.277
132.366
132.453
132.537
132.619
132.697
132.769
132.861
132.884
133.021
133.016
133.111
133.182
133.19
133.291
133.312
133.354
133.426
133.427
133.499
133.514
133.549
133.592
133.594
133.649
133.641
133.689
133.684
133.716
133.719
133.735
133.745
133.748
133.76
133.754
133.765
130.517
130.54
130.512
130.532
130.498
130.515
130.476
130.488
130.447
130.447
130.413
130.392
130.374
130.324
130.322
130.254
130.244
130.192
130.139
130.124
130.034
130.012
129.959
129.862
129.855
129.76
129.67
129.665
129.519
129.488
129.389
129.31
129.223
129.134
129.041
128.946
128.849
128.749
128.646
128.542
128.436
128.327
128.218
128.107
127.994
127.882
127.768
127.654
127.541
127.427
127.314
127.203
127.092
126.983
126.876
126.771
126.669
126.57
126.474
126.381
126.293
126.208
126.128
126.053
125.983
125.918
125.858
125.804
125.756
125.714
125.678
125.649
125.626
125.609
125.599
125.596
125.599
125.609
125.626
125.649
125.678
125.714
125.756
125.804
125.858
125.918
125.983
126.053
126.128
126.208
126.293
126.381
126.474
126.57
126.669
126.771
126.876
126.983
127.092
127.203
127.314
127.427
127.541
127.654
127.768
127.882
127.994
128.107
128.218
128.327
128.436
128.542
128.646
128.749
128.849
128.946
129.041
129.134
129.223
129.31
129.389
129.488
129.519
129.665
129.67
129.76
129.855
129.862
129.959
130.012
130.034
130.124
130.139
130.192
130.244
130.254
130.322
130.324
130.374
130.392
130.413
130.447
130.447
130.488
130.476
130.515
130.498
130.532
130.512
130.54
130.517
127.303
127.316
127.299
127.305
127.287
127.283
127.268
127.249
127.241
127.204
127.203
127.15
127.15
127.095
127.074
127.039
126.98
126.969
126.889
126.861
126.815
126.725
126.71
126.626
126.537
126.525
126.411
126.321
126.306
126.154
126.113
126.007
125.918
125.824
125.726
125.625
125.521
125.415
125.307
125.196
125.083
124.969
124.852
124.735
124.616
124.497
124.376
124.256
124.136
124.016
123.896
123.778
123.661
123.546
123.433
123.322
123.214
123.109
123.008
122.91
122.816
122.727
122.642
122.563
122.488
122.42
122.357
122.3
122.249
122.204
122.167
122.135
122.111
122.094
122.083
122.08
122.083
122.094
122.111
122.135
122.167
122.204
122.249
122.3
122.357
122.42
122.488
122.563
122.642
122.727
122.816
122.91
123.008
123.109
123.214
123.322
123.433
123.546
123.661
123.778
123.896
124.016
124.136
124.256
124.376
124.497
124.616
124.735
124.852
124.969
125.083
125.196
125.307
125.415
125.521
125.625
125.726
125.824
125.918
126.007
126.113
126.154
126.306
126.321
126.411
126.525
126.537
126.626
126.71
126.725
126.815
126.861
126.889
126.969
126.98
127.039
127.074
127.095
127.15
127.15
127.203
127.204
127.241
127.249
127.268
127.283
127.287
127.305
127.299
127.316
127.303
124.081
124.063
124.077
124.052
124.063
124.03
124.04
123.999
124.004
123.96
123.953
123.915
123.884
123.864
123.804
123.794
123.725
123.693
123.653
123.571
123.553
123.473
123.396
123.376
123.268
123.186
123.165
123.039
122.943
122.919
122.763
122.709
122.598
122.5
122.397
122.291
122.182
122.07
121.956
121.84
121.721
121.601
121.479
121.355
121.23
121.105
120.978
120.852
120.726
120.6
120.475
120.35
120.228
120.107
119.988
119.872
119.759
119.649
119.542
119.44
119.341
119.248
119.159
119.076
118.998
118.926
118.86
118.8
118.747
118.7
118.66
118.628
118.602
118.584
118.573
118.569
118.573
118.584
118.602
118.628
118.66
118.7
118.747
118.8
118.86
118.926
118.998
119.076
119.159
119.248
119.341
119.44
119.542
119.649
119.759
119.872
119.988
120.107
120.228
120.35
120.475
120.6
120.726
120.852
120.978
121.105
121.23
121.355
121.479
121.601
121.721
121.84
121.956
122.07
122.182
122.291
122.397
122.5
122.598
122.709
122.763
122.919
122.943
123.039
123.165
123.186
123.268
123.376
123.396
123.473
123.553
123.571
123.653
123.693
123.725
123.794
123.804
123.864
123.884
123.915
123.953
123.96
124.004
123.999
124.04
124.03
124.063
124.052
124.077
124.063
124.081
120.859
120.838
120.854
120.828
120.836
120.809
120.806
120.781
120.762
120.745
120.705
120.697
120.64
120.63
120.573
120.537
120.504
120.429
120.409
120.334
120.268
120.241
120.136
120.073
120.04
119.916
119.833
119.803
119.673
119.564
119.53
119.372
119.303
119.187
119.08
118.968
118.853
118.736
118.615
118.493
118.368
118.241
118.112
117.982
117.851
117.719
117.586
117.453
117.32
117.187
117.055
116.924
116.795
116.668
116.543
116.421
116.301
116.185
116.073
115.965
115.862
115.763
115.67
115.582
115.5
115.424
115.354
115.291
115.235
115.186
115.144
115.11
115.083
115.064
115.052
115.048
115.052
115.064
115.083
115.11
115.144
115.186
115.235
115.291
115.354
115.424
115.5
115.582
115.67
115.763
115.862
115.965
116.073
116.185
116.301
116.421
116.543
116.668
116.795
116.924
117.055
117.187
117.32
117.453
117.586
117.719
117.851
117.982
118.112
118.241
118.368
118.493
118.615
118.736
118.853
118.968
119.08
119.187
119.303
119.372
119.53
119.564
119.673
119.803
119.833
119.916
120.04
120.073
120.136
120.241
120.268
120.334
120.409
120.429
120.504
120.537
120.573
120.63
120.64
120.697
120.705
120.745
120.762
120.781
120.806
120.809
120.836
120.828
120.854
120.838
120.859
117.628
117.63
117.622
117.621
117.603
117.601
117.571
117.571
117.528
117.527
117.477
117.464
117.42
117.382
117.356
117.287
117.268
117.198
117.142
117.11
117.012
116.966
116.917
116.798
116.742
116.697
116.564
116.47
116.431
116.302
116.176
116.132
115.973
115.889
115.767
115.651
115.53
115.406
115.28
115.151
115.02
114.886
114.751
114.614
114.476
114.337
114.198
114.058
113.918
113.778
113.64
113.502
113.367
113.233
113.101
112.973
112.847
112.725
112.607
112.493
112.385
112.281
112.183
112.09
112.004
111.924
111.85
111.784
111.725
111.673
111.629
111.593
111.565
111.545
111.532
111.528
111.532
111.545
111.565
111.593
111.629
111.673
111.725
111.784
111.85
111.924
112.004
112.09
112.183
112.281
112.385
112.493
112.607
112.725
112.847
112.973
113.101
113.233
113.367
113.502
113.64
113.778
113.918
114.058
114.198
114.337
114.476
114.614
114.751
114.886
115.02
115.151
115.28
115.406
115.53
115.651
115.767
115.889
115.973
116.132
116.176
116.302
116.431
116.47
116.564
116.697
116.742
116.798
116.917
116.966
117.012
117.11
117.142
117.198
117.268
117.287
117.356
117.382
117.42
117.464
117.477
117.527
117.528
117.571
117.571
117.601
117.603
117.621
117.622
117.63
117.628
114.397
114.416
114.391
114.404
114.373
114.38
114.344
114.342
114.306
114.288
114.259
114.218
114.201
114.138
114.119
114.057
114.008
113.974
113.886
113.85
113.787
113.685
113.649
113.579
113.451
113.389
113.338
113.203
113.09
113.041
112.918
112.773
112.718
112.559
112.459
112.33
112.205
112.075
111.943
111.808
111.67
111.53
111.388
111.245
111.1
110.954
110.808
110.661
110.514
110.368
110.222
110.078
109.935
109.795
109.657
109.522
109.39
109.262
109.138
109.018
108.904
108.795
108.692
108.594
108.504
108.419
108.342
108.273
108.211
108.156
108.11
108.072
108.042
108.021
108.008
108.004
108.008
108.021
108.042
108.072
108.11
108.156
108.211
108.273
108.342
108.419
108.504
108.594
108.692
108.795
108.904
109.018
109.138
109.262
109.39
109.522
109.657
109.795
109.935
110.078
110.222
110.368
110.514
110.661
110.808
110.954
111.1
111.245
111.388
111.53
111.67
111.808
111.943
112.075
112.205
112.33
112.459
112.559
112.718
112.773
112.918
113.041
113.09
113.203
113.338
113.389
113.451
113.579
113.649
113.685
113.787
113.85
113.886
113.974
114.008
114.057
114.119
114.138
114.201
114.218
114.259
114.288
114.306
114.342
114.344
114.38
114.373
114.404
114.391
114.416
114.397
111.175
111.185
111.17
111.171
111.153
111.144
111.126
111.101
111.088
111.045
111.036
110.98
110.962
110.91
110.865
110.832
110.754
110.724
110.656
110.574
110.542
110.451
110.349
110.312
110.232
110.096
110.017
109.963
109.833
109.698
109.633
109.518
109.357
109.287
109.129
109.014
108.878
108.743
108.604
108.462
108.318
108.172
108.023
107.873
107.721
107.568
107.415
107.261
107.107
106.954
106.801
106.65
106.5
106.352
106.207
106.066
105.927
105.793
105.662
105.537
105.417
105.302
105.194
105.091
104.996
104.907
104.826
104.753
104.688
104.631
104.582
104.542
104.511
104.488
104.475
104.47
104.475
104.488
104.511
104.542
104.582
104.631
104.688
104.753
104.826
104.907
104.996
105.091
105.194
105.302
105.417
105.537
105.662
105.793
105.927
106.066
106.207
106.352
106.5
106.65
106.801
106.954
107.107
107.261
107.415
107.568
107.721
107.873
108.023
108.172
108.318
108.462
108.604
108.743
108.878
109.014
109.129
109.287
109.357
109.518
109.633
109.698
109.833
109.963
110.017
110.096
110.232
110.312
110.349
110.451
110.542
110.574
110.656
110.724
110.754
110.832
110.865
110.91
110.962
110.98
111.036
111.045
111.088
111.101
111.126
111.144
111.153
111.171
111.17
111.185
111.175
107.988
107.977
107.982
107.962
107.964
107.934
107.934
107.894
107.889
107.842
107.825
107.783
107.741
107.713
107.644
107.618
107.55
107.485
107.45
107.354
107.286
107.247
107.138
107.03
106.983
106.904
106.764
106.658
106.596
106.477
106.324
106.235
106.129
105.955
105.867
105.708
105.578
105.434
105.289
105.141
104.99
104.836
104.68
104.522
104.363
104.202
104.041
103.879
103.718
103.556
103.396
103.236
103.079
102.924
102.771
102.621
102.476
102.334
102.197
102.064
101.937
101.817
101.702
101.594
101.493
101.4
101.314
101.237
101.168
101.108
101.056
101.014
100.981
100.957
100.943
100.938
100.943
100.957
100.981
101.014
101.056
101.108
101.168
101.237
101.314
101.4
101.493
101.594
101.702
101.817
101.937
102.064
102.197
102.334
102.476
102.621
102.771
102.924
103.079
103.236
103.396
103.556
103.718
103.879
104.041
104.202
104.363
104.522
104.68
104.836
104.99
105.141
105.289
105.434
105.578
105.708
105.867
105.955
106.129
106.235
106.324
106.477
106.596
106.658
106.764
106.904
106.983
107.03
107.138
107.247
107.286
107.354
107.45
107.485
107.55
107.618
107.644
107.713
107.741
107.783
107.825
107.842
107.889
107.894
107.934
107.934
107.964
107.962
107.982
107.977
107.988
104.761
104.741
104.754
104.728
104.734
104.702
104.698
104.665
104.646
104.616
104.576
104.555
104.494
104.471
104.409
104.356
104.318
104.23
104.184
104.128
104.016
103.952
103.907
103.794
103.67
103.603
103.531
103.396
103.262
103.181
103.075
102.912
102.795
102.693
102.512
102.404
102.244
102.101
101.948
101.794
101.636
101.475
101.313
101.148
100.981
100.814
100.645
100.476
100.307
100.138
99.9696
99.8029
99.6379
99.4753
99.3153
99.1586
99.0057
98.857
98.7131
98.5744
98.4413
98.3144
98.1942
98.0809
97.9751
97.8771
97.7873
97.706
97.6335
97.5701
97.5161
97.4716
97.4368
97.4118
97.3968
97.3918
97.3968
97.4118
97.4368
97.4716
97.5161
97.5701
97.6335
97.706
97.7873
97.8771
97.9751
98.0809
98.1942
98.3144
98.4413
98.5744
98.7131
98.857
99.0057
99.1586
99.3153
99.4753
99.6379
99.8029
99.9696
100.138
100.307
100.476
100.645
100.814
100.981
101.148
101.313
101.475
101.636
101.794
101.948
102.101
102.244
102.404
102.512
102.693
102.795
102.912
103.075
103.181
103.262
103.396
103.531
103.603
103.67
103.794
103.907
103.952
104.016
104.128
104.184
104.23
104.318
104.356
104.409
104.471
104.494
104.555
104.576
104.616
104.646
104.665
104.698
104.702
104.734
104.728
104.754
104.741
104.761
101.552
101.542
101.545
101.53
101.522
101.505
101.483
101.467
101.429
101.415
101.362
101.343
101.288
101.245
101.207
101.129
101.095
101.026
100.936
100.9
100.825
100.703
100.627
100.576
100.473
100.335
100.236
100.163
100.043
99.8882
99.7781
99.6789
99.5162
99.3701
99.2646
99.0801
98.9529
98.7881
98.6329
98.4704
98.3056
98.1378
97.9675
97.795
97.6206
97.4449
97.2681
97.0907
96.9131
96.7359
96.5595
96.3843
96.211
96.04
95.8718
95.707
95.5461
95.3895
95.238
95.0918
94.9517
94.8179
94.6911
94.5717
94.4601
94.3567
94.2619
94.1762
94.0997
94.0327
93.9757
93.9287
93.8919
93.8656
93.8498
93.8445
93.8498
93.8656
93.8919
93.9287
93.9757
94.0327
94.0997
94.1762
94.2619
94.3567
94.4601
94.5717
94.6911
94.8179
94.9517
95.0918
95.238
95.3895
95.5461
95.707
95.8718
96.04
96.211
96.3843
96.5595
96.7359
96.9131
97.0907
97.2681
97.4449
97.6206
97.795
97.9675
98.1378
98.3056
98.4704
98.6329
98.7881
98.9529
99.0801
99.2646
99.3701
99.5162
99.6789
99.7781
99.8882
100.043
100.163
100.236
100.335
100.473
100.576
100.627
100.703
100.825
100.9
100.936
101.026
101.095
101.129
101.207
101.245
101.288
101.343
101.362
101.415
101.429
101.467
101.483
101.505
101.522
101.53
101.545
101.542
101.552
98.3528
98.3592
98.345
98.3462
98.3217
98.3196
98.2836
98.2777
98.2326
98.2172
98.1715
98.1346
98.1002
98.0341
98.0058
97.9341
97.8694
97.8333
97.7361
97.6468
97.6077
97.5318
97.4047
97.3003
97.2358
97.1486
97.0104
96.8771
96.7856
96.6795
96.5208
96.3774
96.2717
96.1163
95.9445
95.8287
95.6419
95.4958
95.3244
95.1569
94.984
94.8084
94.63
94.4492
94.2664
94.082
93.8964
93.7102
93.5236
93.3373
93.1518
92.9675
92.7851
92.605
92.4279
92.2542
92.0845
91.9194
91.7595
91.6053
91.4573
91.3161
91.1821
91.0559
90.938
90.8287
90.7285
90.6378
90.5568
90.4861
90.4257
90.376
90.3371
90.3092
90.2924
90.2868
90.2924
90.3092
90.3371
90.376
90.4257
90.4861
90.5568
90.6378
90.7285
90.8287
90.938
91.0559
91.1821
91.3161
91.4573
91.6053
91.7595
91.9194
92.0845
92.2542
92.4279
92.605
92.7851
92.9675
93.1518
93.3373
93.5236
93.7102
93.8964
94.082
94.2664
94.4492
94.63
94.8084
94.984
95.1569
95.3244
95.4958
95.6419
95.8287
95.9445
96.1163
96.2717
96.3774
96.5208
96.6795
96.7856
96.8771
97.0104
97.1486
97.2358
97.3003
97.4047
97.5318
97.6077
97.6468
97.7361
97.8333
97.8694
97.9341
98.0058
98.0341
98.1002
98.1346
98.1715
98.2172
98.2326
98.2777
98.2836
98.3196
98.3217
98.3462
98.345
98.3592
98.3528
95.1204
95.1347
95.113
95.1201
95.091
95.09
95.0556
95.0424
95.008
94.9756
94.9479
94.8917
94.868
94.801
94.7542
94.7104
94.6183
94.57
94.5243
94.4147
94.3121
94.2567
94.1905
94.0723
93.941
93.8457
93.7644
93.6416
93.4879
93.3635
93.2596
93.1103
92.9407
92.8157
92.6688
92.4789
92.3476
92.1591
91.9965
91.8173
91.6385
91.4555
91.2697
91.0812
90.8906
90.6982
90.5045
90.31
90.1151
89.9204
89.7264
89.5336
89.3427
89.1542
88.9686
88.7866
88.6087
88.4357
88.2679
88.1061
87.9508
87.8025
87.6619
87.5293
87.4054
87.2906
87.1852
87.0898
87.0048
86.9303
86.8669
86.8146
86.7737
86.7443
86.7267
86.7208
86.7267
86.7443
86.7737
86.8146
86.8669
86.9303
87.0048
87.0898
87.1852
87.2906
87.4054
87.5293
87.6619
87.8025
87.9508
88.1061
88.2679
88.4357
88.6087
88.7866
88.9686
89.1542
89.3427
89.5336
89.7264
89.9204
90.1151
90.31
90.5045
90.6982
90.8906
91.0812
91.2697
91.4555
91.6385
91.8173
91.9965
92.1591
92.3476
92.4789
92.6688
92.8157
92.9407
93.1103
93.2596
93.3635
93.4879
93.6416
93.7644
93.8457
93.941
94.0723
94.1905
94.2567
94.3121
94.4147
94.5243
94.57
94.6183
94.7104
94.7542
94.801
94.868
94.8917
94.9479
94.9756
95.008
95.0424
95.0556
95.09
95.091
95.1201
95.113
95.1347
95.1204
91.9353
91.9437
91.9283
91.9276
91.9075
91.8945
91.8734
91.8439
91.8251
91.777
91.7585
91.6996
91.6646
91.618
91.5437
91.5127
91.4407
91.3393
91.2899
91.2424
91.1392
91.0175
90.9291
90.8616
90.7638
90.6255
90.4932
90.3936
90.2857
90.1326
89.9752
89.8536
89.7154
89.5326
89.3794
89.2352
89.0335
88.883
88.6903
88.5119
88.3227
88.1318
87.9374
87.7401
87.5404
87.3388
87.1356
86.9315
86.7268
86.5223
86.3183
86.1155
85.9146
85.716
85.5205
85.3287
85.1411
84.9585
84.7815
84.6106
84.4466
84.2899
84.1412
84.001
83.8699
83.7484
83.637
83.536
83.4459
83.3671
83.2999
83.2445
83.2012
83.1701
83.1514
83.1451
83.1514
83.1701
83.2012
83.2445
83.2999
83.3671
83.4459
83.536
83.637
83.7484
83.8699
84.001
84.1412
84.2899
84.4466
84.6106
84.7815
84.9585
85.1411
85.3287
85.5205
85.716
85.9146
86.1155
86.3183
86.5223
86.7268
86.9315
87.1356
87.3388
87.5404
87.7401
87.9374
88.1318
88.3227
88.5119
88.6903
88.883
89.0335
89.2352
89.3794
89.5326
89.7154
89.8536
89.9752
90.1326
90.2857
90.3936
90.4932
90.6255
90.7638
90.8616
90.9291
91.0175
91.1392
91.2424
91.2899
91.3393
91.4407
91.5127
91.5437
91.618
91.6646
91.6996
91.7585
91.777
91.8251
91.8439
91.8734
91.8945
91.9075
91.9276
91.9283
91.9437
91.9353
88.7682
88.7635
88.7612
88.7466
88.7402
88.7129
88.7042
88.6633
88.6507
88.601
88.5742
88.5301
88.4721
88.4435
88.3643
88.3018
88.2728
88.1889
88.0767
88.0023
87.9501
87.8677
87.7444
87.62
87.5256
87.4379
87.3145
87.1618
87.0267
86.9143
86.7741
86.5991
86.4464
86.3091
86.1254
85.9434
85.7932
85.5844
85.4136
85.2142
85.0208
84.8202
84.6168
84.4102
84.201
83.9895
83.7762
83.5618
83.3467
83.1316
82.9169
82.7034
82.4917
82.2824
82.0762
81.8737
81.6757
81.4827
81.2956
81.1149
80.9414
80.7756
80.6181
80.4697
80.3308
80.2021
80.0839
79.9769
79.8814
79.7977
79.7264
79.6676
79.6217
79.5887
79.5688
79.5622
79.5688
79.5887
79.6217
79.6676
79.7264
79.7977
79.8814
79.9769
80.0839
80.2021
80.3308
80.4697
80.6181
80.7756
80.9414
81.1149
81.2956
81.4827
81.6757
81.8737
82.0762
82.2824
82.4917
82.7034
82.9169
83.1316
83.3467
83.5618
83.7762
83.9895
84.201
84.4102
84.6168
84.8202
85.0208
85.2142
85.4136
85.5844
85.7932
85.9434
86.1254
86.3091
86.4464
86.5991
86.7741
86.9143
87.0267
87.1618
87.3145
87.4379
87.5256
87.62
87.7444
87.8677
87.9501
88.0023
88.0767
88.1889
88.2728
88.3018
88.3643
88.4435
88.4721
88.5301
88.5742
88.601
88.6507
88.6633
88.7042
88.7129
88.7402
88.7466
88.7612
88.7635
88.7682
85.5461
85.5314
85.5387
85.515
85.5159
85.4829
85.4762
85.4368
85.4164
85.3791
85.334
85.3076
85.2376
85.2021
85.1559
85.0566
84.9918
84.9578
84.8867
84.774
84.6649
84.5856
84.5135
84.4104
84.2744
84.1424
84.0359
83.9264
83.7795
83.6157
83.4767
83.3429
83.1691
82.9869
82.836
82.6572
82.4526
82.2895
82.0761
81.8869
81.6792
81.4726
81.2605
81.0455
80.8274
80.6069
80.3845
80.1606
79.936
79.7111
79.4866
79.2632
79.0415
78.8223
78.6061
78.3938
78.1861
77.9836
77.7872
77.5974
77.415
77.2408
77.0753
76.9191
76.773
76.6375
76.5132
76.4005
76.2999
76.2118
76.1367
76.0748
76.0263
75.9916
75.9707
75.9637
75.9707
75.9916
76.0263
76.0748
76.1367
76.2118
76.2999
76.4005
76.5132
76.6375
76.773
76.9191
77.0753
77.2408
77.415
77.5974
77.7872
77.9836
78.1861
78.3938
78.6061
78.8223
79.0415
79.2632
79.4866
79.7111
79.936
80.1606
80.3845
80.6069
80.8274
81.0455
81.2605
81.4726
81.6792
81.8869
82.0761
82.2895
82.4526
82.6572
82.836
82.9869
83.1691
83.3429
83.4767
83.6157
83.7795
83.9264
84.0359
84.1424
84.2744
84.4104
84.5135
84.5856
84.6649
84.774
84.8867
84.9578
84.9918
85.0566
85.1559
85.2021
85.2376
85.3076
85.334
85.3791
85.4164
85.4368
85.4762
85.4829
85.5159
85.515
85.5387
85.5314
85.5461
82.3648
82.3494
82.3566
82.3339
82.3315
82.3038
82.2879
82.2601
82.2242
82.2019
82.1434
82.119
82.061
81.9894
81.9667
81.9123
81.8079
81.7169
81.6597
81.6026
81.5111
81.3894
81.2712
81.1764
81.085
80.9641
80.8146
80.6721
80.5507
80.4167
80.2465
80.0747
79.9271
79.7606
79.5604
79.3839
79.2064
78.9859
78.8041
78.5845
78.3775
78.1586
77.938
77.713
77.4848
77.2539
77.0207
76.7859
76.5501
76.3139
76.0779
75.8429
75.6095
75.3786
75.1508
74.9269
74.7077
74.4939
74.2864
74.0858
73.893
73.7086
73.5334
73.3681
73.2134
73.0699
72.9381
72.8186
72.7119
72.6186
72.5389
72.4732
72.4218
72.3849
72.3627
72.3553
72.3627
72.3849
72.4218
72.4732
72.5389
72.6186
72.7119
72.8186
72.9381
73.0699
73.2134
73.3681
73.5334
73.7086
73.893
74.0858
74.2864
74.4939
74.7077
74.9269
75.1508
75.3786
75.6095
75.8429
76.0779
76.3139
76.5501
76.7859
77.0207
77.2539
77.4848
77.713
77.938
78.1586
78.3775
78.5845
78.8041
78.9859
79.2064
79.3839
79.5604
79.7606
79.9271
80.0747
80.2465
80.4167
80.5507
80.6721
80.8146
80.9641
81.085
81.1764
81.2712
81.3894
81.5111
81.6026
81.6597
81.7169
81.8079
81.9123
81.9667
81.9894
82.061
82.119
82.1434
82.2019
82.2242
82.2601
82.2879
82.3038
82.3315
82.3339
82.3566
82.3494
82.3648
79.2191
79.2115
79.2103
79.1967
79.1836
79.1675
79.1384
79.1232
79.0761
79.059
79.0046
78.9619
78.9366
78.8508
78.7727
78.7393
78.6954
78.6089
78.4992
78.4013
78.3259
78.2505
78.1466
78.0144
77.8823
77.7694
77.6582
77.518
77.3532
77.199
77.0596
76.8971
76.7055
76.5288
76.3608
76.1547
75.9496
75.7646
75.5329
75.3299
75.101
74.8765
74.6439
74.4083
74.1687
73.9261
73.6809
73.4338
73.1853
72.9363
72.6873
72.4391
72.1925
71.9483
71.7072
71.4702
71.2379
71.0113
70.7911
70.5782
70.3735
70.1776
69.9914
69.8157
69.6511
69.4983
69.358
69.2308
69.1172
69.0177
68.9328
68.8628
68.808
68.7687
68.7451
68.7372
68.7451
68.7687
68.808
68.8628
68.9328
69.0177
69.1172
69.2308
69.358
69.4983
69.6511
69.8157
69.9914
70.1776
70.3735
70.5782
70.7911
71.0113
71.2379
71.4702
71.7072
71.9483
72.1925
72.4391
72.6873
72.9363
73.1853
73.4338
73.6809
73.9261
74.1687
74.4083
74.6439
74.8765
75.101
75.3299
75.5329
75.7646
75.9496
76.1547
76.3608
76.5288
76.7055
76.8971
77.0596
77.199
77.3532
77.518
77.6582
77.7694
77.8823
78.0144
78.1466
78.2505
78.3259
78.4013
78.4992
78.6089
78.6954
78.7393
78.7727
78.8508
78.9366
78.9619
79.0046
79.059
79.0761
79.1232
79.1384
79.1675
79.1836
79.1967
79.2103
79.2115
79.2191
76.0085
76.0115
75.9995
75.9966
75.9726
75.9662
75.9285
75.9176
75.871
75.8431
75.8076
75.7345
75.7104
75.683
75.5993
75.5028
75.4321
75.3811
75.3192
75.2255
75.1086
74.9949
74.8987
74.8055
74.689
74.5446
74.3974
74.2665
74.1346
73.9733
73.7931
73.6274
73.4661
73.2727
73.0681
72.8848
72.6791
72.4508
72.2515
72.0118
71.7889
71.5493
71.3091
71.063
70.8132
70.5599
70.3037
70.0452
69.7852
69.5243
69.2633
69.003
68.7442
68.4876
68.2343
67.9849
67.7405
67.5019
67.2699
67.0455
66.8296
66.623
66.4265
66.2409
66.067
65.9056
65.7574
65.6229
65.5028
65.3975
65.3077
65.2336
65.1757
65.1341
65.1091
65.1007
65.1091
65.1341
65.1757
65.2336
65.3077
65.3975
65.5028
65.6229
65.7574
65.9056
66.067
66.2409
66.4265
66.623
66.8296
67.0455
67.2699
67.5019
67.7405
67.9849
68.2343
68.4876
68.7442
69.003
69.2633
69.5243
69.7852
70.0452
70.3037
70.5599
70.8132
71.063
71.3091
71.5493
71.7889
72.0118
72.2515
72.4508
72.6791
72.8848
73.0681
73.2727
73.4661
73.6274
73.7931
73.9733
74.1346
74.2665
74.3974
74.5446
74.689
74.8055
74.8987
74.9949
75.1086
75.2255
75.3192
75.3811
75.4321
75.5028
75.5993
75.683
75.7104
75.7345
75.8076
75.8431
75.871
75.9176
75.9285
75.9662
75.9726
75.9966
75.9995
76.0115
76.0085
72.789
72.7992
72.7803
72.7835
72.7549
72.7509
72.7147
72.6974
72.6647
72.6178
72.607
72.5428
72.458
72.4172
72.3897
72.3342
72.2449
72.1434
72.0541
71.9808
71.905
71.8051
71.6797
71.5492
71.4317
71.3195
71.1875
71.0285
70.8655
70.7166
70.5618
70.3771
70.1825
70.0039
69.8131
69.5919
69.3836
69.1748
68.9303
68.7118
68.4632
68.2218
67.9693
67.7138
67.4533
67.189
66.9215
66.6514
66.3794
66.1063
65.8329
65.56
65.2884
65.0191
64.7529
64.4908
64.2336
63.9824
63.7382
63.5017
63.2741
63.0562
62.8488
62.6529
62.4693
62.2988
62.1421
62
61.873
61.7618
61.6667
61.5884
61.5271
61.4831
61.4566
61.4477
61.4566
61.4831
61.5271
61.5884
61.6667
61.7618
61.873
62
62.1421
62.2988
62.4693
62.6529
62.8488
63.0562
63.2741
63.5017
63.7382
63.9824
64.2336
64.4908
64.7529
65.0191
65.2884
65.56
65.8329
66.1063
66.3794
66.6514
66.9215
67.189
67.4533
67.7138
67.9693
68.2218
68.4632
68.7118
68.9303
69.1748
69.3836
69.5919
69.8131
70.0039
70.1825
70.3771
70.5618
70.7166
70.8655
71.0285
71.1875
71.3195
71.4317
71.5492
71.6797
71.8051
71.905
71.9808
72.0541
72.1434
72.2449
72.3342
72.3897
72.4172
72.458
72.5428
72.607
72.6178
72.6647
72.6974
72.7147
72.7509
72.7549
72.7835
72.7803
72.7992
72.789
69.663
69.6736
69.6548
69.6563
69.6308
69.6197
69.5932
69.5601
69.5433
69.4767
69.4463
69.44
69.3847
69.2972
69.217
69.1585
69.1094
69.0465
68.9564
68.8465
68.7368
68.6394
68.5459
68.4356
68.2994
68.1519
68.0129
67.8795
67.7279
67.5504
67.3703
67.2016
67.0194
66.8092
66.6015
66.4022
66.1735
65.9375
65.7165
65.4584
65.2174
64.9559
64.6949
64.4259
64.1527
63.875
63.5935
63.3091
63.0224
62.7343
62.4455
62.157
61.8697
61.5844
61.3023
61.0243
60.7514
60.4847
60.2251
59.9736
59.7314
59.4994
59.2785
59.0698
58.874
58.6922
58.525
58.3733
58.2377
58.1189
58.0174
57.9337
57.8682
57.8211
57.7928
57.7834
57.7928
57.8211
57.8682
57.9337
58.0174
58.1189
58.2377
58.3733
58.525
58.6922
58.874
59.0698
59.2785
59.4994
59.7314
59.9736
60.2251
60.4847
60.7514
61.0243
61.3023
61.5844
61.8697
62.157
62.4455
62.7343
63.0224
63.3091
63.5935
63.875
64.1527
64.4259
64.6949
64.9559
65.2174
65.4584
65.7165
65.9375
66.1735
66.4022
66.6015
66.8092
67.0194
67.2016
67.3703
67.5504
67.7279
67.8795
68.0129
68.1519
68.2994
68.4356
68.5459
68.6394
68.7368
68.8465
68.9564
69.0465
69.1094
69.1585
69.217
69.2972
69.3847
69.44
69.4463
69.4767
69.5433
69.5601
69.5932
69.6197
69.6308
69.6563
69.6548
69.6736
69.663
66.5573
66.5619
66.5498
66.5438
66.5283
66.5062
66.4945
66.4495
66.4464
66.4083
66.3245
66.2726
66.2486
66.217
66.1575
66.0724
65.9794
65.8955
65.823
65.7483
65.6544
65.5372
65.4098
65.2883
65.1733
65.0475
64.8973
64.7318
64.5714
64.415
64.2399
64.041
63.843
63.6513
63.437
63.2039
62.9829
62.748
62.4888
62.2481
61.9767
61.7129
61.4353
61.1543
60.8669
60.5749
60.2785
59.9787
59.6762
59.3718
59.0665
58.7612
58.4568
58.1545
57.8551
57.5599
57.2699
56.9863
56.71
56.4423
56.1843
55.9369
55.7013
55.4786
55.2696
55.0754
54.8968
54.7347
54.5897
54.4627
54.3541
54.2646
54.1945
54.1441
54.1138
54.1037
54.1138
54.1441
54.1945
54.2646
54.3541
54.4627
54.5897
54.7347
54.8968
55.0754
55.2696
55.4786
55.7013
55.9369
56.1843
56.4423
56.71
56.9863
57.2699
57.5599
57.8551
58.1545
58.4568
58.7612
59.0665
59.3718
59.6762
59.9787
60.2785
60.5749
60.8669
61.1543
61.4353
61.7129
61.9767
62.2481
62.4888
62.748
62.9829
63.2039
63.437
63.6513
63.843
64.041
64.2399
64.415
64.5714
64.7318
64.8973
65.0475
65.1733
65.2883
65.4098
65.5372
65.6544
65.7483
65.823
65.8955
65.9794
66.0724
66.1575
66.217
66.2486
66.2726
66.3245
66.4083
66.4464
66.4495
66.4945
66.5062
66.5283
66.5438
66.5498
66.5619
66.5573
63.3689
63.3643
63.3614
63.3445
63.3388
63.3042
63.299
63.2453
63.2054
63.2121
63.187
63.1212
63.0436
62.9761
62.924
62.8763
62.816
62.7333
62.6325
62.5275
62.4297
62.3361
62.2324
62.107
61.9645
61.8208
61.683
61.5381
61.3704
61.1861
61.0048
60.8246
60.6233
60.4026
60.1872
59.9676
59.7206
59.4732
59.2282
58.9522
58.6897
58.405
58.1206
57.8263
57.527
57.2218
56.9121
56.5983
56.2814
55.9622
55.6418
55.321
55.001
54.6829
54.3677
54.0565
53.7507
53.4513
53.1596
52.8767
52.6039
52.3422
52.0929
51.857
51.6356
51.4298
51.2405
51.0685
50.9148
50.78
50.6647
50.5697
50.4953
50.4419
50.4097
50.399
50.4097
50.4419
50.4953
50.5697
50.6647
50.78
50.9148
51.0685
51.2405
51.4298
51.6356
51.857
52.0929
52.3422
52.6039
52.8767
53.1596
53.4513
53.7507
54.0565
54.3677
54.6829
55.001
55.321
55.6418
55.9622
56.2814
56.5983
56.9121
57.2218
57.527
57.8263
58.1206
58.405
58.6897
58.9522
59.2282
59.4732
59.7206
59.9676
60.1872
60.4026
60.6233
60.8246
61.0048
61.1861
61.3704
61.5381
61.683
61.8208
61.9645
62.107
62.2324
62.3361
62.4297
62.5275
62.6325
62.7333
62.816
62.8763
62.924
62.9761
63.0436
63.1212
63.187
63.2121
63.2054
63.2453
63.299
63.3042
63.3388
63.3445
63.3614
63.3643
63.3689
60.1137
60.1011
60.1071
60.0838
60.0872
60.0524
60.0519
60.0426
59.97
59.9089
59.8789
59.8584
59.8258
59.77
59.6941
59.6107
59.5321
59.4611
59.3896
59.3046
59.1995
59.0803
58.9595
58.8432
58.7232
58.5856
58.4281
58.2638
58.103
57.9361
57.7474
57.5429
57.3408
57.1347
56.9048
56.6639
56.4286
56.1738
55.9029
55.6414
55.3518
55.0676
54.768
54.4644
54.1529
53.8357
53.5131
53.186
52.8554
52.522
52.187
51.8514
51.5162
51.1827
50.8521
50.5254
50.2041
49.8894
49.5825
49.2847
48.9973
48.7215
48.4587
48.2099
47.9763
47.759
47.559
47.3773
47.2149
47.0724
46.9506
46.8501
46.7714
46.7149
46.6808
46.6695
46.6808
46.7149
46.7714
46.8501
46.9506
47.0724
47.2149
47.3773
47.559
47.759
47.9763
48.2099
48.4587
48.7215
48.9973
49.2847
49.5825
49.8894
50.2041
50.5254
50.8521
51.1827
51.5162
51.8514
52.187
52.522
52.8554
53.186
53.5131
53.8357
54.1529
54.4644
54.768
55.0676
55.3518
55.6414
55.9029
56.1738
56.4286
56.6639
56.9048
57.1347
57.3408
57.5429
57.7474
57.9361
58.103
58.2638
58.4281
58.5856
58.7232
58.8432
58.9595
59.0803
59.1995
59.3046
59.3896
59.4611
59.5321
59.6107
59.6941
59.77
59.8258
59.8584
59.8789
59.9089
59.97
60.0426
60.0519
60.0524
60.0872
60.0838
60.1071
60.1011
60.1137
56.9379
56.921
56.9287
56.9006
56.8982
56.8616
56.8108
56.8201
56.8209
56.7846
56.7248
56.659
56.6006
56.5524
56.5068
56.4521
56.38
56.2913
56.1944
56.0987
56.0063
55.9092
55.7966
55.6657
55.525
55.3847
55.2432
55.0879
54.9122
54.7262
54.5411
54.3487
54.1346
53.9073
53.6818
53.4444
53.1844
52.9242
52.6576
52.3662
52.0823
51.7767
51.4696
51.1512
50.8265
50.4948
50.1571
49.8144
49.4675
49.1174
48.7651
48.4119
48.0588
47.7072
47.3582
47.0132
46.6735
46.3405
46.0156
45.7001
45.3954
45.1029
44.8239
44.5597
44.3115
44.0805
43.8679
43.6747
43.5018
43.3502
43.2205
43.1135
43.0297
42.9695
42.9332
42.9211
42.9332
42.9695
43.0297
43.1135
43.2205
43.3502
43.5018
43.6747
43.8679
44.0805
44.3115
44.5597
44.8239
45.1029
45.3954
45.7001
46.0156
46.3405
46.6735
47.0132
47.3582
47.7072
48.0588
48.4119
48.7651
49.1174
49.4675
49.8144
50.1571
50.4948
50.8265
51.1512
51.4696
51.7767
52.0823
52.3662
52.6576
52.9242
53.1844
53.4444
53.6818
53.9073
54.1346
54.3487
54.5411
54.7262
54.9122
55.0879
55.2432
55.3847
55.525
55.6657
55.7966
55.9092
56.0063
56.0987
56.1944
56.2913
56.38
56.4521
56.5068
56.5524
56.6006
56.659
56.7248
56.7846
56.8209
56.8201
56.8108
56.8616
56.8982
56.9006
56.9287
56.921
56.9379
53.8815
53.8674
53.8753
53.8587
53.8571
53.8769
53.8259
53.7628
53.7229
53.6992
53.6789
53.6483
53.6002
53.5359
53.4628
53.3895
53.3201
53.2511
53.174
53.0817
52.9739
52.858
52.7412
52.6233
52.4955
52.3499
52.1894
52.0241
51.8569
51.6776
51.4782
51.2672
51.0547
50.8313
50.5865
50.3331
50.0776
49.8017
49.5133
49.2256
48.9133
48.602
48.2747
47.9414
47.5987
47.2487
46.8919
46.5292
46.1616
45.7902
45.4161
45.0405
44.6647
44.2899
43.9177
43.5494
43.1865
42.8304
42.4826
42.1447
41.8182
41.5045
41.2051
40.9214
40.6548
40.4065
40.1779
39.9701
39.7841
39.6208
39.4812
39.366
39.2757
39.2109
39.1718
39.1588
39.1718
39.2109
39.2757
39.366
39.4812
39.6208
39.7841
39.9701
40.1779
40.4065
40.6548
40.9214
41.2051
41.5045
41.8182
42.1447
42.4826
42.8304
43.1865
43.5494
43.9177
44.2899
44.6647
45.0405
45.4161
45.7902
46.1616
46.5292
46.8919
47.2487
47.5987
47.9414
48.2747
48.602
48.9133
49.2256
49.5133
49.8017
50.0776
50.3331
50.5865
50.8313
51.0547
51.2672
51.4782
51.6776
51.8569
52.0241
52.1894
52.3499
52.4955
52.6233
52.7412
52.858
52.9739
53.0817
53.174
53.2511
53.3201
53.3895
53.4628
53.5359
53.6002
53.6483
53.6789
53.6992
53.7229
53.7628
53.8259
53.8769
53.8571
53.8587
53.8753
53.8674
53.8815
51.0026
50.9934
50.9854
50.9667
50.9031
50.9015
50.9157
50.9059
50.873
50.8238
50.7691
50.7172
50.6705
50.6257
50.5756
50.5135
50.4374
50.3504
50.259
50.1671
50.0727
49.9689
49.85
49.7169
49.5762
49.4325
49.2817
49.1153
48.9317
48.7391
48.5421
48.3327
48.1036
47.8629
47.6178
47.3572
47.0773
46.7932
46.4971
46.1805
45.8637
45.5265
45.1842
44.8292
44.4658
44.0935
43.7135
43.3267
42.9341
42.537
42.1365
41.7339
41.3306
40.9281
40.5278
40.1313
39.7403
39.3563
38.981
38.6161
38.2631
37.9238
37.5998
37.2926
37.0037
36.7346
36.4867
36.2612
36.0593
35.882
35.7304
35.6053
35.5072
35.4367
35.3943
35.3802
35.3943
35.4367
35.5072
35.6053
35.7304
35.882
36.0593
36.2612
36.4867
36.7346
37.0037
37.2926
37.5998
37.9238
38.2631
38.6161
38.981
39.3563
39.7403
40.1313
40.5278
40.9281
41.3306
41.7339
42.1365
42.537
42.9341
43.3267
43.7135
44.0935
44.4658
44.8292
45.1842
45.5265
45.8637
46.1805
46.4971
46.7932
47.0773
47.3572
47.6178
47.8629
48.1036
48.3327
48.5421
48.7391
48.9317
49.1153
49.2817
49.4325
49.5762
49.7169
49.85
49.9689
50.0727
50.1671
50.259
50.3504
50.4374
50.5135
50.5756
50.6257
50.6705
50.7172
50.7691
50.8238
50.873
50.9059
50.9157
50.9015
50.9031
50.9667
50.9854
50.9934
51.0026
48.1443
48.1504
48.1449
48.1921
48.1744
48.1229
48.0794
48.0467
48.023
48.0007
47.9723
47.9324
47.8803
47.8187
47.7526
47.6856
47.6178
47.5453
47.4629
47.3674
47.2604
47.1463
47.0281
46.9038
46.7672
46.615
46.4501
46.278
46.0984
45.9042
45.6923
45.4687
45.2375
44.992
44.7273
44.4519
44.1677
43.8637
43.5468
43.2228
42.8775
42.5268
42.1598
41.7837
41.396
40.9988
40.5927
40.1788
39.7581
39.332
38.9017
38.4686
38.0343
37.6004
37.1684
36.7402
36.3174
35.9018
35.4954
35.0998
34.7169
34.3486
33.9967
33.6628
33.3487
33.0559
32.7861
32.5405
32.3206
32.1275
31.9623
31.8258
31.7189
31.6421
31.5958
31.5804
31.5958
31.6421
31.7189
31.8258
31.9623
32.1275
32.3206
32.5405
32.7861
33.0559
33.3487
33.6628
33.9967
34.3486
34.7169
35.0998
35.4954
35.9018
36.3174
36.7402
37.1684
37.6004
38.0343
38.4686
38.9017
39.332
39.7581
40.1788
40.5927
40.9988
41.396
41.7837
42.1598
42.5268
42.8775
43.2228
43.5468
43.8637
44.1677
44.4519
44.7273
44.992
45.2375
45.4687
45.6923
45.9042
46.0984
46.278
46.4501
46.615
46.7672
46.9038
47.0281
47.1463
47.2604
47.3674
47.4629
47.5453
47.6178
47.6856
47.7526
47.8187
47.8803
47.9324
47.9723
48.0007
48.023
48.0467
48.0794
48.1229
48.1744
48.1921
48.1449
48.1504
48.1443
45.4362
45.4431
45.3691
45.3423
45.3495
45.3495
45.3381
45.3126
45.2765
45.2341
45.1897
45.1455
45.101
45.0534
44.9988
44.9344
44.86
44.7775
44.6897
44.5974
44.4985
44.3893
44.2671
44.1328
43.9897
43.8388
43.6771
43.5003
43.3083
43.1051
42.8917
42.6635
42.4174
42.1579
41.8875
41.6
41.2948
40.979
40.6478
40.2982
39.94
39.5632
39.176
38.7747
38.362
37.9379
37.5038
37.0607
36.6098
36.1523
35.6899
35.2239
34.7561
34.2881
33.8218
33.359
32.9017
32.4518
32.0114
31.5825
31.1671
30.7671
30.3847
30.0217
29.6801
29.3614
29.0676
28.8002
28.5605
28.3501
28.1699
28.0211
27.9045
27.8207
27.7703
27.7534
27.7703
27.8207
27.9045
28.0211
28.1699
28.3501
28.5605
28.8002
29.0676
29.3614
29.6801
30.0217
30.3847
30.7671
31.1671
31.5825
32.0114
32.4518
32.9017
33.359
33.8218
34.2881
34.7561
35.2239
35.6899
36.1523
36.6098
37.0607
37.5038
37.9379
38.362
38.7747
39.176
39.5632
39.94
40.2982
40.6478
40.979
41.2948
41.6
41.8875
42.1579
42.4174
42.6635
42.8917
43.1051
43.3083
43.5003
43.6771
43.8388
43.9897
44.1328
44.2671
44.3893
44.4985
44.5974
44.6897
44.7775
44.86
44.9344
44.9988
45.0534
45.101
45.1455
45.1897
45.2341
45.2765
45.3126
45.3381
45.3495
45.3495
45.3423
45.3691
45.4431
45.4362
42.5938
42.6523
42.6712
42.6487
42.6213
42.5923
42.5655
42.5402
42.5144
42.4856
42.4512
42.4099
42.3614
42.3069
42.2474
42.1836
42.1148
42.0391
41.9546
41.8601
41.7558
41.6429
41.5217
41.3908
41.2478
41.0912
40.9219
40.7412
40.5483
40.3403
40.1162
39.8777
39.6256
39.3573
39.0712
38.7702
38.4542
38.1198
37.7695
37.4051
37.022
36.626
36.2136
35.7878
35.3482
34.8962
34.4327
33.9589
33.476
32.9856
32.4891
31.9882
31.4848
30.9806
30.4777
29.9782
29.484
28.9975
28.5209
28.0563
27.606
27.1722
26.7571
26.3629
25.9916
25.6453
25.3257
25.0347
24.7739
24.5447
24.3485
24.1864
24.0594
23.9681
23.9131
23.8947
23.9131
23.9681
24.0594
24.1864
24.3485
24.5447
24.7739
25.0347
25.3257
25.6453
25.9916
26.3629
26.7571
27.1722
27.606
28.0563
28.5209
28.9975
29.484
29.9782
30.4777
30.9806
31.4848
31.9882
32.4891
32.9856
33.476
33.9589
34.4327
34.8962
35.3482
35.7878
36.2136
36.626
37.022
37.4051
37.7695
38.1198
38.4542
38.7702
39.0712
39.3573
39.6256
39.8777
40.1162
40.3403
40.5483
40.7412
40.9219
41.0912
41.2478
41.3908
41.5217
41.6429
41.7558
41.8601
41.9546
42.0391
42.1148
42.1836
42.2474
42.3069
42.3614
42.4099
42.4512
42.4856
42.5144
42.5402
42.5655
42.5923
42.6213
42.6487
42.6712
42.6523
42.5938
39.9279
39.9163
39.903
39.8879
39.8707
39.8511
39.8289
39.8037
39.7754
39.7434
39.7075
39.6672
39.6222
39.5718
39.5158
39.4535
39.3845
39.3081
39.2237
39.1309
39.0288
38.917
38.7947
38.6613
38.516
38.3583
38.1875
38.0028
37.8038
37.5897
37.3601
37.1144
36.8521
36.5728
36.2762
35.9621
35.6301
35.2804
34.9128
34.5275
34.1248
33.7051
33.2689
32.8169
32.3498
31.8686
31.3744
30.8685
30.3522
29.827
29.2948
28.7572
28.2161
27.6737
27.1321
26.5936
26.0604
25.535
25.0198
24.5172
24.0297
23.5598
23.1098
22.6822
22.2793
21.9033
21.5561
21.2399
20.9564
20.7072
20.4938
20.3175
20.1792
20.0798
20.02
20
20.02
20.0798
20.1792
20.3175
20.4938
20.7072
20.9564
21.2399
21.5561
21.9033
22.2793
22.6822
23.1098
23.5598
24.0297
24.5172
25.0198
25.535
26.0604
26.5936
27.1321
27.6737
28.2161
28.7572
29.2948
29.827
30.3522
30.8685
31.3744
31.8686
32.3498
32.8169
33.2689
33.7051
34.1248
34.5275
34.9128
35.2804
35.6301
35.9621
36.2762
36.5728
36.8521
37.1144
37.3601
37.5897
37.8038
38.0028
38.1875
38.3583
38.516
38.6613
38.7947
38.917
39.0288
39.1309
39.2237
39.3081
39.3845
39.4535
39.5158
39.5718
39.6222
39.6672
39.7075
39.7434
39.7754
39.8037
39.8289
39.8511
39.8707
39.8879
39.903
39.9163
39.9279
