200
200
200
200
200
200
200
200
200
200
200
200
200
200
200
200
200
200
200
200
200
200
200
200
200
200
200
200
200
200
200
200
200
200
200
200
200
200
200
200
200
200
200
200
200
200
200
200
200
200
200
200
200
200
200
200
200
200
200
200
200
200
200
200
200
200
200
200
200
200
200
200
200
200
200
200
200
200
200
200
200
200
200
200
200
200
200
200
200
200
200
200
200
200
200
200
200
200
200
200
200
200
200
200
200
200
200
200
200
200
200
200
200
200
200
200
200
200
200
200
200
200
200
200
200
200
200
200
200
200
200
200
200
200
200
200
200
200
200
200
200
200
200
200
200
200
200
200
200
200
200
196.745
196.745
196.744
196.744
196.744
196.743
196.742
196.742
196.74
196.739
196.738
196.736
196.735
196.733
196.732
196.729
196.728
196.725
196.723
196.72
196.718
196.715
196.712
196.71
196.706
196.703
196.7
196.696
196.693
196.689
196.686
196.682
196.678
196.674
196.67
196.667
196.662
196.658
196.654
196.649
196.645
196.641
196.636
196.632
196.628
196.623
196.619
196.615
196.61
196.606
196.603
196.598
196.593
196.591
196.586
196.581
196.579
196.575
196.571
196.569
196.565
196.562
196.56
196.557
196.554
196.552
196.55
196.548
196.546
196.545
196.544
196.543
196.542
196.541
196.541
196.541
196.541
196.541
196.542
196.543
196.544
196.545
196.546
196.548
196.55
196.552
196.554
196.557
196.56
196.562
196.565
196.569
196.571
196.575
196.579
196.581
196.586
196.591
196.593
196.598
196.603
196.606
196.61
196.615
196.619
196.623
196.628
196.632
196.636
196.641
196.645
196.649
196.654
196.658
196.662
196.667
196.67
196.674
196.678
196.682
196.686
196.689
196.693
196.696
196.7
196.703
196.706
196.71
196.712
196.715
196.718
196.72
196.723
196.725
196.728
196.729
196.732
196.733
196.735
196.736
196.738
196.739
196.74
196.742
196.742
196.743
196.744
196.744
196.744
196.745
196.745
193.489
193.489
193.489
193.488
193.487
193.486
193.484
193.483
193.48
193.478
193.475
193.473
193.47
193.466
193.462
193.458
193.454
193.449
193.445
193.44
193.435
193.429
193.423
193.418
193.411
193.405
193.398
193.392
193.385
193.377
193.37
193.363
193.355
193.347
193.339
193.331
193.323
193.314
193.306
193.297
193.289
193.281
193.272
193.263
193.255
193.246
193.237
193.229
193.221
193.212
193.203
193.196
193.188
193.179
193.172
193.166
193.157
193.151
193.145
193.137
193.132
193.126
193.121
193.115
193.111
193.106
193.102
193.099
193.095
193.093
193.09
193.088
193.087
193.086
193.085
193.085
193.085
193.086
193.087
193.088
193.09
193.093
193.095
193.099
193.102
193.106
193.111
193.115
193.121
193.126
193.132
193.137
193.145
193.151
193.157
193.166
193.172
193.179
193.188
193.196
193.203
193.212
193.221
193.229
193.237
193.246
193.255
193.263
193.272
193.281
193.289
193.297
193.306
193.314
193.323
193.331
193.339
193.347
193.355
193.363
193.37
193.377
193.385
193.392
193.398
193.405
193.411
193.418
193.423
193.429
193.435
193.44
193.445
193.449
193.454
193.458
193.462
193.466
193.47
193.473
193.475
193.478
193.48
193.483
193.484
193.486
193.487
193.488
193.489
193.489
193.489
190.235
190.235
190.234
190.233
190.232
190.23
190.227
190.225
190.222
190.218
190.214
190.21
190.205
190.2
190.194
190.189
190.182
190.176
190.168
190.161
190.153
190.145
190.136
190.127
190.118
190.108
190.099
190.089
190.078
190.068
190.056
190.045
190.033
190.021
190.01
189.997
189.985
189.973
189.96
189.948
189.934
189.921
189.909
189.895
189.882
189.87
189.856
189.843
189.832
189.818
189.805
189.794
189.782
189.77
189.759
189.747
189.737
189.726
189.715
189.707
189.697
189.688
189.68
189.672
189.665
189.658
189.652
189.647
189.642
189.638
189.634
189.631
189.629
189.627
189.626
189.626
189.626
189.627
189.629
189.631
189.634
189.638
189.642
189.647
189.652
189.658
189.665
189.672
189.68
189.688
189.697
189.707
189.715
189.726
189.737
189.747
189.759
189.77
189.782
189.794
189.805
189.818
189.832
189.843
189.856
189.87
189.882
189.895
189.909
189.921
189.934
189.948
189.96
189.973
189.985
189.997
190.01
190.021
190.033
190.045
190.056
190.068
190.078
190.089
190.099
190.108
190.118
190.127
190.136
190.145
190.153
190.161
190.168
190.176
190.182
190.189
190.194
190.2
190.205
190.21
190.214
190.218
190.222
190.225
190.227
190.23
190.232
190.233
190.234
190.235
190.235
186.981
186.98
186.979
186.978
186.976
186.973
186.971
186.967
186.963
186.958
186.953
186.947
186.94
186.934
186.926
186.919
186.91
186.901
186.891
186.882
186.871
186.86
186.849
186.837
186.825
186.812
186.799
186.785
186.771
186.757
186.742
186.728
186.712
186.696
186.681
186.664
186.648
186.631
186.614
186.597
186.58
186.562
186.545
186.527
186.51
186.493
186.475
186.459
186.441
186.424
186.409
186.391
186.374
186.36
186.344
186.329
186.314
186.3
186.287
186.273
186.262
186.249
186.238
186.228
186.218
186.209
186.201
186.193
186.187
186.181
186.176
186.172
186.169
186.167
186.165
186.165
186.165
186.167
186.169
186.172
186.176
186.181
186.187
186.193
186.201
186.209
186.218
186.228
186.238
186.249
186.262
186.273
186.287
186.3
186.314
186.329
186.344
186.36
186.374
186.391
186.409
186.424
186.441
186.459
186.475
186.493
186.51
186.527
186.545
186.562
186.58
186.597
186.614
186.631
186.648
186.664
186.681
186.696
186.712
186.728
186.742
186.757
186.771
186.785
186.799
186.812
186.825
186.837
186.849
186.86
186.871
186.882
186.891
186.901
186.91
186.919
186.926
186.934
186.94
186.947
186.953
186.958
186.963
186.967
186.971
186.973
186.976
186.978
186.979
186.98
186.981
183.727
183.726
183.725
183.723
183.721
183.718
183.714
183.71
183.705
183.699
183.692
183.685
183.677
183.668
183.659
183.649
183.639
183.627
183.616
183.603
183.59
183.576
183.562
183.547
183.532
183.516
183.499
183.482
183.465
183.447
183.428
183.409
183.39
183.371
183.35
183.33
183.309
183.288
183.267
183.245
183.224
183.203
183.18
183.159
183.138
183.115
183.094
183.073
183.051
183.03
183.009
182.988
182.969
182.948
182.929
182.911
182.892
182.874
182.858
182.842
182.826
182.812
182.797
182.785
182.772
182.761
182.751
182.742
182.734
182.726
182.72
182.715
182.711
182.708
182.707
182.706
182.707
182.708
182.711
182.715
182.72
182.726
182.734
182.742
182.751
182.761
182.772
182.785
182.797
182.812
182.826
182.842
182.858
182.874
182.892
182.911
182.929
182.948
182.969
182.988
183.009
183.03
183.051
183.073
183.094
183.115
183.138
183.159
183.18
183.203
183.224
183.245
183.267
183.288
183.309
183.33
183.35
183.371
183.39
183.409
183.428
183.447
183.465
183.482
183.499
183.516
183.532
183.547
183.562
183.576
183.59
183.603
183.616
183.627
183.639
183.649
183.659
183.668
183.677
183.685
183.692
183.699
183.705
183.71
183.714
183.718
183.721
183.723
183.725
183.726
183.727
180.474
180.474
180.472
180.471
180.467
180.464
180.459
180.454
180.447
180.44
180.432
180.424
180.414
180.404
180.393
180.381
180.368
180.355
180.341
180.325
180.31
180.293
180.276
180.258
180.239
180.221
180.2
180.18
180.159
180.137
180.115
180.092
180.069
180.045
180.021
179.997
179.971
179.947
179.921
179.895
179.87
179.843
179.817
179.791
179.764
179.739
179.712
179.686
179.661
179.636
179.609
179.586
179.561
179.538
179.514
179.491
179.47
179.449
179.428
179.409
179.39
179.372
179.356
179.34
179.326
179.312
179.3
179.289
179.279
179.27
179.263
179.257
179.252
179.249
179.247
179.246
179.247
179.249
179.252
179.257
179.263
179.27
179.279
179.289
179.3
179.312
179.326
179.34
179.356
179.372
179.39
179.409
179.428
179.449
179.47
179.491
179.514
179.538
179.561
179.586
179.609
179.636
179.661
179.686
179.712
179.739
179.764
179.791
179.817
179.843
179.87
179.895
179.921
179.947
179.971
179.997
180.021
180.045
180.069
180.092
180.115
180.137
180.159
180.18
180.2
180.221
180.239
180.258
180.276
180.293
180.31
180.325
180.341
180.355
180.368
180.381
180.393
180.404
180.414
180.424
180.432
180.44
180.447
180.454
180.459
180.464
180.467
180.471
180.472
180.474
180.474
177.222
177.222
177.22
177.218
177.214
177.21
177.204
177.198
177.191
177.183
177.173
177.163
177.152
177.14
177.127
177.113
177.098
177.082
177.066
177.048
177.03
177.011
176.991
176.97
176.948
176.926
176.903
176.879
176.854
176.829
176.803
176.776
176.749
176.721
176.693
176.664
176.635
176.606
176.576
176.546
176.515
176.485
176.455
176.423
176.392
176.362
176.331
176.301
176.27
176.24
176.212
176.181
176.153
176.126
176.099
176.072
176.045
176.021
175.997
175.973
175.952
175.931
175.911
175.893
175.875
175.86
175.845
175.832
175.82
175.81
175.801
175.794
175.788
175.785
175.782
175.781
175.782
175.785
175.788
175.794
175.801
175.81
175.82
175.832
175.845
175.86
175.875
175.893
175.911
175.931
175.952
175.973
175.997
176.021
176.045
176.072
176.099
176.126
176.153
176.181
176.212
176.24
176.27
176.301
176.331
176.362
176.392
176.423
176.455
176.485
176.515
176.546
176.576
176.606
176.635
176.664
176.693
176.721
176.749
176.776
176.803
176.829
176.854
176.879
176.903
176.926
176.948
176.97
176.991
177.011
177.03
177.048
177.066
177.082
177.098
177.113
177.127
177.14
177.152
177.163
177.173
177.183
177.191
177.198
177.204
177.21
177.214
177.218
177.22
177.222
177.222
173.972
173.971
173.97
173.967
173.963
173.958
173.952
173.944
173.936
173.926
173.916
173.904
173.892
173.878
173.863
173.847
173.83
173.812
173.793
173.773
173.752
173.73
173.707
173.683
173.658
173.632
173.606
173.578
173.55
173.521
173.491
173.461
173.429
173.398
173.365
173.332
173.299
173.265
173.231
173.197
173.161
173.126
173.091
173.056
173.02
172.984
172.95
172.915
172.879
172.846
172.811
172.779
172.746
172.713
172.682
172.652
172.622
172.593
172.566
172.539
172.514
172.49
172.468
172.445
172.426
172.408
172.391
172.376
172.362
172.351
172.341
172.333
172.326
172.322
172.319
172.318
172.319
172.322
172.326
172.333
172.341
172.351
172.362
172.376
172.391
172.408
172.426
172.445
172.468
172.49
172.514
172.539
172.566
172.593
172.622
172.652
172.682
172.713
172.746
172.779
172.811
172.846
172.879
172.915
172.95
172.984
173.02
173.056
173.091
173.126
173.161
173.197
173.231
173.265
173.299
173.332
173.365
173.398
173.429
173.461
173.491
173.521
173.55
173.578
173.606
173.632
173.658
173.683
173.707
173.73
173.752
173.773
173.793
173.812
173.83
173.847
173.863
173.878
173.892
173.904
173.916
173.926
173.936
173.944
173.952
173.958
173.963
173.967
173.97
173.971
173.972
170.722
170.721
170.72
170.716
170.712
170.706
170.7
170.691
170.682
170.671
170.66
170.646
170.632
170.616
170.6
170.582
170.562
170.542
170.52
170.498
170.474
170.449
170.423
170.396
170.368
170.339
170.309
170.278
170.246
170.213
170.179
170.145
170.11
170.074
170.037
170
169.962
169.924
169.885
169.846
169.807
169.767
169.726
169.687
169.647
169.607
169.568
169.527
169.49
169.45
169.411
169.374
169.337
169.301
169.265
169.23
169.197
169.165
169.133
169.104
169.076
169.048
169.022
168.999
168.976
168.956
168.937
168.92
168.904
168.891
168.88
168.871
168.864
168.858
168.855
168.854
168.855
168.858
168.864
168.871
168.88
168.891
168.904
168.92
168.937
168.956
168.976
168.999
169.022
169.048
169.076
169.104
169.133
169.165
169.197
169.23
169.265
169.301
169.337
169.374
169.411
169.45
169.49
169.527
169.568
169.607
169.647
169.687
169.726
169.767
169.807
169.846
169.885
169.924
169.962
170
170.037
170.074
170.11
170.145
170.179
170.213
170.246
170.278
170.309
170.339
170.368
170.396
170.423
170.449
170.474
170.498
170.52
170.542
170.562
170.582
170.6
170.616
170.632
170.646
170.66
170.671
170.682
170.691
170.7
170.706
170.712
170.716
170.72
170.721
170.722
167.474
167.474
167.472
167.468
167.463
167.457
167.449
167.44
167.43
167.418
167.405
167.39
167.374
167.356
167.338
167.318
167.297
167.274
167.25
167.225
167.198
167.171
167.142
167.112
167.08
167.048
167.014
166.98
166.944
166.908
166.87
166.831
166.793
166.752
166.711
166.67
166.627
166.585
166.541
166.497
166.454
166.409
166.365
166.319
166.275
166.231
166.186
166.142
166.097
166.054
166.012
165.969
165.927
165.887
165.847
165.808
165.77
165.734
165.7
165.666
165.633
165.603
165.574
165.547
165.523
165.499
165.478
165.459
165.442
165.427
165.414
165.404
165.395
165.39
165.386
165.385
165.386
165.39
165.395
165.404
165.414
165.427
165.442
165.459
165.478
165.499
165.523
165.547
165.574
165.603
165.633
165.666
165.7
165.734
165.77
165.808
165.847
165.887
165.927
165.969
166.012
166.054
166.097
166.142
166.186
166.231
166.275
166.319
166.365
166.409
166.454
166.497
166.541
166.585
166.627
166.67
166.711
166.752
166.793
166.831
166.87
166.908
166.944
166.98
167.014
167.048
167.08
167.112
167.142
167.171
167.198
167.225
167.25
167.274
167.297
167.318
167.338
167.356
167.374
167.39
167.405
167.418
167.43
167.44
167.449
167.457
167.463
167.468
167.472
167.474
167.474
164.228
164.228
164.225
164.222
164.216
164.209
164.2
164.191
164.179
164.166
164.151
164.135
164.117
164.099
164.078
164.056
164.032
164.007
163.981
163.953
163.924
163.893
163.862
163.828
163.794
163.758
163.721
163.683
163.643
163.603
163.562
163.519
163.476
163.431
163.386
163.34
163.293
163.246
163.198
163.15
163.1
163.052
163.003
162.953
162.904
162.853
162.805
162.755
162.707
162.658
162.61
162.564
162.518
162.472
162.428
162.385
162.343
162.303
162.264
162.227
162.191
162.157
162.125
162.095
162.066
162.041
162.017
161.996
161.977
161.96
161.946
161.935
161.926
161.919
161.915
161.914
161.915
161.919
161.926
161.935
161.946
161.96
161.977
161.996
162.017
162.041
162.066
162.095
162.125
162.157
162.191
162.227
162.264
162.303
162.343
162.385
162.428
162.472
162.518
162.564
162.61
162.658
162.707
162.755
162.805
162.853
162.904
162.953
163.003
163.052
163.1
163.15
163.198
163.246
163.293
163.34
163.386
163.431
163.476
163.519
163.562
163.603
163.643
163.683
163.721
163.758
163.794
163.828
163.862
163.893
163.924
163.953
163.981
164.007
164.032
164.056
164.078
164.099
164.117
164.135
164.151
164.166
164.179
164.191
164.2
164.209
164.216
164.222
164.225
164.228
164.228
160.984
160.983
160.981
160.976
160.97
160.963
160.953
160.943
160.93
160.916
160.899
160.882
160.862
160.842
160.819
160.795
160.769
160.742
160.713
160.682
160.65
160.617
160.582
160.545
160.508
160.468
160.428
160.386
160.343
160.299
160.253
160.207
160.158
160.11
160.06
160.01
159.959
159.906
159.854
159.801
159.747
159.693
159.638
159.585
159.53
159.476
159.421
159.368
159.315
159.261
159.209
159.157
159.107
159.057
159.009
158.961
158.915
158.871
158.828
158.787
158.748
158.711
158.675
158.642
158.612
158.583
158.558
158.534
158.513
158.495
158.479
158.467
158.457
158.45
158.445
158.444
158.445
158.45
158.457
158.467
158.479
158.495
158.513
158.534
158.558
158.583
158.612
158.642
158.675
158.711
158.748
158.787
158.828
158.871
158.915
158.961
159.009
159.057
159.107
159.157
159.209
159.261
159.315
159.368
159.421
159.476
159.53
159.585
159.638
159.693
159.747
159.801
159.854
159.906
159.959
160.01
160.06
160.11
160.158
160.207
160.253
160.299
160.343
160.386
160.428
160.468
160.508
160.545
160.582
160.617
160.65
160.682
160.713
160.742
160.769
160.795
160.819
160.842
160.862
160.882
160.899
160.916
160.93
160.943
160.953
160.963
160.97
160.976
160.981
160.983
160.984
157.742
157.741
157.738
157.734
157.727
157.719
157.709
157.697
157.683
157.668
157.65
157.631
157.61
157.587
157.563
157.537
157.509
157.479
157.447
157.414
157.379
157.343
157.305
157.266
157.224
157.182
157.137
157.091
157.045
156.996
156.947
156.896
156.844
156.791
156.736
156.682
156.626
156.569
156.511
156.453
156.396
156.336
156.277
156.217
156.158
156.099
156.04
155.981
155.922
155.864
155.807
155.751
155.695
155.641
155.588
155.536
155.485
155.437
155.39
155.346
155.302
155.262
155.223
155.187
155.153
155.123
155.093
155.068
155.045
155.025
155.008
154.994
154.984
154.976
154.971
154.969
154.971
154.976
154.984
154.994
155.008
155.025
155.045
155.068
155.093
155.123
155.153
155.187
155.223
155.262
155.302
155.346
155.39
155.437
155.485
155.536
155.588
155.641
155.695
155.751
155.807
155.864
155.922
155.981
156.04
156.099
156.158
156.217
156.277
156.336
156.396
156.453
156.511
156.569
156.626
156.682
156.736
156.791
156.844
156.896
156.947
156.996
157.045
157.091
157.137
157.182
157.224
157.266
157.305
157.343
157.379
157.414
157.447
157.479
157.509
157.537
157.563
157.587
157.61
157.631
157.65
157.668
157.683
157.697
157.709
157.719
157.727
157.734
157.738
157.741
157.742
154.501
154.501
154.497
154.493
154.486
154.477
154.466
154.453
154.438
154.421
154.403
154.382
154.36
154.334
154.309
154.28
154.25
154.217
154.184
154.148
154.11
154.071
154.03
153.987
153.942
153.897
153.848
153.799
153.748
153.696
153.642
153.587
153.531
153.473
153.415
153.355
153.294
153.233
153.171
153.108
153.043
152.981
152.916
152.852
152.786
152.722
152.658
152.594
152.53
152.466
152.404
152.343
152.283
152.223
152.165
152.108
152.054
152
151.949
151.9
151.854
151.809
151.766
151.727
151.69
151.656
151.625
151.597
151.572
151.55
151.532
151.516
151.504
151.496
151.491
151.489
151.491
151.496
151.504
151.516
151.532
151.55
151.572
151.597
151.625
151.656
151.69
151.727
151.766
151.809
151.854
151.9
151.949
152
152.054
152.108
152.165
152.223
152.283
152.343
152.404
152.466
152.53
152.594
152.658
152.722
152.786
152.852
152.916
152.981
153.043
153.108
153.171
153.233
153.294
153.355
153.415
153.473
153.531
153.587
153.642
153.696
153.748
153.799
153.848
153.897
153.942
153.987
154.03
154.071
154.11
154.148
154.184
154.217
154.25
154.28
154.309
154.334
154.36
154.382
154.403
154.421
154.438
154.453
154.466
154.477
154.486
154.493
154.497
154.501
154.501
151.264
151.263
151.259
151.254
151.247
151.237
151.225
151.212
151.196
151.178
151.157
151.136
151.111
151.085
151.056
151.026
150.993
150.959
150.922
150.884
150.843
150.801
150.757
150.71
150.663
150.613
150.562
150.508
150.453
150.398
150.339
150.28
150.219
150.157
150.094
150.029
149.964
149.897
149.831
149.762
149.694
149.624
149.554
149.485
149.415
149.345
149.275
149.205
149.137
149.069
149.001
148.934
148.868
148.805
148.742
148.68
148.62
148.563
148.508
148.454
148.403
148.355
148.309
148.266
148.226
148.19
148.155
148.125
148.098
148.074
148.054
148.037
148.024
148.015
148.009
148.008
148.009
148.015
148.024
148.037
148.054
148.074
148.098
148.125
148.155
148.19
148.226
148.266
148.309
148.355
148.403
148.454
148.508
148.563
148.62
148.68
148.742
148.805
148.868
148.934
149.001
149.069
149.137
149.205
149.275
149.345
149.415
149.485
149.554
149.624
149.694
149.762
149.831
149.897
149.964
150.029
150.094
150.157
150.219
150.28
150.339
150.398
150.453
150.508
150.562
150.613
150.663
150.71
150.757
150.801
150.843
150.884
150.922
150.959
150.993
151.026
151.056
151.085
151.111
151.136
151.157
151.178
151.196
151.212
151.225
151.237
151.247
151.254
151.259
151.263
151.264
148.029
148.027
148.024
148.018
148.011
148
147.988
147.973
147.956
147.936
147.915
147.891
147.865
147.837
147.806
147.774
147.738
147.702
147.662
147.622
147.578
147.533
147.485
147.436
147.384
147.33
147.276
147.218
147.16
147.099
147.037
146.973
146.908
146.841
146.772
146.704
146.633
146.562
146.488
146.416
146.342
146.268
146.193
146.117
146.042
145.967
145.892
145.817
145.742
145.669
145.596
145.525
145.454
145.384
145.317
145.251
145.187
145.124
145.065
145.007
144.952
144.9
144.851
144.805
144.761
144.722
144.686
144.652
144.623
144.597
144.576
144.558
144.544
144.534
144.528
144.526
144.528
144.534
144.544
144.558
144.576
144.597
144.623
144.652
144.686
144.722
144.761
144.805
144.851
144.9
144.952
145.007
145.065
145.124
145.187
145.251
145.317
145.384
145.454
145.525
145.596
145.669
145.742
145.817
145.892
145.967
146.042
146.117
146.193
146.268
146.342
146.416
146.488
146.562
146.633
146.704
146.772
146.841
146.908
146.973
147.037
147.099
147.16
147.218
147.276
147.33
147.384
147.436
147.485
147.533
147.578
147.622
147.662
147.702
147.738
147.774
147.806
147.837
147.865
147.891
147.915
147.936
147.956
147.973
147.988
148
148.011
148.018
148.024
148.027
148.029
144.796
144.794
144.791
144.785
144.777
144.765
144.752
144.736
144.718
144.697
144.675
144.649
144.622
144.591
144.559
144.524
144.487
144.448
144.406
144.362
144.315
144.267
144.216
144.164
144.108
144.052
143.992
143.932
143.868
143.804
143.737
143.668
143.599
143.527
143.455
143.379
143.305
143.228
143.151
143.072
142.992
142.912
142.832
142.752
142.67
142.589
142.508
142.428
142.349
142.269
142.19
142.113
142.038
141.963
141.89
141.819
141.75
141.683
141.618
141.556
141.498
141.442
141.388
141.338
141.292
141.249
141.209
141.174
141.142
141.115
141.091
141.072
141.057
141.046
141.04
141.038
141.04
141.046
141.057
141.072
141.091
141.115
141.142
141.174
141.209
141.249
141.292
141.338
141.388
141.442
141.498
141.556
141.618
141.683
141.75
141.819
141.89
141.963
142.038
142.113
142.19
142.269
142.349
142.428
142.508
142.589
142.67
142.752
142.832
142.912
142.992
143.072
143.151
143.228
143.305
143.379
143.455
143.527
143.599
143.668
143.737
143.804
143.868
143.932
143.992
144.052
144.108
144.164
144.216
144.267
144.315
144.362
144.406
144.448
144.487
144.524
144.559
144.591
144.622
144.649
144.675
144.697
144.718
144.736
144.752
144.765
144.777
144.785
144.791
144.794
144.796
141.566
141.565
141.561
141.555
141.545
141.534
141.519
141.503
141.483
141.462
141.437
141.411
141.381
141.349
141.315
141.278
141.238
141.196
141.152
141.105
141.057
141.004
140.951
140.894
140.836
140.775
140.712
140.648
140.58
140.512
140.44
140.368
140.292
140.217
140.139
140.06
139.978
139.897
139.814
139.73
139.645
139.559
139.473
139.386
139.3
139.213
139.126
139.04
138.954
138.869
138.785
138.702
138.62
138.54
138.462
138.385
138.31
138.238
138.169
138.102
138.038
137.978
137.921
137.867
137.816
137.77
137.728
137.689
137.656
137.625
137.6
137.579
137.563
137.551
137.544
137.542
137.544
137.551
137.563
137.579
137.6
137.625
137.656
137.689
137.728
137.77
137.816
137.867
137.921
137.978
138.038
138.102
138.169
138.238
138.31
138.385
138.462
138.54
138.62
138.702
138.785
138.869
138.954
139.04
139.126
139.213
139.3
139.386
139.473
139.559
139.645
139.73
139.814
139.897
139.978
140.06
140.139
140.217
140.292
140.368
140.44
140.512
140.58
140.648
140.712
140.775
140.836
140.894
140.951
141.004
141.057
141.105
141.152
141.196
141.238
141.278
141.315
141.349
141.381
141.411
141.437
141.462
141.483
141.503
141.519
141.534
141.545
141.555
141.561
141.565
141.566
138.338
138.337
138.333
138.326
138.317
138.304
138.289
138.272
138.251
138.229
138.202
138.175
138.143
138.11
138.073
138.034
137.992
137.948
137.9
137.851
137.799
137.744
137.687
137.628
137.565
137.501
137.434
137.365
137.294
137.22
137.145
137.067
136.988
136.906
136.824
136.739
136.654
136.566
136.477
136.388
136.297
136.206
136.114
136.021
135.928
135.836
135.743
135.651
135.559
135.468
135.377
135.289
135.201
135.115
135.031
134.949
134.869
134.792
134.717
134.646
134.577
134.512
134.45
134.393
134.339
134.289
134.244
134.203
134.166
134.134
134.106
134.084
134.067
134.054
134.047
134.044
134.047
134.054
134.067
134.084
134.106
134.134
134.166
134.203
134.244
134.289
134.339
134.393
134.45
134.512
134.577
134.646
134.717
134.792
134.869
134.949
135.031
135.115
135.201
135.289
135.377
135.468
135.559
135.651
135.743
135.836
135.928
136.021
136.114
136.206
136.297
136.388
136.477
136.566
136.654
136.739
136.824
136.906
136.988
137.067
137.145
137.22
137.294
137.365
137.434
137.501
137.565
137.628
137.687
137.744
137.799
137.851
137.9
137.948
137.992
138.034
138.073
138.11
138.143
138.175
138.202
138.229
138.251
138.272
138.289
138.304
138.317
138.326
138.333
138.337
138.338
135.115
135.113
135.109
135.101
135.092
135.078
135.063
135.044
135.023
134.998
134.971
134.941
134.909
134.872
134.834
134.792
134.749
134.701
134.652
134.599
134.544
134.487
134.426
134.363
134.296
134.229
134.157
134.085
134.008
133.931
133.85
133.769
133.684
133.598
133.509
133.419
133.328
133.235
133.141
133.046
132.949
132.851
132.754
132.655
132.557
132.457
132.359
132.26
132.163
132.065
131.969
131.874
131.781
131.689
131.599
131.511
131.426
131.344
131.265
131.188
131.115
131.046
130.98
130.918
130.861
130.807
130.759
130.715
130.676
130.641
130.613
130.588
130.57
130.556
130.548
130.545
130.548
130.556
130.57
130.588
130.613
130.641
130.676
130.715
130.759
130.807
130.861
130.918
130.98
131.046
131.115
131.188
131.265
131.344
131.426
131.511
131.599
131.689
131.781
131.874
131.969
132.065
132.163
132.26
132.359
132.457
132.557
132.655
132.754
132.851
132.949
133.046
133.141
133.235
133.328
133.419
133.509
133.598
133.684
133.769
133.85
133.931
134.008
134.085
134.157
134.229
134.296
134.363
134.426
134.487
134.544
134.599
134.652
134.701
134.749
134.792
134.834
134.872
134.909
134.941
134.971
134.998
135.023
135.044
135.063
135.078
135.092
135.101
135.109
135.113
135.115
131.892
131.891
131.886
131.879
131.868
131.855
131.838
131.819
131.796
131.771
131.742
131.71
131.676
131.638
131.597
131.554
131.507
131.458
131.406
131.35
131.292
131.23
131.167
131.1
131.031
130.958
130.884
130.806
130.726
130.643
130.559
130.471
130.382
130.291
130.197
130.102
130.004
129.906
129.805
129.704
129.602
129.499
129.394
129.289
129.184
129.079
128.974
128.869
128.764
128.661
128.559
128.458
128.358
128.26
128.164
128.072
127.981
127.892
127.807
127.726
127.648
127.574
127.504
127.438
127.377
127.32
127.268
127.221
127.179
127.143
127.112
127.086
127.066
127.052
127.043
127.04
127.043
127.052
127.066
127.086
127.112
127.143
127.179
127.221
127.268
127.32
127.377
127.438
127.504
127.574
127.648
127.726
127.807
127.892
127.981
128.072
128.164
128.26
128.358
128.458
128.559
128.661
128.764
128.869
128.974
129.079
129.184
129.289
129.394
129.499
129.602
129.704
129.805
129.906
130.004
130.102
130.197
130.291
130.382
130.471
130.559
130.643
130.726
130.806
130.884
130.958
131.031
131.1
131.167
131.23
131.292
131.35
131.406
131.458
131.507
131.554
131.597
131.638
131.676
131.71
131.742
131.771
131.796
131.819
131.838
131.855
131.868
131.879
131.886
131.891
131.892
128.673
128.671
128.667
128.659
128.648
128.634
128.616
128.596
128.572
128.545
128.515
128.482
128.446
128.407
128.364
128.319
128.269
128.218
128.162
128.105
128.043
127.98
127.911
127.842
127.768
127.693
127.613
127.532
127.447
127.36
127.271
127.179
127.084
126.987
126.888
126.787
126.685
126.58
126.474
126.366
126.257
126.147
126.037
125.925
125.814
125.701
125.59
125.478
125.367
125.257
125.147
125.039
124.934
124.829
124.727
124.627
124.53
124.436
124.346
124.258
124.175
124.096
124.021
123.95
123.885
123.824
123.768
123.718
123.673
123.634
123.601
123.573
123.552
123.536
123.527
123.524
123.527
123.536
123.552
123.573
123.601
123.634
123.673
123.718
123.768
123.824
123.885
123.95
124.021
124.096
124.175
124.258
124.346
124.436
124.53
124.627
124.727
124.829
124.934
125.039
125.147
125.257
125.367
125.478
125.59
125.701
125.814
125.925
126.037
126.147
126.257
126.366
126.474
126.58
126.685
126.787
126.888
126.987
127.084
127.179
127.271
127.36
127.447
127.532
127.613
127.693
127.768
127.842
127.911
127.98
128.043
128.105
128.162
128.218
128.269
128.319
128.364
128.407
128.446
128.482
128.515
128.545
128.572
128.596
128.616
128.634
128.648
128.659
128.667
128.671
128.673
125.455
125.453
125.449
125.44
125.429
125.414
125.396
125.374
125.35
125.322
125.291
125.256
125.219
125.177
125.133
125.084
125.034
124.979
124.922
124.861
124.797
124.729
124.659
124.585
124.509
124.428
124.346
124.26
124.171
124.079
123.984
123.888
123.788
123.686
123.581
123.475
123.366
123.255
123.143
123.029
122.914
122.797
122.68
122.562
122.443
122.324
122.205
122.086
121.968
121.851
121.735
121.62
121.506
121.395
121.286
121.18
121.076
120.975
120.879
120.786
120.696
120.611
120.531
120.456
120.385
120.32
120.261
120.207
120.159
120.117
120.081
120.052
120.029
120.012
120.002
119.999
120.002
120.012
120.029
120.052
120.081
120.117
120.159
120.207
120.261
120.32
120.385
120.456
120.531
120.611
120.696
120.786
120.879
120.975
121.076
121.18
121.286
121.395
121.506
121.62
121.735
121.851
121.968
122.086
122.205
122.324
122.443
122.562
122.68
122.797
122.914
123.029
123.143
123.255
123.366
123.475
123.581
123.686
123.788
123.888
123.984
124.079
124.171
124.26
124.346
124.428
124.509
124.585
124.659
124.729
124.797
124.861
124.922
124.979
125.034
125.084
125.133
125.177
125.219
125.256
125.291
125.322
125.35
125.374
125.396
125.414
125.429
125.44
125.449
125.453
125.455
122.24
122.238
122.233
122.225
122.212
122.197
122.178
122.156
122.13
122.101
122.068
122.033
121.993
121.95
121.903
121.854
121.8
121.744
121.683
121.62
121.552
121.482
121.408
121.331
121.25
121.167
121.079
120.989
120.896
120.8
120.701
120.598
120.493
120.385
120.276
120.163
120.048
119.931
119.812
119.692
119.57
119.447
119.323
119.197
119.072
118.945
118.82
118.694
118.568
118.443
118.32
118.198
118.077
117.959
117.843
117.729
117.619
117.512
117.409
117.309
117.215
117.124
117.038
116.958
116.883
116.813
116.75
116.692
116.641
116.596
116.558
116.527
116.502
116.485
116.474
116.471
116.474
116.485
116.502
116.527
116.558
116.596
116.641
116.692
116.75
116.813
116.883
116.958
117.038
117.124
117.215
117.309
117.409
117.512
117.619
117.729
117.843
117.959
118.077
118.198
118.32
118.443
118.568
118.694
118.82
118.945
119.072
119.197
119.323
119.447
119.57
119.692
119.812
119.931
120.048
120.163
120.276
120.385
120.493
120.598
120.701
120.8
120.896
120.989
121.079
121.167
121.25
121.331
121.408
121.482
121.552
121.62
121.683
121.744
121.8
121.854
121.903
121.95
121.993
122.033
122.068
122.101
122.13
122.156
122.178
122.197
122.212
122.225
122.233
122.238
122.24
119.027
119.025
119.02
119.011
118.999
118.982
118.963
118.94
118.913
118.883
118.849
118.811
118.77
118.725
118.677
118.625
118.569
118.51
118.447
118.38
118.311
118.237
118.159
118.079
117.994
117.906
117.815
117.72
117.622
117.521
117.416
117.309
117.199
117.085
116.969
116.851
116.73
116.607
116.482
116.354
116.225
116.095
115.964
115.832
115.699
115.565
115.431
115.298
115.165
115.034
114.903
114.773
114.645
114.52
114.397
114.277
114.16
114.046
113.937
113.831
113.73
113.634
113.544
113.458
113.378
113.305
113.237
113.176
113.121
113.074
113.033
113
112.974
112.955
112.944
112.94
112.944
112.955
112.974
113
113.033
113.074
113.121
113.176
113.237
113.305
113.378
113.458
113.544
113.634
113.73
113.831
113.937
114.046
114.16
114.277
114.397
114.52
114.645
114.773
114.903
115.034
115.165
115.298
115.431
115.565
115.699
115.832
115.964
116.095
116.225
116.354
116.482
116.607
116.73
116.851
116.969
117.085
117.199
117.309
117.416
117.521
117.622
117.72
117.815
117.906
117.994
118.079
118.159
118.237
118.311
118.38
118.447
118.51
118.569
118.625
118.677
118.725
118.77
118.811
118.849
118.883
118.913
118.94
118.963
118.982
118.999
119.011
119.02
119.025
119.027
115.818
115.817
115.811
115.802
115.789
115.773
115.752
115.728
115.7
115.669
115.633
115.595
115.552
115.505
115.455
115.401
115.343
115.281
115.215
115.146
115.073
114.996
114.915
114.83
114.742
114.65
114.554
114.455
114.353
114.246
114.136
114.023
113.907
113.788
113.667
113.541
113.414
113.284
113.152
113.018
112.882
112.745
112.606
112.466
112.326
112.185
112.044
111.903
111.762
111.622
111.484
111.347
111.212
111.079
110.948
110.821
110.697
110.577
110.461
110.349
110.242
110.14
110.044
109.953
109.869
109.79
109.719
109.654
109.596
109.546
109.503
109.467
109.44
109.42
109.408
109.404
109.408
109.42
109.44
109.467
109.503
109.546
109.596
109.654
109.719
109.79
109.869
109.953
110.044
110.14
110.242
110.349
110.461
110.577
110.697
110.821
110.948
111.079
111.212
111.347
111.484
111.622
111.762
111.903
112.044
112.185
112.326
112.466
112.606
112.745
112.882
113.018
113.152
113.284
113.414
113.541
113.667
113.788
113.907
114.023
114.136
114.246
114.353
114.455
114.554
114.65
114.742
114.83
114.915
114.996
115.073
115.146
115.215
115.281
115.343
115.401
115.455
115.505
115.552
115.595
115.633
115.669
115.7
115.728
115.752
115.773
115.789
115.802
115.811
115.817
115.818
112.614
112.611
112.606
112.596
112.583
112.566
112.545
112.52
112.491
112.459
112.422
112.382
112.337
112.289
112.237
112.181
112.12
112.056
111.988
111.916
111.84
111.759
111.675
111.587
111.495
111.399
111.298
111.195
111.087
110.976
110.861
110.743
110.621
110.496
110.367
110.236
110.102
109.966
109.826
109.685
109.542
109.397
109.251
109.103
108.954
108.805
108.656
108.507
108.358
108.211
108.064
107.918
107.775
107.635
107.496
107.361
107.23
107.102
106.979
106.86
106.747
106.639
106.536
106.44
106.35
106.267
106.191
106.122
106.061
106.007
105.962
105.924
105.895
105.874
105.861
105.857
105.861
105.874
105.895
105.924
105.962
106.007
106.061
106.122
106.191
106.267
106.35
106.44
106.536
106.639
106.747
106.86
106.979
107.102
107.23
107.361
107.496
107.635
107.775
107.918
108.064
108.211
108.358
108.507
108.656
108.805
108.954
109.103
109.251
109.397
109.542
109.685
109.826
109.966
110.102
110.236
110.367
110.496
110.621
110.743
110.861
110.976
111.087
111.195
111.298
111.399
111.495
111.587
111.675
111.759
111.84
111.916
111.988
112.056
112.12
112.181
112.237
112.289
112.337
112.382
112.422
112.459
112.491
112.52
112.545
112.566
112.583
112.596
112.606
112.611
112.614
109.412
109.411
109.405
109.395
109.381
109.363
109.342
109.316
109.287
109.253
109.215
109.174
109.128
109.078
109.024
108.966
108.904
108.837
108.767
108.692
108.613
108.529
108.442
108.35
108.254
108.154
108.05
107.941
107.829
107.712
107.592
107.469
107.341
107.21
107.075
106.937
106.796
106.653
106.507
106.358
106.207
106.054
105.899
105.743
105.586
105.429
105.271
105.113
104.955
104.798
104.643
104.489
104.337
104.187
104.041
103.897
103.757
103.621
103.49
103.364
103.243
103.128
103.019
102.916
102.821
102.732
102.651
102.577
102.512
102.455
102.406
102.366
102.335
102.312
102.299
102.294
102.299
102.312
102.335
102.366
102.406
102.455
102.512
102.577
102.651
102.732
102.821
102.916
103.019
103.128
103.243
103.364
103.49
103.621
103.757
103.897
104.041
104.187
104.337
104.489
104.643
104.798
104.955
105.113
105.271
105.429
105.586
105.743
105.899
106.054
106.207
106.358
106.507
106.653
106.796
106.937
107.075
107.21
107.341
107.469
107.592
107.712
107.829
107.941
108.05
108.154
108.254
108.35
108.442
108.529
108.613
108.692
108.767
108.837
108.904
108.966
109.024
109.078
109.128
109.174
109.215
109.253
109.287
109.316
109.342
109.363
109.381
109.395
109.405
109.411
109.412
106.214
106.212
106.206
106.196
106.181
106.163
106.141
106.115
106.084
106.05
106.011
105.969
105.921
105.87
105.815
105.755
105.69
105.622
105.549
105.472
105.39
105.304
105.213
105.118
105.018
104.914
104.806
104.693
104.576
104.455
104.329
104.2
104.066
103.929
103.788
103.644
103.496
103.345
103.19
103.034
102.875
102.714
102.551
102.386
102.22
102.053
101.886
101.719
101.552
101.386
101.221
101.057
100.896
100.737
100.58
100.427
100.279
100.134
99.9941
99.8594
99.7303
99.6076
99.491
99.3813
99.279
99.1845
99.0974
99.019
98.9492
98.8879
98.8357
98.793
98.7591
98.7354
98.7207
98.7161
98.7207
98.7354
98.7591
98.793
98.8357
98.8879
98.9492
99.019
99.0974
99.1845
99.279
99.3813
99.491
99.6076
99.7303
99.8594
99.9941
100.134
100.279
100.427
100.58
100.737
100.896
101.057
101.221
101.386
101.552
101.719
101.886
102.053
102.22
102.386
102.551
102.714
102.875
103.034
103.19
103.345
103.496
103.644
103.788
103.929
104.066
104.2
104.329
104.455
104.576
104.693
104.806
104.914
105.018
105.118
105.213
105.304
105.39
105.472
105.549
105.622
105.69
105.755
105.815
105.87
105.921
105.969
106.011
106.05
106.084
106.115
106.141
106.163
106.181
106.196
106.206
106.212
106.214
103.018
103.016
103.01
102.999
102.985
102.966
102.944
102.917
102.886
102.85
102.811
102.767
102.719
102.666
102.609
102.547
102.482
102.411
102.336
102.256
102.172
102.082
101.989
101.891
101.788
101.68
101.567
101.45
101.328
101.202
101.072
100.937
100.797
100.654
100.506
100.355
100.2
100.041
99.8799
99.715
99.5476
99.3774
99.2056
99.0319
98.857
98.6806
98.5036
98.3262
98.1493
97.973
97.7979
97.6239
97.452
97.2827
97.1167
96.9539
96.795
96.6405
96.4915
96.3477
96.2098
96.0782
95.9539
95.8367
95.727
95.6255
95.5329
95.4486
95.3736
95.3082
95.2523
95.2061
95.1704
95.1443
95.1291
95.1237
95.1291
95.1443
95.1704
95.2061
95.2523
95.3082
95.3736
95.4486
95.5329
95.6255
95.727
95.8367
95.9539
96.0782
96.2098
96.3477
96.4915
96.6405
96.795
96.9539
97.1167
97.2827
97.452
97.6239
97.7979
97.973
98.1493
98.3262
98.5036
98.6806
98.857
99.0319
99.2056
99.3774
99.5476
99.715
99.8799
100.041
100.2
100.355
100.506
100.654
100.797
100.937
101.072
101.202
101.328
101.45
101.567
101.68
101.788
101.891
101.989
102.082
102.172
102.256
102.336
102.411
102.482
102.547
102.609
102.666
102.719
102.767
102.811
102.85
102.886
102.917
102.944
102.966
102.985
102.999
103.01
103.016
103.018
99.8246
99.8225
99.8162
99.8058
99.791
99.7722
99.749
99.7216
99.6898
99.6537
99.6133
99.5684
99.519
99.4652
99.4067
99.3438
99.2759
99.2039
99.1261
99.0446
98.9576
98.8661
98.769
98.6674
98.5607
98.4495
98.333
98.2119
98.0853
97.9542
97.8179
97.6773
97.532
97.3826
97.2284
97.0703
96.9077
96.7416
96.5717
96.3989
96.2229
96.0444
95.863
95.6797
95.4946
95.3085
95.1215
94.9342
94.7464
94.5593
94.3731
94.1888
94.0063
93.8263
93.6491
93.4758
93.3067
93.1424
92.9828
92.8293
92.6821
92.5419
92.4085
92.2831
92.166
92.0575
91.9578
91.8679
91.7876
91.7173
91.6574
91.6082
91.5694
91.542
91.5251
91.5198
91.5251
91.542
91.5694
91.6082
91.6574
91.7173
91.7876
91.8679
91.9578
92.0575
92.166
92.2831
92.4085
92.5419
92.6821
92.8293
92.9828
93.1424
93.3067
93.4758
93.6491
93.8263
94.0063
94.1888
94.3731
94.5593
94.7464
94.9342
95.1215
95.3085
95.4946
95.6797
95.863
96.0444
96.2229
96.3989
96.5717
96.7416
96.9077
97.0703
97.2284
97.3826
97.532
97.6773
97.8179
97.9542
98.0853
98.2119
98.333
98.4495
98.5607
98.6674
98.769
98.8661
98.9576
99.0446
99.1261
99.2039
99.2759
99.3438
99.4067
99.4652
99.519
99.5684
99.6133
99.6537
99.6898
99.7216
99.749
99.7722
99.791
99.8058
99.8162
99.8225
99.8246
96.6359
96.6338
96.6273
96.6167
96.6017
96.5825
96.5589
96.5309
96.4986
96.4618
96.4206
96.3747
96.3244
96.2692
96.2097
96.145
96.0758
96.0015
95.9226
95.8378
95.7489
95.6544
95.5553
95.4504
95.3404
95.2249
95.1044
94.9785
94.8479
94.7118
94.5708
94.4243
94.273
94.1165
93.9558
93.7903
93.6208
93.4468
93.2691
93.0872
92.9023
92.7141
92.5236
92.3305
92.1356
91.9388
91.741
91.5425
91.3442
91.1461
90.9488
90.7527
90.5588
90.3675
90.1795
89.9949
89.8146
89.6392
89.4696
89.3057
89.1484
88.9983
88.8563
88.7222
88.5967
88.4806
88.3744
88.2777
88.1918
88.1167
88.0524
87.9995
87.9584
87.9284
87.9109
87.9047
87.9109
87.9284
87.9584
87.9995
88.0524
88.1167
88.1918
88.2777
88.3744
88.4806
88.5967
88.7222
88.8563
88.9983
89.1484
89.3057
89.4696
89.6392
89.8146
89.9949
90.1795
90.3675
90.5588
90.7527
90.9488
91.1461
91.3442
91.5425
91.741
91.9388
92.1356
92.3305
92.5236
92.7141
92.9023
93.0872
93.2691
93.4468
93.6208
93.7903
93.9558
94.1165
94.273
94.4243
94.5708
94.7118
94.8479
94.9785
95.1044
95.2249
95.3404
95.4504
95.5553
95.6544
95.7489
95.8378
95.9226
96.0015
96.0758
96.145
96.2097
96.2692
96.3244
96.3747
96.4206
96.4618
96.4986
96.5309
96.5589
96.5825
96.6017
96.6167
96.6273
96.6338
96.6359
93.4506
93.4484
93.442
93.4311
93.4159
93.3963
93.3724
93.3439
93.3111
93.2736
93.2316
93.1849
93.1336
93.0775
93.0164
92.9507
92.8795
92.8038
92.7227
92.6368
92.5446
92.4478
92.345
92.2375
92.1241
92.0055
91.881
91.751
91.6151
91.474
91.3271
91.1753
91.018
90.8556
90.6878
90.5151
90.3374
90.1554
89.969
89.779
89.5848
89.3874
89.1865
88.9832
88.7775
88.5704
88.3616
88.1521
87.9418
87.732
87.523
87.3156
87.1097
86.9065
86.7063
86.5103
86.3186
86.132
85.9508
85.7763
85.6088
85.4488
85.2967
85.1537
85.0199
84.8958
84.7818
84.6789
84.5869
84.5063
84.4377
84.3812
84.3368
84.3053
84.2859
84.2798
84.2859
84.3053
84.3368
84.3812
84.4377
84.5063
84.5869
84.6789
84.7818
84.8958
85.0199
85.1537
85.2967
85.4488
85.6088
85.7763
85.9508
86.132
86.3186
86.5103
86.7063
86.9065
87.1097
87.3156
87.523
87.732
87.9418
88.1521
88.3616
88.5704
88.7775
88.9832
89.1865
89.3874
89.5848
89.779
89.969
90.1554
90.3374
90.5151
90.6878
90.8556
91.018
91.1753
91.3271
91.474
91.6151
91.751
91.881
92.0055
92.1241
92.2375
92.345
92.4478
92.5446
92.6368
92.7227
92.8038
92.8795
92.9507
93.0164
93.0775
93.1336
93.1849
93.2316
93.2736
93.3111
93.3439
93.3724
93.3963
93.4159
93.4311
93.442
93.4484
93.4506
90.2687
90.2665
90.26
90.2489
90.2336
90.2137
90.1894
90.1605
90.1272
90.089
90.0464
89.9989
89.9467
89.8895
89.8273
89.7603
89.688
89.61
89.5271
89.4387
89.3453
89.2457
89.1408
89.0294
88.9128
88.79
88.6617
88.5274
88.3875
88.2413
88.0894
87.9313
87.7677
87.5983
87.4238
87.2437
87.0587
86.8684
86.6734
86.4737
86.2702
86.0628
85.8522
85.6383
85.4219
85.2031
84.9829
84.7615
84.5398
84.3179
84.0966
83.8764
83.6584
83.4429
83.2307
83.022
82.8182
82.6197
82.4273
82.2412
82.0626
81.892
81.7302
81.5774
81.4344
81.302
81.1806
81.0702
80.9721
80.8861
80.8126
80.7521
80.705
80.6708
80.6507
80.6436
80.6507
80.6708
80.705
80.7521
80.8126
80.8861
80.9721
81.0702
81.1806
81.302
81.4344
81.5774
81.7302
81.892
82.0626
82.2412
82.4273
82.6197
82.8182
83.022
83.2307
83.4429
83.6584
83.8764
84.0966
84.3179
84.5398
84.7615
84.9829
85.2031
85.4219
85.6383
85.8522
86.0628
86.2702
86.4737
86.6734
86.8684
87.0587
87.2437
87.4238
87.5983
87.7677
87.9313
88.0894
88.2413
88.3875
88.5274
88.6617
88.79
88.9128
89.0294
89.1408
89.2457
89.3453
89.4387
89.5271
89.61
89.688
89.7603
89.8273
89.8895
89.9467
89.9989
90.0464
90.089
90.1272
90.1605
90.1894
90.2137
90.2336
90.2489
90.26
90.2665
90.2687
87.0903
87.088
87.0814
87.0702
87.0547
87.0345
87.01
86.9807
86.9469
86.9083
86.865
86.8168
86.7637
86.7057
86.6423
86.5739
86.5004
86.4214
86.3365
86.2461
86.1497
86.048
85.94
85.8266
85.7065
85.5806
85.448
85.3093
85.1642
85.0132
84.8556
84.6923
84.5225
84.3467
84.1646
83.977
83.7835
83.585
83.3811
83.1727
82.9593
82.7417
82.5201
82.2954
82.0677
81.8377
81.6055
81.372
81.1374
80.903
80.6691
80.4364
80.2052
79.9766
79.7512
79.5302
79.3137
79.1026
78.8977
78.7001
78.51
78.3283
78.1555
77.9929
77.8406
77.6992
77.5694
77.4521
77.347
77.2551
77.1768
77.1122
77.0616
77.0256
77.0035
76.9965
77.0035
77.0256
77.0616
77.1122
77.1768
77.2551
77.347
77.4521
77.5694
77.6992
77.8406
77.9929
78.1555
78.3283
78.51
78.7001
78.8977
79.1026
79.3137
79.5302
79.7512
79.9766
80.2052
80.4364
80.6691
80.903
81.1374
81.372
81.6055
81.8377
82.0677
82.2954
82.5201
82.7417
82.9593
83.1727
83.3811
83.585
83.7835
83.977
84.1646
84.3467
84.5225
84.6923
84.8556
85.0132
85.1642
85.3093
85.448
85.5806
85.7065
85.8266
85.94
86.048
86.1497
86.2461
86.3365
86.4214
86.5004
86.5739
86.6423
86.7057
86.7637
86.8168
86.865
86.9083
86.9469
86.9807
87.01
87.0345
87.0547
87.0702
87.0814
87.088
87.0903
83.9158
83.9135
83.9069
83.8956
83.8799
83.8595
83.8347
83.8051
83.7709
83.7318
83.688
83.6392
83.5853
83.5265
83.4624
83.3925
83.3174
83.2368
83.1508
83.0587
82.9607
82.8562
82.7459
82.6286
82.5057
82.3758
82.2399
82.097
81.9477
81.7914
81.6285
81.4587
81.2826
81.0998
80.911
80.7156
80.5144
80.3069
80.0939
79.8754
79.6522
79.4242
79.1921
78.9559
78.7165
78.474
78.2295
77.9833
77.7362
77.4884
77.241
76.9945
76.75
76.5079
76.2692
76.0342
75.8044
75.5803
75.3628
75.1523
74.95
74.7567
74.573
74.3994
74.237
74.0865
73.9482
73.8226
73.7108
73.6127
73.529
73.46
73.4062
73.3672
73.3442
73.3361
73.3442
73.3672
73.4062
73.46
73.529
73.6127
73.7108
73.8226
73.9482
74.0865
74.237
74.3994
74.573
74.7567
74.95
75.1523
75.3628
75.5803
75.8044
76.0342
76.2692
76.5079
76.75
76.9945
77.241
77.4884
77.7362
77.9833
78.2295
78.474
78.7165
78.9559
79.1921
79.4242
79.6522
79.8754
80.0939
80.3069
80.5144
80.7156
80.911
81.0998
81.2826
81.4587
81.6285
81.7914
81.9477
82.097
82.2399
82.3758
82.5057
82.6286
82.7459
82.8562
82.9607
83.0587
83.1508
83.2368
83.3174
83.3925
83.4624
83.5265
83.5853
83.6392
83.688
83.7318
83.7709
83.8051
83.8347
83.8595
83.8799
83.8956
83.9069
83.9135
83.9158
80.7462
80.7439
80.7372
80.7258
80.7099
80.6894
80.6643
80.6345
80.5999
80.5606
80.5162
80.4669
80.4123
80.3526
80.2878
80.2174
80.1412
80.0591
79.971
79.8771
79.7768
79.6707
79.5577
79.4385
79.3119
79.1789
79.0385
78.8915
78.7372
78.5761
78.4078
78.2326
78.0499
77.8604
77.6638
77.4605
77.2506
77.0346
76.8123
76.5842
76.3504
76.1115
75.8677
75.62
75.3684
75.1137
74.8561
74.5965
74.3355
74.0742
73.8128
73.5524
73.2933
73.0368
72.7837
72.5349
72.291
72.0529
71.8215
71.5981
71.3829
71.1771
70.9813
70.7968
70.6237
70.4631
70.3156
70.182
70.0624
69.9578
69.8686
69.7949
69.7372
69.6961
69.671
69.6629
69.671
69.6961
69.7372
69.7949
69.8686
69.9578
70.0624
70.182
70.3156
70.4631
70.6237
70.7968
70.9813
71.1771
71.3829
71.5981
71.8215
72.0529
72.291
72.5349
72.7837
73.0368
73.2933
73.5524
73.8128
74.0742
74.3355
74.5965
74.8561
75.1137
75.3684
75.62
75.8677
76.1115
76.3504
76.5842
76.8123
77.0346
77.2506
77.4605
77.6638
77.8604
78.0499
78.2326
78.4078
78.5761
78.7372
78.8915
79.0385
79.1789
79.3119
79.4385
79.5577
79.6707
79.7768
79.8771
79.971
80.0591
80.1412
80.2174
80.2878
80.3526
80.4123
80.4669
80.5162
80.5606
80.5999
80.6345
80.6643
80.6894
80.7099
80.7258
80.7372
80.7439
80.7462
77.5794
77.5771
77.5703
77.5589
77.5429
77.5223
77.497
77.467
77.4321
77.3925
77.3478
77.2981
77.2433
77.1827
77.1167
77.0454
76.9683
76.8854
76.7963
76.7007
76.5988
76.4899
76.3747
76.2522
76.1231
75.9865
75.8431
75.6918
75.5332
75.3668
75.193
75.0113
74.8225
74.626
74.4223
74.2111
73.9928
73.7673
73.5353
73.2969
73.0527
72.8026
72.5474
72.2873
72.0229
71.7548
71.484
71.2106
70.9357
70.6596
70.3835
70.108
69.8343
69.5628
69.2946
69.0305
68.7719
68.5192
68.2737
68.0358
67.8071
67.5882
67.3801
67.1832
66.999
66.8279
66.6708
66.528
66.4008
66.2892
66.1938
66.1153
66.0539
66.0096
65.9833
65.9741
65.9833
66.0096
66.0539
66.1153
66.1938
66.2892
66.4008
66.528
66.6708
66.8279
66.999
67.1832
67.3801
67.5882
67.8071
68.0358
68.2737
68.5192
68.7719
69.0305
69.2946
69.5628
69.8343
70.108
70.3835
70.6596
70.9357
71.2106
71.484
71.7548
72.0229
72.2873
72.5474
72.8026
73.0527
73.2969
73.5353
73.7673
73.9928
74.2111
74.4223
74.626
74.8225
75.0113
75.193
75.3668
75.5332
75.6918
75.8431
75.9865
76.1231
76.2522
76.3747
76.4899
76.5988
76.7007
76.7963
76.8854
76.9683
77.0454
77.1167
77.1827
77.2433
77.2981
77.3478
77.3925
77.4321
77.467
77.497
77.5223
77.5429
77.5589
77.5703
77.5771
77.5794
74.4172
74.4149
74.408
74.3966
74.3805
74.3599
74.3344
74.3043
74.2693
74.2294
74.1844
74.1342
74.0791
74.0186
73.9523
73.88
73.8018
73.7175
73.627
73.5301
73.4266
73.3163
73.1988
73.0742
72.9417
72.8021
72.6544
72.4992
72.336
72.165
71.9857
71.7986
71.603
71.3995
71.1878
70.9685
70.7414
70.507
70.2652
70.0164
69.7608
69.4991
69.2316
68.959
68.6815
68.4
68.1148
67.8268
67.5368
67.2458
66.9543
66.6633
66.3734
66.086
65.802
65.5223
65.2477
64.9795
64.7185
64.4661
64.2229
63.9899
63.7682
63.559
63.3626
63.1802
63.0127
62.8608
62.7248
62.6058
62.5042
62.4203
62.3546
62.3077
62.2791
62.2699
62.2791
62.3077
62.3546
62.4203
62.5042
62.6058
62.7248
62.8608
63.0127
63.1802
63.3626
63.559
63.7682
63.9899
64.2229
64.4661
64.7185
64.9795
65.2477
65.5223
65.802
66.086
66.3734
66.6633
66.9543
67.2458
67.5368
67.8268
68.1148
68.4
68.6815
68.959
69.2316
69.4991
69.7608
70.0164
70.2652
70.507
70.7414
70.9685
71.1878
71.3995
71.603
71.7986
71.9857
72.165
72.336
72.4992
72.6544
72.8021
72.9417
73.0742
73.1988
73.3163
73.4266
73.5301
73.627
73.7175
73.8018
73.88
73.9523
74.0186
74.0791
74.1342
74.1844
74.2294
74.2693
74.3043
74.3344
74.3599
74.3805
74.3966
74.408
74.4149
74.4172
71.259
71.2568
71.2499
71.2384
71.2223
71.2016
71.1761
71.146
71.1109
71.071
71.0261
70.9757
70.9198
70.8587
70.792
70.7195
70.641
70.5561
70.4646
70.3664
70.2612
70.1488
70.0293
69.902
69.7674
69.6245
69.4739
69.3146
69.147
68.9708
68.7861
68.5927
68.3909
68.1804
67.9614
67.7337
67.4978
67.2535
67.0015
66.7419
66.4752
66.2015
65.9215
65.6355
65.3442
65.0482
64.7485
64.4454
64.1399
63.8326
63.5248
63.2172
62.9109
62.6067
62.3058
62.0091
61.718
61.4333
61.1562
60.8877
60.6291
60.3814
60.1455
59.9224
59.7133
59.5191
59.3404
59.1782
59.0334
58.9064
58.7978
58.7084
58.6384
58.588
58.5579
58.5476
58.5579
58.588
58.6384
58.7084
58.7978
58.9064
59.0334
59.1782
59.3404
59.5191
59.7133
59.9224
60.1455
60.3814
60.6291
60.8877
61.1562
61.4333
61.718
62.0091
62.3058
62.6067
62.9109
63.2172
63.5248
63.8326
64.1399
64.4454
64.7485
65.0482
65.3442
65.6355
65.9215
66.2015
66.4752
66.7419
67.0015
67.2535
67.4978
67.7337
67.9614
68.1804
68.3909
68.5927
68.7861
68.9708
69.147
69.3146
69.4739
69.6245
69.7674
69.902
70.0293
70.1488
70.2612
70.3664
70.4646
70.5561
70.641
70.7195
70.792
70.8587
70.9198
70.9757
71.0261
71.071
71.1109
71.146
71.1761
71.2016
71.2223
71.2384
71.2499
71.2568
71.259
68.1054
68.1032
68.0962
68.0848
68.0686
68.0479
68.0224
67.9923
67.9572
67.917
67.8722
67.8222
67.7666
67.7054
67.6383
67.5651
67.4859
67.4002
67.308
67.2089
67.1027
66.9891
66.8676
66.7384
66.6008
66.4551
66.3006
66.1378
65.9659
65.7852
65.5952
65.3961
65.1875
64.9699
64.7428
64.5069
64.2618
64.0082
63.7457
63.4751
63.1963
62.9102
62.617
62.3174
62.0119
61.7011
61.3856
61.0666
60.7445
60.4207
60.0957
59.7707
59.4465
59.1245
58.8058
58.4915
58.1824
57.8802
57.5858
57.3007
57.0255
56.7618
56.5107
56.2733
56.0504
55.8433
55.6528
55.4799
55.3252
55.1897
55.074
54.9784
54.9036
54.85
54.8175
54.8069
54.8175
54.85
54.9036
54.9784
55.074
55.1897
55.3252
55.4799
55.6528
55.8433
56.0504
56.2733
56.5107
56.7618
57.0255
57.3007
57.5858
57.8802
58.1824
58.4915
58.8058
59.1245
59.4465
59.7707
60.0957
60.4207
60.7445
61.0666
61.3856
61.7011
62.0119
62.3174
62.617
62.9102
63.1963
63.4751
63.7457
64.0082
64.2618
64.5069
64.7428
64.9699
65.1875
65.3961
65.5952
65.7852
65.9659
66.1378
66.3006
66.4551
66.6008
66.7384
66.8676
66.9891
67.1027
67.2089
67.308
67.4002
67.4859
67.5651
67.6383
67.7054
67.7666
67.8222
67.8722
67.917
67.9572
67.9923
68.0224
68.0479
68.0686
68.0848
68.0962
68.1032
68.1054
64.9556
64.9534
64.9464
64.935
64.9189
64.8983
64.8729
64.8429
64.8083
64.7683
64.7231
64.6729
64.6174
64.5563
64.4895
64.4165
64.3372
64.2512
64.1583
64.0582
63.9508
63.8357
63.7128
63.5816
63.4421
63.2936
63.1364
62.9696
62.7937
62.608
62.4128
62.2077
61.9929
61.7681
61.5335
61.2889
61.0347
60.7707
60.4977
60.2156
59.9249
59.6259
59.3192
59.0051
58.6845
58.3581
58.0267
57.6908
57.3516
57.0098
56.6667
56.3232
55.9805
55.6397
55.3019
54.9685
54.6408
54.3199
54.0071
53.7037
53.4112
53.1306
52.8632
52.6101
52.3727
52.1518
51.9486
51.7641
51.5992
51.4544
51.3307
51.2287
51.1489
51.0914
51.0571
51.0453
51.0571
51.0914
51.1489
51.2287
51.3307
51.4544
51.5992
51.7641
51.9486
52.1518
52.3727
52.6101
52.8632
53.1306
53.4112
53.7037
54.0071
54.3199
54.6408
54.9685
55.3019
55.6397
55.9805
56.3232
56.6667
57.0098
57.3516
57.6908
58.0267
58.3581
58.6845
59.0051
59.3192
59.6259
59.9249
60.2156
60.4977
60.7707
61.0347
61.2889
61.5335
61.7681
61.9929
62.2077
62.4128
62.608
62.7937
62.9696
63.1364
63.2936
63.4421
63.5816
63.7128
63.8357
63.9508
64.0582
64.1583
64.2512
64.3372
64.4165
64.4895
64.5563
64.6174
64.6729
64.7231
64.7683
64.8083
64.8429
64.8729
64.8983
64.9189
64.935
64.9464
64.9534
64.9556
61.8099
61.8076
61.8007
61.7892
61.7731
61.7525
61.7273
61.6971
61.6626
61.6234
61.579
61.5292
61.474
61.413
61.3461
61.2731
61.1937
61.1076
61.0146
60.9142
60.8062
60.6903
60.5659
60.4331
60.2912
60.1404
59.9799
59.81
59.6301
59.4402
59.2398
59.029
58.8076
58.5756
58.333
58.0799
57.8163
57.5425
57.2584
56.9646
56.6612
56.3488
56.0279
55.6992
55.363
55.0203
54.6717
54.3182
53.9608
53.6005
53.2382
52.8752
52.5126
52.1518
51.794
51.4405
51.0926
50.7518
50.4194
50.0969
49.7855
49.4867
49.2019
48.9323
48.679
48.4435
48.2267
48.0298
47.8535
47.699
47.567
47.4579
47.3725
47.3113
47.2743
47.2622
47.2743
47.3113
47.3725
47.4579
47.567
47.699
47.8535
48.0298
48.2267
48.4435
48.679
48.9323
49.2019
49.4867
49.7855
50.0969
50.4194
50.7518
51.0926
51.4405
51.794
52.1518
52.5126
52.8752
53.2382
53.6005
53.9608
54.3182
54.6717
55.0203
55.363
55.6992
56.0279
56.3488
56.6612
56.9646
57.2584
57.5425
57.8163
58.0799
58.333
58.5756
58.8076
59.029
59.2398
59.4402
59.6301
59.81
59.9799
60.1404
60.2912
60.4331
60.5659
60.6903
60.8062
60.9142
61.0146
61.1076
61.1937
61.2731
61.3461
61.413
61.474
61.5292
61.579
61.6234
61.6626
61.6971
61.7273
61.7525
61.7731
61.7892
61.8007
61.8076
61.8099
58.6694
58.6671
58.6602
58.6488
58.6328
58.6124
58.5877
58.558
58.5235
58.4843
58.4401
58.3909
58.3363
58.2761
58.2099
58.1375
58.0584
57.9725
57.8793
57.7786
57.6701
57.5534
57.4281
57.2939
57.1506
56.9975
56.8346
56.6613
56.4776
56.2831
56.0778
55.8613
55.6338
55.3947
55.1443
54.8824
54.6092
54.3248
54.0296
53.7237
53.4075
53.0813
52.7457
52.4013
52.0488
51.6889
51.3226
50.9506
50.574
50.1937
49.8112
49.4275
49.044
48.6618
48.2825
47.9075
47.5383
47.1762
46.8228
46.4796
46.1482
45.83
45.5264
45.2388
44.9687
44.7173
44.4858
44.2754
44.0873
43.9221
43.7809
43.6644
43.5731
43.5075
43.4682
43.4549
43.4682
43.5075
43.5731
43.6644
43.7809
43.9221
44.0873
44.2754
44.4858
44.7173
44.9687
45.2388
45.5264
45.83
46.1482
46.4796
46.8228
47.1762
47.5383
47.9075
48.2825
48.6618
49.044
49.4275
49.8112
50.1937
50.574
50.9506
51.3226
51.6889
52.0488
52.4013
52.7457
53.0813
53.4075
53.7237
54.0296
54.3248
54.6092
54.8824
55.1443
55.3947
55.6338
55.8613
56.0778
56.2831
56.4776
56.6613
56.8346
56.9975
57.1506
57.2939
57.4281
57.5534
57.6701
57.7786
57.8793
57.9725
58.0584
58.1375
58.2099
58.2761
58.3363
58.3909
58.4401
58.4843
58.5235
58.558
58.5877
58.6124
58.6328
58.6488
58.6602
58.6671
58.6694
55.5325
55.5302
55.5232
55.5116
55.4956
55.4749
55.4502
55.4213
55.3877
55.3493
55.306
55.2575
55.2035
55.1439
55.0783
55.0065
54.9281
54.8428
54.7501
54.6498
54.5413
54.4242
54.2982
54.163
54.018
53.8631
53.6977
53.5217
53.3346
53.1362
52.926
52.7041
52.47
52.2239
51.9655
51.695
51.4122
51.1175
50.8107
50.4923
50.1626
49.8222
49.4713
49.1109
48.7413
48.3636
47.9784
47.5869
47.1901
46.7891
46.3851
45.9795
45.5735
45.1688
44.7668
44.3689
43.9766
43.5918
43.216
42.8509
42.4979
42.1587
41.8351
41.5284
41.2401
40.9716
40.7244
40.4997
40.2984
40.122
39.971
39.8463
39.7487
39.6786
39.6363
39.6223
39.6363
39.6786
39.7487
39.8463
39.971
40.122
40.2984
40.4997
40.7244
40.9716
41.2401
41.5284
41.8351
42.1587
42.4979
42.8509
43.216
43.5918
43.9766
44.3689
44.7668
45.1688
45.5735
45.9795
46.3851
46.7891
47.1901
47.5869
47.9784
48.3636
48.7413
49.1109
49.4713
49.8222
50.1626
50.4923
50.8107
51.1175
51.4122
51.695
51.9655
52.2239
52.47
52.7041
52.926
53.1362
53.3346
53.5217
53.6977
53.8631
54.018
54.163
54.2982
54.4242
54.5413
54.6498
54.7501
54.8428
54.9281
55.0065
55.0783
55.1439
55.2035
55.2575
55.306
55.3493
55.3877
55.4213
55.4502
55.4749
55.4956
55.5116
55.5232
55.5302
55.5325
52.3998
52.3974
52.3903
52.3787
52.3632
52.343
52.3184
52.2896
52.2564
52.2187
52.1762
52.1288
52.0761
52.0177
51.9534
51.8827
51.8053
51.7208
51.6288
51.5288
51.4206
51.3036
51.1775
51.0416
50.8958
50.7393
50.5721
50.3933
50.203
50.0006
49.7859
49.5587
49.3186
49.0655
48.7994
48.52
48.2275
47.9218
47.6034
47.2723
46.929
46.5736
46.207
45.8296
45.4422
45.0457
44.641
44.2289
43.8107
43.3876
42.9609
42.5321
42.1025
41.6736
41.2471
40.8247
40.4082
39.999
39.5991
39.2102
38.8342
38.4727
38.1274
37.7999
37.4921
37.2054
36.9411
36.7008
36.4857
36.2968
36.1352
36.0018
35.8973
35.8222
35.777
35.7618
35.777
35.8222
35.8973
36.0018
36.1352
36.2968
36.4857
36.7008
36.9411
37.2054
37.4921
37.7999
38.1274
38.4727
38.8342
39.2102
39.5991
39.999
40.4082
40.8247
41.2471
41.6736
42.1025
42.5321
42.9609
43.3876
43.8107
44.2289
44.641
45.0457
45.4422
45.8296
46.207
46.5736
46.929
47.2723
47.6034
47.9218
48.2275
48.52
48.7994
49.0655
49.3186
49.5587
49.7859
50.0006
50.203
50.3933
50.5721
50.7393
50.8958
51.0416
51.1775
51.3036
51.4206
51.5288
51.6288
51.7208
51.8053
51.8827
51.9534
52.0177
52.0761
52.1288
52.1762
52.2187
52.2564
52.2896
52.3184
52.343
52.3632
52.3787
52.3903
52.3974
52.3998
49.2733
49.2706
49.263
49.2507
49.2345
49.2146
49.1907
49.1628
49.1306
49.094
49.0527
49.0064
48.955
48.8979
48.835
48.7657
48.6897
48.6066
48.5158
48.417
48.3095
48.193
48.067
47.9309
47.7843
47.6269
47.4579
47.2771
47.0839
46.8781
46.6591
46.4267
46.1806
45.9207
45.6466
45.3585
45.0562
44.7398
44.4093
44.0651
43.7074
43.3369
42.9538
42.5589
42.1529
41.7366
41.3111
40.8774
40.4367
39.9903
39.5395
39.0859
38.6309
38.1764
37.724
37.2755
36.8326
36.3974
35.9717
35.5575
35.1565
34.7708
34.4022
34.0526
33.7236
33.4171
33.1345
32.8774
32.6471
32.4449
32.2719
32.1289
32.017
31.9366
31.8881
31.872
31.8881
31.9366
32.017
32.1289
32.2719
32.4449
32.6471
32.8774
33.1345
33.4171
33.7236
34.0526
34.4022
34.7708
35.1565
35.5575
35.9717
36.3974
36.8326
37.2755
37.724
38.1764
38.6309
39.0859
39.5395
39.9903
40.4367
40.8774
41.3111
41.7366
42.1529
42.5589
42.9538
43.3369
43.7074
44.0651
44.4093
44.7398
45.0562
45.3585
45.6466
45.9207
46.1806
46.4267
46.6591
46.8781
47.0839
47.2771
47.4579
47.6269
47.7843
47.9309
48.067
48.193
48.3095
48.417
48.5158
48.6066
48.6897
48.7657
48.835
48.8979
48.955
49.0064
49.0527
49.094
49.1306
49.1628
49.1907
49.2146
49.2345
49.2507
49.263
49.2706
49.2733
46.1498
46.1466
46.1387
46.1263
46.11
46.0899
46.0663
46.0389
46.0077
45.9723
45.9325
45.8879
45.8383
45.7831
45.7221
45.6547
45.5805
45.4991
45.4099
45.3124
45.2062
45.0907
44.9654
44.8297
44.6831
44.5249
44.3548
44.1722
43.9766
43.7675
43.5446
43.3074
43.0557
42.7891
42.5074
42.2104
41.8982
41.5707
41.2281
40.8706
40.4984
40.1119
39.7118
39.2986
38.8731
38.4362
37.989
37.5325
37.068
36.5968
36.1205
35.6406
35.1588
34.6769
34.1967
33.7202
33.2494
32.7862
32.3328
31.8912
31.4636
31.0519
30.6583
30.2846
29.9329
29.605
29.3025
29.0273
28.7807
28.564
28.3786
28.2255
28.1054
28.0192
27.9673
27.9499
27.9673
28.0192
28.1054
28.2255
28.3786
28.564
28.7807
29.0273
29.3025
29.605
29.9329
30.2846
30.6583
31.0519
31.4636
31.8912
32.3328
32.7862
33.2494
33.7202
34.1967
34.6769
35.1588
35.6406
36.1205
36.5968
37.068
37.5325
37.989
38.4362
38.8731
39.2986
39.7118
40.1119
40.4984
40.8706
41.2281
41.5707
41.8982
42.2104
42.5074
42.7891
43.0557
43.3074
43.5446
43.7675
43.9766
44.1722
44.3548
44.5249
44.6831
44.8297
44.9654
45.0907
45.2062
45.3124
45.4099
45.4991
45.5805
45.6547
45.7221
45.7831
45.8383
45.8879
45.9325
45.9723
46.0077
46.0389
46.0663
46.0899
46.11
46.1263
46.1387
46.1466
46.1498
43.0346
43.0293
43.019
43.0054
42.9887
42.9689
42.946
42.9197
42.8898
42.856
42.8179
42.7753
42.7277
42.6747
42.6159
42.5508
42.4789
42.3998
42.3127
42.2173
42.1129
41.999
41.8748
41.7399
41.5936
41.4354
41.2647
41.0808
40.8832
40.6714
40.4449
40.2033
39.946
39.673
39.3837
39.0781
38.756
38.4175
38.0624
37.6912
37.3039
36.9011
36.4832
36.051
35.6052
35.1467
34.6765
34.196
33.7063
33.2089
32.7055
32.1976
31.6871
31.176
30.6661
30.1597
29.6588
29.1656
28.6824
28.2114
27.755
27.3153
26.8946
26.495
26.1187
25.7677
25.4438
25.1489
24.8845
24.6523
24.4534
24.2892
24.1604
24.0679
24.0121
23.9935
24.0121
24.0679
24.1604
24.2892
24.4534
24.6523
24.8845
25.1489
25.4438
25.7677
26.1187
26.495
26.8946
27.3153
27.755
28.2114
28.6824
29.1656
29.6588
30.1597
30.6661
31.176
31.6871
32.1976
32.7055
33.2089
33.7063
34.196
34.6765
35.1467
35.6052
36.051
36.4832
36.9011
37.3039
37.6912
38.0624
38.4175
38.756
39.0781
39.3837
39.673
39.946
40.2033
40.4449
40.6714
40.8832
41.0808
41.2647
41.4354
41.5936
41.7399
41.8748
41.999
42.1129
42.2173
42.3127
42.3998
42.4789
42.5508
42.6159
42.6747
42.7277
42.7753
42.8179
42.856
42.8898
42.9197
42.946
42.9689
42.9887
43.0054
43.019
43.0293
43.0346
39.9279
39.9163
39.903
39.8879
39.8707
39.8511
39.8289
39.8037
39.7754
39.7434
39.7075
39.6672
39.6222
39.5718
39.5158
39.4535
39.3845
39.3081
39.2237
39.1309
39.0288
38.917
38.7947
38.6613
38.516
38.3583
38.1875
38.0028
37.8038
37.5897
37.3601
37.1144
36.8521
36.5728
36.2762
35.9621
35.6301
35.2804
34.9128
34.5275
34.1248
33.7051
33.2689
32.8169
32.3498
31.8686
31.3744
30.8685
30.3522
29.827
29.2948
28.7572
28.2161
27.6737
27.1321
26.5936
26.0604
25.535
25.0198
24.5172
24.0297
23.5598
23.1098
22.6822
22.2793
21.9033
21.5561
21.2399
20.9564
20.7072
20.4938
20.3175
20.1792
20.0798
20.02
20
20.02
20.0798
20.1792
20.3175
20.4938
20.7072
20.9564
21.2399
21.5561
21.9033
22.2793
22.6822
23.1098
23.5598
24.0297
24.5172
25.0198
25.535
26.0604
26.5936
27.1321
27.6737
28.2161
28.7572
29.2948
29.827
30.3522
30.8685
31.3744
31.8686
32.3498
32.8169
33.2689
33.7051
34.1248
34.5275
34.9128
35.2804
35.6301
35.9621
36.2762
36.5728
36.8521
37.1144
37.3601
37.5897
37.8038
38.0028
38.1875
38.3583
38.516
38.6613
38.7947
38.917
39.0288
39.1309
39.2237
39.3081
39.3845
39.4535
39.5158
39.5718
39.6222
39.6672
39.7075
39.7434
39.7754
39.8037
39.8289
39.8511
39.8707
39.8879
39.903
39.9163
39.9279
