120
120
120
120
120
120
120
120
120
120
120
120
120
120
120
120
120
120
120
120
120
120
120
120
120
120
120
120
120
120
120
120
120
120
120
120
120
120
120
120
120
120
120
120
120
120
120
120
120
120
120
120
120
120
120
120
120
120
120
120
120
120
120
120
120
120
120
120
120
120
120
120
120
120
120
120
120
120
120
120
120
120
120
120
120
120
120
120
120
120
120
120
120
120
120
120
120
120
120
120
120
120
120
120
120
120
120
120
120
120
120
120
120
120
120
120
120
120
120
120
120
120
120
120
120
120
120
120
120
120
120
120
120
120
120
120
120
120
120
120
120
120
120
120
120
120
120
120
120
120
120
120
120
120
120
120
120
120
120
120
120
120
120
120
120
120
120
120
120
120
120
120
120
120
120
120
120
120
120
120
120
120
120
120
120
120
120
120
120
120
120
120
120
120
120
120
120
120
120
120
120
118.855
118.855
118.855
118.855
118.854
118.854
118.853
118.852
118.851
118.85
118.849
118.848
118.846
118.845
118.843
118.841
118.839
118.837
118.835
118.833
118.831
118.828
118.826
118.823
118.82
118.818
118.815
118.812
118.809
118.806
118.802
118.799
118.796
118.792
118.789
118.785
118.782
118.778
118.774
118.771
118.767
118.763
118.759
118.755
118.751
118.747
118.743
118.739
118.735
118.731
118.727
118.723
118.719
118.715
118.711
118.707
118.703
118.699
118.695
118.691
118.687
118.683
118.679
118.676
118.672
118.668
118.665
118.661
118.658
118.654
118.651
118.647
118.644
118.641
118.638
118.635
118.632
118.63
118.627
118.624
118.622
118.619
118.617
118.615
118.613
118.611
118.609
118.607
118.606
118.604
118.603
118.602
118.601
118.6
118.599
118.598
118.597
118.597
118.597
118.596
118.596
118.596
118.597
118.597
118.597
118.598
118.599
118.6
118.601
118.602
118.603
118.604
118.606
118.607
118.609
118.611
118.613
118.615
118.617
118.619
118.622
118.624
118.627
118.63
118.632
118.635
118.638
118.641
118.644
118.647
118.651
118.654
118.658
118.661
118.665
118.668
118.672
118.676
118.679
118.683
118.687
118.691
118.695
118.699
118.703
118.707
118.711
118.715
118.719
118.723
118.727
118.731
118.735
118.739
118.743
118.747
118.751
118.755
118.759
118.763
118.767
118.771
118.774
118.778
118.782
118.785
118.789
118.792
118.796
118.799
118.802
118.806
118.809
118.812
118.815
118.818
118.82
118.823
118.826
118.828
118.831
118.833
118.835
118.837
118.839
118.841
118.843
118.845
118.846
118.848
118.849
118.85
118.851
118.852
118.853
118.854
118.854
118.855
118.855
118.855
118.855
117.71
117.71
117.71
117.709
117.708
117.707
117.706
117.704
117.702
117.7
117.698
117.695
117.692
117.689
117.686
117.683
117.679
117.675
117.671
117.666
117.662
117.657
117.652
117.646
117.641
117.635
117.63
117.624
117.617
117.611
117.605
117.598
117.591
117.585
117.578
117.571
117.563
117.556
117.549
117.541
117.533
117.526
117.518
117.51
117.502
117.494
117.486
117.478
117.47
117.462
117.454
117.446
117.438
117.43
117.422
117.414
117.406
117.398
117.39
117.382
117.374
117.367
117.359
117.352
117.344
117.337
117.33
117.322
117.315
117.308
117.302
117.295
117.289
117.282
117.276
117.271
117.265
117.259
117.254
117.249
117.244
117.239
117.234
117.23
117.226
117.222
117.218
117.215
117.212
117.209
117.206
117.204
117.201
117.199
117.198
117.196
117.195
117.194
117.193
117.193
117.193
117.193
117.193
117.194
117.195
117.196
117.198
117.199
117.201
117.204
117.206
117.209
117.212
117.215
117.218
117.222
117.226
117.23
117.234
117.239
117.244
117.249
117.254
117.259
117.265
117.271
117.276
117.282
117.289
117.295
117.302
117.308
117.315
117.322
117.33
117.337
117.344
117.352
117.359
117.367
117.374
117.382
117.39
117.398
117.406
117.414
117.422
117.43
117.438
117.446
117.454
117.462
117.47
117.478
117.486
117.494
117.502
117.51
117.518
117.526
117.533
117.541
117.549
117.556
117.563
117.571
117.578
117.585
117.591
117.598
117.605
117.611
117.617
117.624
117.63
117.635
117.641
117.646
117.652
117.657
117.662
117.666
117.671
117.675
117.679
117.683
117.686
117.689
117.692
117.695
117.698
117.7
117.702
117.704
117.706
117.707
117.708
117.709
117.71
117.71
117.71
116.566
116.566
116.566
116.565
116.563
116.562
116.559
116.557
116.554
116.551
116.547
116.543
116.539
116.535
116.53
116.524
116.518
116.513
116.506
116.5
116.493
116.485
116.478
116.47
116.462
116.453
116.445
116.436
116.427
116.417
116.407
116.398
116.387
116.377
116.367
116.356
116.345
116.334
116.323
116.312
116.3
116.289
116.277
116.265
116.254
116.242
116.23
116.218
116.206
116.194
116.181
116.169
116.157
116.145
116.133
116.121
116.109
116.097
116.085
116.073
116.061
116.05
116.039
116.027
116.016
116.005
115.994
115.983
115.973
115.963
115.952
115.942
115.933
115.923
115.914
115.905
115.897
115.888
115.88
115.872
115.865
115.858
115.851
115.844
115.838
115.832
115.827
115.822
115.817
115.813
115.808
115.805
115.801
115.798
115.796
115.794
115.792
115.791
115.79
115.789
115.789
115.789
115.79
115.791
115.792
115.794
115.796
115.798
115.801
115.805
115.808
115.813
115.817
115.822
115.827
115.832
115.838
115.844
115.851
115.858
115.865
115.872
115.88
115.888
115.897
115.905
115.914
115.923
115.933
115.942
115.952
115.963
115.973
115.983
115.994
116.005
116.016
116.027
116.039
116.05
116.061
116.073
116.085
116.097
116.109
116.121
116.133
116.145
116.157
116.169
116.181
116.194
116.206
116.218
116.23
116.242
116.254
116.265
116.277
116.289
116.3
116.312
116.323
116.334
116.345
116.356
116.367
116.377
116.387
116.398
116.407
116.417
116.427
116.436
116.445
116.453
116.462
116.47
116.478
116.485
116.493
116.5
116.506
116.513
116.518
116.524
116.53
116.535
116.539
116.543
116.547
116.551
116.554
116.557
116.559
116.562
116.563
116.565
116.566
116.566
116.566
115.423
115.422
115.422
115.42
115.418
115.416
115.413
115.41
115.406
115.402
115.397
115.392
115.386
115.38
115.373
115.366
115.359
115.351
115.342
115.333
115.324
115.314
115.304
115.294
115.283
115.272
115.26
115.248
115.236
115.223
115.21
115.197
115.184
115.17
115.156
115.142
115.127
115.113
115.098
115.083
115.067
115.052
115.037
115.021
115.005
114.989
114.973
114.957
114.941
114.925
114.909
114.892
114.876
114.86
114.844
114.828
114.812
114.796
114.78
114.764
114.749
114.733
114.718
114.703
114.688
114.673
114.658
114.644
114.63
114.616
114.603
114.59
114.577
114.564
114.552
114.54
114.529
114.517
114.507
114.496
114.486
114.477
114.467
114.459
114.45
114.443
114.435
114.428
114.422
114.416
114.411
114.406
114.401
114.397
114.394
114.391
114.389
114.387
114.385
114.385
114.384
114.385
114.385
114.387
114.389
114.391
114.394
114.397
114.401
114.406
114.411
114.416
114.422
114.428
114.435
114.443
114.45
114.459
114.467
114.477
114.486
114.496
114.507
114.517
114.529
114.54
114.552
114.564
114.577
114.59
114.603
114.616
114.63
114.644
114.658
114.673
114.688
114.703
114.718
114.733
114.749
114.764
114.78
114.796
114.812
114.828
114.844
114.86
114.876
114.892
114.909
114.925
114.941
114.957
114.973
114.989
115.005
115.021
115.037
115.052
115.067
115.083
115.098
115.113
115.127
115.142
115.156
115.17
115.184
115.197
115.21
115.223
115.236
115.248
115.26
115.272
115.283
115.294
115.304
115.314
115.324
115.333
115.342
115.351
115.359
115.366
115.373
115.38
115.386
115.392
115.397
115.402
115.406
115.41
115.413
115.416
115.418
115.42
115.422
115.422
115.423
114.279
114.279
114.278
114.276
114.274
114.271
114.267
114.263
114.259
114.253
114.247
114.241
114.234
114.226
114.218
114.209
114.199
114.189
114.179
114.167
114.156
114.144
114.131
114.118
114.104
114.09
114.076
114.061
114.045
114.03
114.014
113.997
113.98
113.963
113.946
113.928
113.91
113.891
113.873
113.854
113.835
113.815
113.796
113.776
113.757
113.737
113.717
113.697
113.676
113.656
113.636
113.616
113.595
113.575
113.555
113.535
113.515
113.495
113.475
113.455
113.436
113.416
113.397
113.378
113.359
113.341
113.323
113.305
113.287
113.27
113.253
113.237
113.221
113.205
113.189
113.175
113.16
113.146
113.133
113.12
113.107
113.095
113.084
113.073
113.063
113.053
113.044
113.035
113.027
113.02
113.013
113.007
113.001
112.996
112.992
112.988
112.985
112.983
112.981
112.98
112.98
112.98
112.981
112.983
112.985
112.988
112.992
112.996
113.001
113.007
113.013
113.02
113.027
113.035
113.044
113.053
113.063
113.073
113.084
113.095
113.107
113.12
113.133
113.146
113.16
113.175
113.189
113.205
113.221
113.237
113.253
113.27
113.287
113.305
113.323
113.341
113.359
113.378
113.397
113.416
113.436
113.455
113.475
113.495
113.515
113.535
113.555
113.575
113.595
113.616
113.636
113.656
113.676
113.697
113.717
113.737
113.757
113.776
113.796
113.815
113.835
113.854
113.873
113.891
113.91
113.928
113.946
113.963
113.98
113.997
114.014
114.03
114.045
114.061
114.076
114.09
114.104
114.118
114.131
114.144
114.156
114.167
114.179
114.189
114.199
114.209
114.218
114.226
114.234
114.241
114.247
114.253
114.259
114.263
114.267
114.271
114.274
114.276
114.278
114.279
114.279
113.136
113.136
113.135
113.133
113.13
113.127
113.123
113.118
113.112
113.106
113.098
113.091
113.082
113.073
113.063
113.052
113.04
113.028
113.016
113.002
112.988
112.974
112.958
112.943
112.926
112.909
112.892
112.874
112.856
112.837
112.817
112.798
112.777
112.757
112.736
112.714
112.692
112.67
112.648
112.625
112.602
112.579
112.556
112.532
112.508
112.484
112.46
112.436
112.412
112.388
112.363
112.339
112.314
112.29
112.266
112.242
112.217
112.193
112.17
112.146
112.122
112.099
112.076
112.053
112.031
112.009
111.987
111.965
111.944
111.924
111.903
111.883
111.864
111.845
111.827
111.809
111.791
111.775
111.758
111.743
111.728
111.713
111.699
111.686
111.674
111.662
111.651
111.641
111.631
111.622
111.614
111.607
111.6
111.594
111.589
111.584
111.581
111.578
111.576
111.575
111.574
111.575
111.576
111.578
111.581
111.584
111.589
111.594
111.6
111.607
111.614
111.622
111.631
111.641
111.651
111.662
111.674
111.686
111.699
111.713
111.728
111.743
111.758
111.775
111.791
111.809
111.827
111.845
111.864
111.883
111.903
111.924
111.944
111.965
111.987
112.009
112.031
112.053
112.076
112.099
112.122
112.146
112.17
112.193
112.217
112.242
112.266
112.29
112.314
112.339
112.363
112.388
112.412
112.436
112.46
112.484
112.508
112.532
112.556
112.579
112.602
112.625
112.648
112.67
112.692
112.714
112.736
112.757
112.777
112.798
112.817
112.837
112.856
112.874
112.892
112.909
112.926
112.943
112.958
112.974
112.988
113.002
113.016
113.028
113.04
113.052
113.063
113.073
113.082
113.091
113.098
113.106
113.112
113.118
113.123
113.127
113.13
113.133
113.135
113.136
113.136
111.995
111.994
111.993
111.991
111.988
111.984
111.979
111.973
111.966
111.959
111.95
111.941
111.931
111.92
111.908
111.896
111.882
111.868
111.853
111.838
111.821
111.804
111.787
111.768
111.749
111.729
111.709
111.688
111.666
111.644
111.622
111.598
111.575
111.551
111.526
111.501
111.476
111.45
111.424
111.397
111.37
111.343
111.316
111.288
111.26
111.232
111.204
111.176
111.148
111.119
111.091
111.062
111.034
111.005
110.977
110.948
110.92
110.892
110.864
110.837
110.809
110.782
110.755
110.728
110.702
110.676
110.651
110.625
110.601
110.577
110.553
110.53
110.507
110.485
110.463
110.442
110.422
110.402
110.383
110.365
110.348
110.331
110.315
110.299
110.285
110.271
110.258
110.246
110.235
110.224
110.215
110.206
110.198
110.191
110.185
110.18
110.176
110.173
110.17
110.169
110.168
110.169
110.17
110.173
110.176
110.18
110.185
110.191
110.198
110.206
110.215
110.224
110.235
110.246
110.258
110.271
110.285
110.299
110.315
110.331
110.348
110.365
110.383
110.402
110.422
110.442
110.463
110.485
110.507
110.53
110.553
110.577
110.601
110.625
110.651
110.676
110.702
110.728
110.755
110.782
110.809
110.837
110.864
110.892
110.92
110.948
110.977
111.005
111.034
111.062
111.091
111.119
111.148
111.176
111.204
111.232
111.26
111.288
111.316
111.343
111.37
111.397
111.424
111.45
111.476
111.501
111.526
111.551
111.575
111.598
111.622
111.644
111.666
111.688
111.709
111.729
111.749
111.768
111.787
111.804
111.821
111.838
111.853
111.868
111.882
111.896
111.908
111.92
111.931
111.941
111.95
111.959
111.966
111.973
111.979
111.984
111.988
111.991
111.993
111.994
111.995
110.854
110.853
110.852
110.849
110.846
110.841
110.835
110.829
110.821
110.812
110.803
110.792
110.781
110.768
110.755
110.74
110.725
110.709
110.692
110.674
110.655
110.636
110.615
110.594
110.572
110.55
110.526
110.502
110.478
110.452
110.426
110.4
110.373
110.345
110.317
110.288
110.259
110.23
110.2
110.169
110.139
110.107
110.076
110.044
110.013
109.981
109.948
109.916
109.883
109.851
109.818
109.786
109.753
109.72
109.688
109.655
109.623
109.591
109.559
109.527
109.496
109.465
109.434
109.403
109.373
109.343
109.314
109.285
109.257
109.229
109.202
109.176
109.15
109.124
109.099
109.076
109.052
109.03
109.008
108.987
108.967
108.948
108.929
108.912
108.895
108.879
108.865
108.851
108.838
108.826
108.815
108.805
108.796
108.788
108.781
108.775
108.77
108.767
108.764
108.762
108.762
108.762
108.764
108.767
108.77
108.775
108.781
108.788
108.796
108.805
108.815
108.826
108.838
108.851
108.865
108.879
108.895
108.912
108.929
108.948
108.967
108.987
109.008
109.03
109.052
109.076
109.099
109.124
109.15
109.176
109.202
109.229
109.257
109.285
109.314
109.343
109.373
109.403
109.434
109.465
109.496
109.527
109.559
109.591
109.623
109.655
109.688
109.72
109.753
109.786
109.818
109.851
109.883
109.916
109.948
109.981
110.013
110.044
110.076
110.107
110.139
110.169
110.2
110.23
110.259
110.288
110.317
110.345
110.373
110.4
110.426
110.452
110.478
110.502
110.526
110.55
110.572
110.594
110.615
110.636
110.655
110.674
110.692
110.709
110.725
110.74
110.755
110.768
110.781
110.792
110.803
110.812
110.821
110.829
110.835
110.841
110.846
110.849
110.852
110.853
110.854
109.714
109.714
109.712
109.709
109.705
109.7
109.693
109.686
109.677
109.668
109.657
109.645
109.632
109.618
109.602
109.586
109.569
109.551
109.532
109.511
109.49
109.468
109.445
109.421
109.397
109.371
109.345
109.318
109.29
109.261
109.232
109.202
109.172
109.14
109.109
109.076
109.043
109.01
108.976
108.942
108.907
108.872
108.837
108.801
108.765
108.729
108.693
108.656
108.619
108.583
108.546
108.509
108.472
108.435
108.399
108.362
108.326
108.289
108.253
108.218
108.182
108.147
108.112
108.078
108.044
108.01
107.977
107.945
107.913
107.881
107.851
107.821
107.791
107.763
107.735
107.708
107.682
107.656
107.632
107.608
107.585
107.564
107.543
107.523
107.504
107.487
107.47
107.454
107.44
107.426
107.414
107.402
107.392
107.383
107.375
107.369
107.363
107.359
107.356
107.354
107.354
107.354
107.356
107.359
107.363
107.369
107.375
107.383
107.392
107.402
107.414
107.426
107.44
107.454
107.47
107.487
107.504
107.523
107.543
107.564
107.585
107.608
107.632
107.656
107.682
107.708
107.735
107.763
107.791
107.821
107.851
107.881
107.913
107.945
107.977
108.01
108.044
108.078
108.112
108.147
108.182
108.218
108.253
108.289
108.326
108.362
108.399
108.435
108.472
108.509
108.546
108.583
108.619
108.656
108.693
108.729
108.765
108.801
108.837
108.872
108.907
108.942
108.976
109.01
109.043
109.076
109.109
109.14
109.172
109.202
109.232
109.261
109.29
109.318
109.345
109.371
109.397
109.421
109.445
109.468
109.49
109.511
109.532
109.551
109.569
109.586
109.602
109.618
109.632
109.645
109.657
109.668
109.677
109.686
109.693
109.7
109.705
109.709
109.712
109.714
109.714
108.576
108.575
108.573
108.57
108.566
108.56
108.553
108.544
108.535
108.524
108.512
108.498
108.484
108.468
108.451
108.433
108.414
108.394
108.372
108.35
108.326
108.302
108.276
108.25
108.222
108.194
108.164
108.134
108.103
108.071
108.039
108.005
107.971
107.936
107.901
107.865
107.828
107.791
107.753
107.715
107.676
107.637
107.598
107.558
107.518
107.478
107.437
107.397
107.356
107.315
107.274
107.233
107.192
107.151
107.11
107.069
107.028
106.988
106.948
106.908
106.868
106.829
106.79
106.752
106.714
106.677
106.64
106.604
106.568
106.533
106.499
106.465
106.433
106.401
106.37
106.34
106.311
106.282
106.255
106.229
106.203
106.179
106.156
106.134
106.113
106.093
106.074
106.057
106.04
106.025
106.012
105.999
105.988
105.978
105.969
105.962
105.956
105.951
105.948
105.945
105.945
105.945
105.948
105.951
105.956
105.962
105.969
105.978
105.988
105.999
106.012
106.025
106.04
106.057
106.074
106.093
106.113
106.134
106.156
106.179
106.203
106.229
106.255
106.282
106.311
106.34
106.37
106.401
106.433
106.465
106.499
106.533
106.568
106.604
106.64
106.677
106.714
106.752
106.79
106.829
106.868
106.908
106.948
106.988
107.028
107.069
107.11
107.151
107.192
107.233
107.274
107.315
107.356
107.397
107.437
107.478
107.518
107.558
107.598
107.637
107.676
107.715
107.753
107.791
107.828
107.865
107.901
107.936
107.971
108.005
108.039
108.071
108.103
108.134
108.164
108.194
108.222
108.25
108.276
108.302
108.326
108.35
108.372
108.394
108.414
108.433
108.451
108.468
108.484
108.498
108.512
108.524
108.535
108.544
108.553
108.56
108.566
108.57
108.573
108.575
108.576
107.439
107.438
107.436
107.432
107.427
107.421
107.413
107.404
107.393
107.381
107.368
107.353
107.337
107.32
107.301
107.281
107.26
107.238
107.214
107.189
107.163
107.136
107.108
107.079
107.048
107.017
106.985
106.951
106.917
106.882
106.846
106.809
106.771
106.733
106.694
106.654
106.614
106.573
106.531
106.489
106.446
106.403
106.36
106.316
106.271
106.227
106.182
106.137
106.092
106.047
106.002
105.956
105.911
105.866
105.821
105.776
105.731
105.686
105.642
105.598
105.554
105.511
105.468
105.426
105.384
105.343
105.302
105.262
105.223
105.184
105.146
105.11
105.074
105.038
105.004
104.971
104.939
104.907
104.877
104.848
104.82
104.793
104.768
104.743
104.72
104.698
104.678
104.658
104.64
104.624
104.609
104.595
104.582
104.571
104.562
104.554
104.547
104.542
104.538
104.536
104.535
104.536
104.538
104.542
104.547
104.554
104.562
104.571
104.582
104.595
104.609
104.624
104.64
104.658
104.678
104.698
104.72
104.743
104.768
104.793
104.82
104.848
104.877
104.907
104.939
104.971
105.004
105.038
105.074
105.11
105.146
105.184
105.223
105.262
105.302
105.343
105.384
105.426
105.468
105.511
105.554
105.598
105.642
105.686
105.731
105.776
105.821
105.866
105.911
105.956
106.002
106.047
106.092
106.137
106.182
106.227
106.271
106.316
106.36
106.403
106.446
106.489
106.531
106.573
106.614
106.654
106.694
106.733
106.771
106.809
106.846
106.882
106.917
106.951
106.985
107.017
107.048
107.079
107.108
107.136
107.163
107.189
107.214
107.238
107.26
107.281
107.301
107.32
107.337
107.353
107.368
107.381
107.393
107.404
107.413
107.421
107.427
107.432
107.436
107.438
107.439
106.303
106.302
106.3
106.296
106.291
106.284
106.275
106.265
106.254
106.24
106.226
106.21
106.192
106.173
106.153
106.131
106.108
106.083
106.057
106.03
106.002
105.972
105.941
105.909
105.876
105.841
105.806
105.769
105.732
105.694
105.654
105.614
105.573
105.53
105.488
105.444
105.4
105.355
105.309
105.263
105.216
105.169
105.122
105.074
105.025
104.976
104.927
104.878
104.829
104.779
104.73
104.68
104.63
104.581
104.531
104.482
104.433
104.384
104.336
104.288
104.24
104.192
104.145
104.099
104.053
104.008
103.964
103.92
103.877
103.835
103.793
103.753
103.713
103.675
103.637
103.601
103.565
103.531
103.498
103.466
103.436
103.406
103.378
103.352
103.326
103.302
103.28
103.259
103.239
103.221
103.204
103.189
103.175
103.163
103.153
103.144
103.136
103.131
103.127
103.124
103.123
103.124
103.127
103.131
103.136
103.144
103.153
103.163
103.175
103.189
103.204
103.221
103.239
103.259
103.28
103.302
103.326
103.352
103.378
103.406
103.436
103.466
103.498
103.531
103.565
103.601
103.637
103.675
103.713
103.753
103.793
103.835
103.877
103.92
103.964
104.008
104.053
104.099
104.145
104.192
104.24
104.288
104.336
104.384
104.433
104.482
104.531
104.581
104.63
104.68
104.73
104.779
104.829
104.878
104.927
104.976
105.025
105.074
105.122
105.169
105.216
105.263
105.309
105.355
105.4
105.444
105.488
105.53
105.573
105.614
105.654
105.694
105.732
105.769
105.806
105.841
105.876
105.909
105.941
105.972
106.002
106.03
106.057
106.083
106.108
106.131
106.153
106.173
106.192
106.21
106.226
106.24
106.254
106.265
106.275
106.284
106.291
106.296
106.3
106.302
106.303
105.17
105.169
105.166
105.162
105.156
105.148
105.139
105.128
105.115
105.101
105.085
105.068
105.049
105.028
105.006
104.982
104.957
104.93
104.902
104.872
104.841
104.809
104.776
104.741
104.705
104.667
104.629
104.589
104.548
104.506
104.463
104.419
104.375
104.329
104.282
104.235
104.187
104.138
104.088
104.038
103.987
103.936
103.884
103.832
103.779
103.726
103.673
103.619
103.566
103.512
103.458
103.404
103.35
103.296
103.242
103.189
103.135
103.082
103.029
102.977
102.925
102.873
102.822
102.772
102.722
102.673
102.624
102.577
102.53
102.484
102.439
102.395
102.352
102.31
102.269
102.23
102.191
102.154
102.118
102.083
102.05
102.018
101.988
101.959
101.931
101.905
101.88
101.857
101.836
101.816
101.798
101.781
101.767
101.754
101.742
101.732
101.724
101.718
101.714
101.711
101.71
101.711
101.714
101.718
101.724
101.732
101.742
101.754
101.767
101.781
101.798
101.816
101.836
101.857
101.88
101.905
101.931
101.959
101.988
102.018
102.05
102.083
102.118
102.154
102.191
102.23
102.269
102.31
102.352
102.395
102.439
102.484
102.53
102.577
102.624
102.673
102.722
102.772
102.822
102.873
102.925
102.977
103.029
103.082
103.135
103.189
103.242
103.296
103.35
103.404
103.458
103.512
103.566
103.619
103.673
103.726
103.779
103.832
103.884
103.936
103.987
104.038
104.088
104.138
104.187
104.235
104.282
104.329
104.375
104.419
104.463
104.506
104.548
104.589
104.629
104.667
104.705
104.741
104.776
104.809
104.841
104.872
104.902
104.93
104.957
104.982
105.006
105.028
105.049
105.068
105.085
105.101
105.115
105.128
105.139
105.148
105.156
105.162
105.166
105.169
105.17
104.037
104.036
104.033
104.029
104.022
104.014
104.004
103.992
103.978
103.963
103.946
103.927
103.906
103.884
103.86
103.834
103.807
103.778
103.748
103.716
103.682
103.647
103.611
103.573
103.534
103.494
103.452
103.409
103.365
103.32
103.273
103.226
103.177
103.128
103.077
103.026
102.974
102.921
102.868
102.813
102.758
102.703
102.647
102.59
102.533
102.476
102.419
102.361
102.303
102.244
102.186
102.128
102.069
102.011
101.953
101.895
101.837
101.78
101.722
101.666
101.609
101.554
101.498
101.444
101.39
101.337
101.285
101.233
101.182
101.133
101.084
101.036
100.99
100.945
100.9
100.858
100.816
100.776
100.737
100.699
100.663
100.629
100.596
100.564
100.534
100.506
100.48
100.455
100.432
100.41
100.39
100.373
100.357
100.342
100.33
100.32
100.311
100.304
100.299
100.297
100.296
100.297
100.299
100.304
100.311
100.32
100.33
100.342
100.357
100.373
100.39
100.41
100.432
100.455
100.48
100.506
100.534
100.564
100.596
100.629
100.663
100.699
100.737
100.776
100.816
100.858
100.9
100.945
100.99
101.036
101.084
101.133
101.182
101.233
101.285
101.337
101.39
101.444
101.498
101.554
101.609
101.666
101.722
101.78
101.837
101.895
101.953
102.011
102.069
102.128
102.186
102.244
102.303
102.361
102.419
102.476
102.533
102.59
102.647
102.703
102.758
102.813
102.868
102.921
102.974
103.026
103.077
103.128
103.177
103.226
103.273
103.32
103.365
103.409
103.452
103.494
103.534
103.573
103.611
103.647
103.682
103.716
103.748
103.778
103.807
103.834
103.86
103.884
103.906
103.927
103.946
103.963
103.978
103.992
104.004
104.014
104.022
104.029
104.033
104.036
104.037
102.906
102.905
102.902
102.897
102.891
102.882
102.871
102.858
102.843
102.827
102.808
102.788
102.766
102.742
102.716
102.688
102.659
102.628
102.595
102.561
102.525
102.487
102.448
102.407
102.365
102.322
102.277
102.231
102.183
102.134
102.084
102.033
101.981
101.928
101.874
101.818
101.762
101.705
101.648
101.589
101.53
101.47
101.41
101.349
101.288
101.226
101.164
101.102
101.04
100.977
100.914
100.851
100.788
100.726
100.663
100.601
100.538
100.477
100.415
100.354
100.293
100.233
100.174
100.115
100.057
100
99.9437
99.8881
99.8338
99.7803
99.7278
99.6768
99.6266
99.5775
99.5303
99.484
99.4392
99.3958
99.3539
99.3136
99.2747
99.2375
99.2019
99.1681
99.1358
99.1054
99.0767
99.05
99.025
99.0019
98.9808
98.9615
98.9443
98.9291
98.9157
98.9045
98.8952
98.888
98.8828
98.8797
98.8787
98.8797
98.8828
98.888
98.8952
98.9045
98.9157
98.9291
98.9443
98.9615
98.9808
99.0019
99.025
99.05
99.0767
99.1054
99.1358
99.1681
99.2019
99.2375
99.2747
99.3136
99.3539
99.3958
99.4392
99.484
99.5303
99.5775
99.6266
99.6768
99.7278
99.7803
99.8338
99.8881
99.9437
100
100.057
100.115
100.174
100.233
100.293
100.354
100.415
100.477
100.538
100.601
100.663
100.726
100.788
100.851
100.914
100.977
101.04
101.102
101.164
101.226
101.288
101.349
101.41
101.47
101.53
101.589
101.648
101.705
101.762
101.818
101.874
101.928
101.981
102.033
102.084
102.134
102.183
102.231
102.277
102.322
102.365
102.407
102.448
102.487
102.525
102.561
102.595
102.628
102.659
102.688
102.716
102.742
102.766
102.788
102.808
102.827
102.843
102.858
102.871
102.882
102.891
102.897
102.902
102.905
102.906
101.778
101.777
101.774
101.768
101.761
101.751
101.74
101.726
101.71
101.692
101.673
101.651
101.627
101.601
101.573
101.544
101.512
101.479
101.444
101.407
101.368
101.328
101.286
101.243
101.197
101.151
101.103
101.053
101.002
100.95
100.896
100.842
100.786
100.729
100.67
100.611
100.551
100.49
100.428
100.366
100.302
100.238
100.174
100.109
100.043
99.9768
99.9103
99.8435
99.7766
99.7093
99.642
99.5747
99.5072
99.44
99.3729
99.3059
99.2394
99.1729
99.107
99.0416
98.9766
98.9123
98.8487
98.7855
98.7234
98.6621
98.6016
98.5423
98.4839
98.4263
98.3703
98.3154
98.2615
98.2094
98.1582
98.1086
98.0607
98.0141
97.9692
97.9257
97.8842
97.8442
97.806
97.7696
97.7351
97.7025
97.6718
97.643
97.6163
97.5915
97.5688
97.5482
97.5297
97.5132
97.4991
97.4869
97.4771
97.4693
97.4638
97.4605
97.4594
97.4605
97.4638
97.4693
97.4771
97.4869
97.4991
97.5132
97.5297
97.5482
97.5688
97.5915
97.6163
97.643
97.6718
97.7025
97.7351
97.7696
97.806
97.8442
97.8842
97.9257
97.9692
98.0141
98.0607
98.1086
98.1582
98.2094
98.2615
98.3154
98.3703
98.4263
98.4839
98.5423
98.6016
98.6621
98.7234
98.7855
98.8487
98.9123
98.9766
99.0416
99.107
99.1729
99.2394
99.3059
99.3729
99.44
99.5072
99.5747
99.642
99.7093
99.7766
99.8435
99.9103
99.9768
100.043
100.109
100.174
100.238
100.302
100.366
100.428
100.49
100.551
100.611
100.67
100.729
100.786
100.842
100.896
100.95
101.002
101.053
101.103
101.151
101.197
101.243
101.286
101.328
101.368
101.407
101.444
101.479
101.512
101.544
101.573
101.601
101.627
101.651
101.673
101.692
101.71
101.726
101.74
101.751
101.761
101.768
101.774
101.777
101.778
100.651
100.65
100.646
100.641
100.633
100.623
100.61
100.595
100.579
100.56
100.538
100.515
100.49
100.462
100.432
100.401
100.367
100.332
100.294
100.255
100.213
100.17
100.125
100.079
100.031
99.9809
99.9295
99.8766
99.8222
99.7664
99.7092
99.6508
99.591
99.5301
99.468
99.4049
99.3408
99.2756
99.2096
99.1427
99.0751
99.0067
98.9376
98.868
98.7979
98.7274
98.6563
98.585
98.5134
98.4416
98.3698
98.2979
98.2259
98.1541
98.0823
98.0109
97.9397
97.8688
97.7985
97.7285
97.6591
97.5904
97.5223
97.4551
97.3888
97.3231
97.2586
97.1951
97.1326
97.0715
97.0116
96.9525
96.8954
96.8393
96.7849
96.732
96.6805
96.6309
96.5828
96.5366
96.4919
96.4493
96.4085
96.3697
96.3327
96.2978
96.265
96.2343
96.2056
96.1793
96.155
96.1329
96.1132
96.0957
96.0804
96.0676
96.0569
96.0487
96.0428
96.0393
96.0381
96.0393
96.0428
96.0487
96.0569
96.0676
96.0804
96.0957
96.1132
96.1329
96.155
96.1793
96.2056
96.2343
96.265
96.2978
96.3327
96.3697
96.4085
96.4493
96.4919
96.5366
96.5828
96.6309
96.6805
96.732
96.7849
96.8393
96.8954
96.9525
97.0116
97.0715
97.1326
97.1951
97.2586
97.3231
97.3888
97.4551
97.5223
97.5904
97.6591
97.7285
97.7985
97.8688
97.9397
98.0109
98.0823
98.1541
98.2259
98.2979
98.3698
98.4416
98.5134
98.585
98.6563
98.7274
98.7979
98.868
98.9376
99.0067
99.0751
99.1427
99.2096
99.2756
99.3408
99.4049
99.468
99.5301
99.591
99.6508
99.7092
99.7664
99.8222
99.8766
99.9295
99.9809
100.031
100.079
100.125
100.17
100.213
100.255
100.294
100.332
100.367
100.401
100.432
100.462
100.49
100.515
100.538
100.56
100.579
100.595
100.61
100.623
100.633
100.641
100.646
100.65
100.651
99.5262
99.5249
99.5213
99.5153
99.5068
99.496
99.4828
99.4672
99.4492
99.429
99.4063
99.3815
99.3544
99.3251
99.2934
99.2598
99.2239
99.186
99.146
99.1041
99.0601
99.0142
98.9665
98.9169
98.8656
98.8126
98.7579
98.7015
98.6437
98.5842
98.5234
98.4612
98.3976
98.3328
98.2667
98.1995
98.1312
98.0619
97.9916
97.9204
97.8484
97.7756
97.7022
97.628
97.5533
97.4782
97.4026
97.3268
97.2506
97.1742
97.0976
97.0209
96.9445
96.8679
96.7916
96.7156
96.6396
96.5642
96.4893
96.4148
96.3411
96.2678
96.1953
96.1237
96.0529
95.9832
95.9146
95.8467
95.7803
95.7152
95.651
95.5887
95.5275
95.4678
95.4099
95.3535
95.2988
95.2458
95.1946
95.1452
95.0978
95.0523
95.0088
94.9674
94.9281
94.8909
94.8559
94.8232
94.7928
94.7645
94.7387
94.7153
94.6942
94.6755
94.6594
94.6455
94.6344
94.6255
94.6193
94.6154
94.6142
94.6154
94.6193
94.6255
94.6344
94.6455
94.6594
94.6755
94.6942
94.7153
94.7387
94.7645
94.7928
94.8232
94.8559
94.8909
94.9281
94.9674
95.0088
95.0523
95.0978
95.1452
95.1946
95.2458
95.2988
95.3535
95.4099
95.4678
95.5275
95.5887
95.651
95.7152
95.7803
95.8467
95.9146
95.9832
96.0529
96.1237
96.1953
96.2678
96.3411
96.4148
96.4893
96.5642
96.6396
96.7156
96.7916
96.8679
96.9445
97.0209
97.0976
97.1742
97.2506
97.3268
97.4026
97.4782
97.5533
97.628
97.7022
97.7756
97.8484
97.9204
97.9916
98.0619
98.1312
98.1995
98.2667
98.3328
98.3976
98.4612
98.5234
98.5842
98.6437
98.7015
98.7579
98.8126
98.8656
98.9169
98.9665
99.0142
99.0601
99.1041
99.146
99.186
99.2239
99.2598
99.2934
99.3251
99.3544
99.3815
99.4063
99.429
99.4492
99.4672
99.4828
99.496
99.5068
99.5153
99.5213
99.5249
99.5262
98.4044
98.4031
98.3993
98.3928
98.3838
98.3722
98.3582
98.3415
98.3224
98.3008
98.2768
98.2503
98.2215
98.1902
98.1567
98.1209
98.0828
98.0425
98
97.9555
97.9088
97.8601
97.8094
97.7568
97.7023
97.6461
97.5879
97.5282
97.4667
97.4037
97.3391
97.273
97.2056
97.1367
97.0666
96.9952
96.9227
96.8492
96.7745
96.699
96.6225
96.5453
96.4673
96.3886
96.3094
96.2296
96.1494
96.0688
95.9878
95.9068
95.8255
95.7442
95.6629
95.5816
95.5006
95.4198
95.3393
95.2593
95.1795
95.1005
95.0221
94.9443
94.8675
94.7914
94.7161
94.6421
94.5689
94.4972
94.4267
94.3572
94.2894
94.2229
94.158
94.0948
94.0331
93.9731
93.9149
93.8587
93.8043
93.7518
93.7013
93.6531
93.6069
93.5628
93.521
93.4816
93.4444
93.4096
93.3772
93.3473
93.3198
93.2949
93.2725
93.2527
93.2354
93.2209
93.2088
93.1996
93.1929
93.1889
93.1875
93.1889
93.1929
93.1996
93.2088
93.2209
93.2354
93.2527
93.2725
93.2949
93.3198
93.3473
93.3772
93.4096
93.4444
93.4816
93.521
93.5628
93.6069
93.6531
93.7013
93.7518
93.8043
93.8587
93.9149
93.9731
94.0331
94.0948
94.158
94.2229
94.2894
94.3572
94.4267
94.4972
94.5689
94.6421
94.7161
94.7914
94.8675
94.9443
95.0221
95.1005
95.1795
95.2593
95.3393
95.4198
95.5006
95.5816
95.6629
95.7442
95.8255
95.9068
95.9878
96.0688
96.1494
96.2296
96.3094
96.3886
96.4673
96.5453
96.6225
96.699
96.7745
96.8492
96.9227
96.9952
97.0666
97.1367
97.2056
97.273
97.3391
97.4037
97.4667
97.5282
97.5879
97.6461
97.7023
97.7568
97.8094
97.8601
97.9088
97.9555
98
98.0425
98.0828
98.1209
98.1567
98.1902
98.2215
98.2503
98.2768
98.3008
98.3224
98.3415
98.3582
98.3722
98.3838
98.3928
98.3993
98.4031
98.4044
97.285
97.2836
97.2795
97.2727
97.2631
97.2509
97.236
97.2183
97.1981
97.1752
97.1497
97.1216
97.0911
97.0579
97.0224
96.9844
96.9441
96.9013
96.8564
96.8091
96.7597
96.7081
96.6545
96.5988
96.5411
96.4815
96.4199
96.3567
96.2915
96.2248
96.1564
96.0864
96.015
95.942
95.8678
95.7922
95.7155
95.6376
95.5586
95.4786
95.3976
95.3159
95.2332
95.15
95.0661
94.9816
94.8967
94.8113
94.7256
94.6397
94.5536
94.4676
94.3814
94.2955
94.2096
94.1239
94.0387
93.9538
93.8695
93.7859
93.7027
93.6204
93.5388
93.4581
93.3788
93.3002
93.2227
93.1468
93.0717
92.9985
92.9265
92.8561
92.7873
92.7201
92.6549
92.5913
92.5297
92.4699
92.4123
92.3567
92.3033
92.252
92.2031
92.1564
92.1122
92.0702
92.0309
91.994
91.9597
91.9279
91.8989
91.8725
91.8487
91.8277
91.8095
91.794
91.7814
91.7714
91.7644
91.7601
91.7587
91.7601
91.7644
91.7714
91.7814
91.794
91.8095
91.8277
91.8487
91.8725
91.8989
91.9279
91.9597
91.994
92.0309
92.0702
92.1122
92.1564
92.2031
92.252
92.3033
92.3567
92.4123
92.4699
92.5297
92.5913
92.6549
92.7201
92.7873
92.8561
92.9265
92.9985
93.0717
93.1468
93.2227
93.3002
93.3788
93.4581
93.5388
93.6204
93.7027
93.7859
93.8695
93.9538
94.0387
94.1239
94.2096
94.2955
94.3814
94.4676
94.5536
94.6397
94.7256
94.8113
94.8967
94.9816
95.0661
95.15
95.2332
95.3159
95.3976
95.4786
95.5586
95.6376
95.7155
95.7922
95.8678
95.942
96.015
96.0864
96.1564
96.2248
96.2915
96.3567
96.4199
96.4815
96.5411
96.5988
96.6545
96.7081
96.7597
96.8091
96.8564
96.9013
96.9441
96.9844
97.0224
97.0579
97.0911
97.1216
97.1497
97.1752
97.1981
97.2183
97.236
97.2509
97.2631
97.2727
97.2795
97.2836
97.285
96.1679
96.1665
96.1621
96.155
96.1449
96.132
96.1162
96.0976
96.0762
96.0521
96.0251
95.9955
95.9632
95.9282
95.8907
95.8505
95.8079
95.7627
95.7152
95.6652
95.613
95.5584
95.5017
95.4428
95.3818
95.3188
95.2538
95.1869
95.1181
95.0475
94.9752
94.9014
94.8258
94.7489
94.6704
94.5906
94.5095
94.4271
94.3438
94.2591
94.1737
94.0873
94
93.912
93.8233
93.7341
93.6443
93.5542
93.4638
93.3729
93.2821
93.191
93.0999
93.0091
92.9183
92.828
92.7379
92.6481
92.5591
92.4704
92.3827
92.2958
92.2095
92.1244
92.0402
91.9571
91.8756
91.7949
91.716
91.6382
91.5621
91.4878
91.4151
91.3442
91.275
91.2078
91.1426
91.0796
91.0185
90.9597
90.9032
90.8491
90.7973
90.7479
90.7011
90.6569
90.6152
90.5762
90.5399
90.5064
90.4755
90.4476
90.4226
90.4003
90.381
90.3647
90.3512
90.3408
90.3333
90.3288
90.3273
90.3288
90.3333
90.3408
90.3512
90.3647
90.381
90.4003
90.4226
90.4476
90.4755
90.5064
90.5399
90.5762
90.6152
90.6569
90.7011
90.7479
90.7973
90.8491
90.9032
90.9597
91.0185
91.0796
91.1426
91.2078
91.275
91.3442
91.4151
91.4878
91.5621
91.6382
91.716
91.7949
91.8756
91.9571
92.0402
92.1244
92.2095
92.2958
92.3827
92.4704
92.5591
92.6481
92.7379
92.828
92.9183
93.0091
93.0999
93.191
93.2821
93.3729
93.4638
93.5542
93.6443
93.7341
93.8233
93.912
94
94.0873
94.1737
94.2591
94.3438
94.4271
94.5095
94.5906
94.6704
94.7489
94.8258
94.9014
94.9752
95.0475
95.1181
95.1869
95.2538
95.3188
95.3818
95.4428
95.5017
95.5584
95.613
95.6652
95.7152
95.7627
95.8079
95.8505
95.8907
95.9282
95.9632
95.9955
96.0251
96.0521
96.0762
96.0976
96.1162
96.132
96.1449
96.155
96.1621
96.1665
96.1679
95.0543
95.0528
95.0482
95.0407
95.03
95.0164
94.9997
94.9801
94.9575
94.932
94.9035
94.8723
94.8381
94.8013
94.7616
94.7193
94.6742
94.6266
94.5764
94.5237
94.4685
94.411
94.3511
94.2889
94.2246
94.1581
94.0896
94.019
93.9465
93.8721
93.7959
93.7179
93.6383
93.5572
93.4744
93.3903
93.3047
93.218
93.13
93.0408
92.9507
92.8595
92.7676
92.6748
92.5813
92.4872
92.3925
92.2975
92.2019
92.1063
92.0104
91.9144
91.8185
91.7225
91.6269
91.5315
91.4364
91.3419
91.2479
91.1544
91.0619
90.9699
90.8791
90.7893
90.7004
90.6131
90.5265
90.4417
90.3582
90.2764
90.1962
90.1175
90.0408
89.9659
89.893
89.822
89.7532
89.6865
89.6222
89.5601
89.5005
89.4432
89.3886
89.3365
89.2871
89.2403
89.1964
89.1552
89.1169
89.0814
89.049
89.0195
88.993
88.9696
88.9492
88.9319
88.9178
88.9067
88.8989
88.8941
88.8925
88.8941
88.8989
88.9067
88.9178
88.9319
88.9492
88.9696
88.993
89.0195
89.049
89.0814
89.1169
89.1552
89.1964
89.2403
89.2871
89.3365
89.3886
89.4432
89.5005
89.5601
89.6222
89.6865
89.7532
89.822
89.893
89.9659
90.0408
90.1175
90.1962
90.2764
90.3582
90.4417
90.5265
90.6131
90.7004
90.7893
90.8791
90.9699
91.0619
91.1544
91.2479
91.3419
91.4364
91.5315
91.6269
91.7225
91.8185
91.9144
92.0104
92.1063
92.2019
92.2975
92.3925
92.4872
92.5813
92.6748
92.7676
92.8595
92.9507
93.0408
93.13
93.218
93.3047
93.3903
93.4744
93.5572
93.6383
93.7179
93.7959
93.8721
93.9465
94.019
94.0896
94.1581
94.2246
94.2889
94.3511
94.411
94.4685
94.5237
94.5764
94.6266
94.6742
94.7193
94.7616
94.8013
94.8381
94.8723
94.9035
94.932
94.9575
94.9801
94.9997
95.0164
95.03
95.0407
95.0482
95.0528
95.0543
93.9438
93.9422
93.9374
93.9293
93.9181
93.9037
93.8861
93.8654
93.8416
93.8146
93.7847
93.7516
93.7157
93.6768
93.635
93.5903
93.5429
93.4927
93.4398
93.3844
93.3262
93.2657
93.2026
93.1372
93.0694
92.9995
92.9273
92.853
92.7767
92.6983
92.6182
92.5361
92.4523
92.3668
92.2798
92.1912
92.1012
92.0099
91.9172
91.8235
91.7285
91.6326
91.5358
91.4381
91.3397
91.2406
91.1411
91.041
90.9405
90.8398
90.7387
90.6377
90.5367
90.4357
90.3351
90.2345
90.1345
90.0349
89.9358
89.8376
89.74
89.6434
89.5477
89.4528
89.3595
89.2671
89.1764
89.0869
88.999
88.9127
88.8281
88.7454
88.6645
88.5856
88.5086
88.4339
88.3614
88.2912
88.2233
88.1579
88.0951
88.0348
87.9772
87.9223
87.8702
87.821
87.7746
87.7312
87.6909
87.6536
87.6193
87.5883
87.5603
87.5356
87.5142
87.496
87.481
87.4694
87.461
87.4561
87.4544
87.4561
87.461
87.4694
87.481
87.496
87.5142
87.5356
87.5603
87.5883
87.6193
87.6536
87.6909
87.7312
87.7746
87.821
87.8702
87.9223
87.9772
88.0348
88.0951
88.1579
88.2233
88.2912
88.3614
88.4339
88.5086
88.5856
88.6645
88.7454
88.8281
88.9127
88.999
89.0869
89.1764
89.2671
89.3595
89.4528
89.5477
89.6434
89.74
89.8376
89.9358
90.0349
90.1345
90.2345
90.3351
90.4357
90.5367
90.6377
90.7387
90.8398
90.9405
91.041
91.1411
91.2406
91.3397
91.4381
91.5358
91.6326
91.7285
91.8235
91.9172
92.0099
92.1012
92.1912
92.2798
92.3668
92.4523
92.5361
92.6182
92.6983
92.7767
92.853
92.9273
92.9995
93.0694
93.1372
93.2026
93.2657
93.3262
93.3844
93.4398
93.4927
93.5429
93.5903
93.635
93.6768
93.7157
93.7516
93.7847
93.8146
93.8416
93.8654
93.8861
93.9037
93.9181
93.9293
93.9374
93.9422
93.9438
92.8358
92.8341
92.829
92.8205
92.8088
92.7936
92.7751
92.7533
92.7283
92.6999
92.6684
92.6336
92.5959
92.5548
92.511
92.4639
92.4141
92.3613
92.3057
92.2473
92.1863
92.1226
92.0563
91.9876
91.9163
91.8428
91.7668
91.6888
91.6085
91.5263
91.4419
91.3557
91.2677
91.1778
91.0864
90.9933
90.8988
90.8028
90.7054
90.6069
90.5071
90.4065
90.3047
90.2021
90.0987
89.9945
89.8899
89.7846
89.6792
89.5732
89.4672
89.361
89.2547
89.1487
89.0427
88.9372
88.8321
88.7273
88.6233
88.5199
88.4173
88.3158
88.2149
88.1157
88.0172
87.9202
87.8247
87.7306
87.6383
87.5475
87.4585
87.3714
87.2864
87.2033
87.1225
87.0438
86.9675
86.8936
86.8223
86.7535
86.6873
86.6239
86.5634
86.5056
86.4508
86.399
86.3503
86.3046
86.2621
86.2229
86.1869
86.1541
86.1248
86.0988
86.0762
86.057
86.0414
86.0291
86.0204
86.0151
86.0134
86.0151
86.0204
86.0291
86.0414
86.057
86.0762
86.0988
86.1248
86.1541
86.1869
86.2229
86.2621
86.3046
86.3503
86.399
86.4508
86.5056
86.5634
86.6239
86.6873
86.7535
86.8223
86.8936
86.9675
87.0438
87.1225
87.2033
87.2864
87.3714
87.4585
87.5475
87.6383
87.7306
87.8247
87.9202
88.0172
88.1157
88.2149
88.3158
88.4173
88.5199
88.6233
88.7273
88.8321
88.9372
89.0427
89.1487
89.2547
89.361
89.4672
89.5732
89.6792
89.7846
89.8899
89.9945
90.0987
90.2021
90.3047
90.4065
90.5071
90.6069
90.7054
90.8028
90.8988
90.9933
91.0864
91.1778
91.2677
91.3557
91.4419
91.5263
91.6085
91.6888
91.7668
91.8428
91.9163
91.9876
92.0563
92.1226
92.1863
92.2473
92.3057
92.3613
92.4141
92.4639
92.511
92.5548
92.5959
92.6336
92.6684
92.6999
92.7283
92.7533
92.7751
92.7936
92.8088
92.8205
92.829
92.8341
92.8358
91.7313
91.7296
91.7242
91.7154
91.7029
91.687
91.6676
91.6447
91.6184
91.5887
91.5555
91.5191
91.4793
91.4363
91.3902
91.3408
91.2884
91.233
91.1746
91.1133
91.0492
90.9822
90.9127
90.8404
90.7657
90.6885
90.6088
90.5269
90.4426
90.3563
90.2678
90.1774
90.0849
89.9908
89.8947
89.7971
89.6979
89.5972
89.4952
89.3917
89.2871
89.1813
89.0745
88.9669
88.8584
88.7493
88.6393
88.529
88.4182
88.307
88.1958
88.0842
87.9729
87.8615
87.7503
87.6396
87.529
87.4192
87.31
87.2014
87.0939
86.987
86.8815
86.7768
86.6737
86.572
86.4716
86.3728
86.2757
86.1804
86.087
85.9956
85.9061
85.8189
85.7339
85.6514
85.5712
85.4936
85.4186
85.3464
85.2769
85.2103
85.1465
85.0859
85.0283
84.9739
84.9226
84.8747
84.8301
84.7888
84.751
84.7167
84.6858
84.6585
84.6348
84.6146
84.5981
84.5853
84.5761
84.5706
84.5687
84.5706
84.5761
84.5853
84.5981
84.6146
84.6348
84.6585
84.6858
84.7167
84.751
84.7888
84.8301
84.8747
84.9226
84.9739
85.0283
85.0859
85.1465
85.2103
85.2769
85.3464
85.4186
85.4936
85.5712
85.6514
85.7339
85.8189
85.9061
85.9956
86.087
86.1804
86.2757
86.3728
86.4716
86.572
86.6737
86.7768
86.8815
86.987
87.0939
87.2014
87.31
87.4192
87.529
87.6396
87.7503
87.8615
87.9729
88.0842
88.1958
88.307
88.4182
88.529
88.6393
88.7493
88.8584
88.9669
89.0745
89.1813
89.2871
89.3917
89.4952
89.5972
89.6979
89.7971
89.8947
89.9908
90.0849
90.1774
90.2678
90.3563
90.4426
90.5269
90.6088
90.6885
90.7657
90.8404
90.9127
90.9822
91.0492
91.1133
91.1746
91.233
91.2884
91.3408
91.3902
91.4363
91.4793
91.5191
91.5555
91.5887
91.6184
91.6447
91.6676
91.687
91.7029
91.7154
91.7242
91.7296
91.7313
90.6311
90.6292
90.6236
90.6143
90.6012
90.5845
90.564
90.54
90.5123
90.4811
90.4462
90.408
90.3662
90.3211
90.2726
90.2209
90.1658
90.1078
90.0464
89.9822
89.9149
89.8448
89.7718
89.6961
89.6178
89.5367
89.4533
89.3673
89.2792
89.1886
89.0959
89.0011
88.9043
88.8056
88.705
88.6027
88.4986
88.3932
88.2861
88.1778
88.0682
87.9574
87.8456
87.7327
87.619
87.5045
87.3894
87.2738
87.1576
87.0413
86.9245
86.8077
86.6909
86.5741
86.4577
86.3415
86.2258
86.1106
85.9959
85.8823
85.7692
85.6575
85.5466
85.4371
85.3288
85.222
85.1168
85.0132
84.9114
84.8113
84.7133
84.6173
84.5236
84.432
84.3429
84.2562
84.1721
84.0907
84.012
83.9361
83.8632
83.7933
83.7266
83.6628
83.6024
83.5453
83.4916
83.4412
83.3944
83.3511
83.3114
83.2753
83.243
83.2143
83.1894
83.1683
83.151
83.1375
83.1279
83.122
83.1202
83.122
83.1279
83.1375
83.151
83.1683
83.1894
83.2143
83.243
83.2753
83.3114
83.3511
83.3944
83.4412
83.4916
83.5453
83.6024
83.6628
83.7266
83.7933
83.8632
83.9361
84.012
84.0907
84.1721
84.2562
84.3429
84.432
84.5236
84.6173
84.7133
84.8113
84.9114
85.0132
85.1168
85.222
85.3288
85.4371
85.5466
85.6575
85.7692
85.8823
85.9959
86.1106
86.2258
86.3415
86.4577
86.5741
86.6909
86.8077
86.9245
87.0413
87.1576
87.2738
87.3894
87.5045
87.619
87.7327
87.8456
87.9574
88.0682
88.1778
88.2861
88.3932
88.4986
88.6027
88.705
88.8056
88.9043
89.0011
89.0959
89.1886
89.2792
89.3673
89.4533
89.5367
89.6178
89.6961
89.7718
89.8448
89.9149
89.9822
90.0464
90.1078
90.1658
90.2209
90.2726
90.3211
90.3662
90.408
90.4462
90.4811
90.5123
90.54
90.564
90.5845
90.6012
90.6143
90.6236
90.6292
90.6311
89.5344
89.5324
89.5266
89.5167
89.5031
89.4855
89.4641
89.4388
89.4098
89.3769
89.3404
89.3003
89.2565
89.2092
89.1583
89.1041
89.0465
88.9856
88.9214
88.8541
88.7836
88.7102
88.6337
88.5545
88.4724
88.3877
88.3003
88.2103
88.118
88.0232
87.9262
87.8268
87.7256
87.6221
87.517
87.4099
87.3011
87.1907
87.0786
86.9653
86.8505
86.7346
86.6175
86.4995
86.3805
86.2606
86.1402
86.019
85.8975
85.7756
85.6534
85.5313
85.4089
85.2868
85.1647
85.043
84.9219
84.8011
84.6814
84.5621
84.444
84.3267
84.2107
84.096
83.9826
83.8708
83.7604
83.6519
83.5451
83.4404
83.3377
83.2371
83.1388
83.0429
82.9495
82.8587
82.7705
82.6852
82.6027
82.5233
82.4468
82.3736
82.3035
82.2368
82.1735
82.1136
82.0572
82.0045
81.9554
81.91
81.8684
81.8306
81.7966
81.7666
81.7405
81.7184
81.7002
81.6861
81.676
81.67
81.6679
81.67
81.676
81.6861
81.7002
81.7184
81.7405
81.7666
81.7966
81.8306
81.8684
81.91
81.9554
82.0045
82.0572
82.1136
82.1735
82.2368
82.3035
82.3736
82.4468
82.5233
82.6027
82.6852
82.7705
82.8587
82.9495
83.0429
83.1388
83.2371
83.3377
83.4404
83.5451
83.6519
83.7604
83.8708
83.9826
84.096
84.2107
84.3267
84.444
84.5621
84.6814
84.8011
84.9219
85.043
85.1647
85.2868
85.4089
85.5313
85.6534
85.7756
85.8975
86.019
86.1402
86.2606
86.3805
86.4995
86.6175
86.7346
86.8505
86.9653
87.0786
87.1907
87.3011
87.4099
87.517
87.6221
87.7256
87.8268
87.9262
88.0232
88.118
88.2103
88.3003
88.3877
88.4724
88.5545
88.6337
88.7102
88.7836
88.8541
88.9214
88.9856
89.0465
89.1041
89.1583
89.2092
89.2565
89.3003
89.3404
89.3769
89.4098
89.4388
89.4641
89.4855
89.5031
89.5167
89.5266
89.5324
89.5344
88.4408
88.4387
88.4326
88.4223
88.408
88.3896
88.3672
88.3407
88.3104
88.276
88.2379
88.1957
88.15
88.1004
88.0473
87.9904
87.9302
87.8663
87.7992
87.7287
87.6551
87.5782
87.4983
87.4154
87.3295
87.2409
87.1494
87.0554
86.9587
86.8597
86.7582
86.6544
86.5485
86.4404
86.3304
86.2184
86.1048
85.9893
85.8724
85.7538
85.6339
85.5127
85.3902
85.2669
85.1423
85.0172
84.8912
84.7647
84.6377
84.5101
84.3825
84.2545
84.1267
83.999
83.8713
83.7443
83.6173
83.4913
83.3656
83.2412
83.1175
82.995
82.8736
82.7535
82.6349
82.5178
82.4024
82.2888
82.1771
82.0674
81.9599
81.8546
81.7518
81.6514
81.5536
81.4585
81.3664
81.277
81.1907
81.1074
81.0275
80.9508
80.8775
80.8075
80.7413
80.6786
80.6196
80.5643
80.513
80.4655
80.4219
80.3823
80.3468
80.3153
80.288
80.2648
80.2458
80.231
80.2205
80.214
80.212
80.214
80.2205
80.231
80.2458
80.2648
80.288
80.3153
80.3468
80.3823
80.4219
80.4655
80.513
80.5643
80.6196
80.6786
80.7413
80.8075
80.8775
80.9508
81.0275
81.1074
81.1907
81.277
81.3664
81.4585
81.5536
81.6514
81.7518
81.8546
81.9599
82.0674
82.1771
82.2888
82.4024
82.5178
82.6349
82.7535
82.8736
82.995
83.1175
83.2412
83.3656
83.4913
83.6173
83.7443
83.8713
83.999
84.1267
84.2545
84.3825
84.5101
84.6377
84.7647
84.8912
85.0172
85.1423
85.2669
85.3902
85.5127
85.6339
85.7538
85.8724
85.9893
86.1048
86.2184
86.3304
86.4404
86.5485
86.6544
86.7582
86.8597
86.9587
87.0554
87.1494
87.2409
87.3295
87.4154
87.4983
87.5782
87.6551
87.7287
87.7992
87.8663
87.9302
87.9904
88.0473
88.1004
88.15
88.1957
88.2379
88.276
88.3104
88.3407
88.3672
88.3896
88.408
88.4223
88.4326
88.4387
88.4408
87.3516
87.3495
87.343
87.3324
87.3173
87.2981
87.2746
87.247
87.2151
87.1793
87.1393
87.0953
87.0474
86.9956
86.9399
86.8805
86.8174
86.7507
86.6805
86.6068
86.5298
86.4494
86.3659
86.2791
86.1895
86.0968
86.0013
85.903
85.8021
85.6986
85.5926
85.4843
85.3736
85.2609
85.1459
85.0291
84.9103
84.7898
84.6676
84.5437
84.4186
84.2919
84.1642
84.0353
83.9054
83.7746
83.6429
83.5108
83.378
83.245
83.1116
82.978
82.8445
82.7108
82.5777
82.4446
82.3124
82.1804
82.0495
81.9192
81.7899
81.6618
81.535
81.4095
81.2855
81.1631
81.0423
80.9236
80.8068
80.6922
80.5797
80.4697
80.362
80.2571
80.1549
80.0555
79.9589
79.8655
79.7752
79.6883
79.6045
79.5243
79.4476
79.3746
79.3052
79.2396
79.1779
79.1202
79.0663
79.0166
78.9711
78.9297
78.8924
78.8596
78.831
78.8067
78.7868
78.7714
78.7602
78.7537
78.7514
78.7537
78.7602
78.7714
78.7868
78.8067
78.831
78.8596
78.8924
78.9297
78.9711
79.0166
79.0663
79.1202
79.1779
79.2396
79.3052
79.3746
79.4476
79.5243
79.6045
79.6883
79.7752
79.8655
79.9589
80.0555
80.1549
80.2571
80.362
80.4697
80.5797
80.6922
80.8068
80.9236
81.0423
81.1631
81.2855
81.4095
81.535
81.6618
81.7899
81.9192
82.0495
82.1804
82.3124
82.4446
82.5777
82.7108
82.8445
82.978
83.1116
83.245
83.378
83.5108
83.6429
83.7746
83.9054
84.0353
84.1642
84.2919
84.4186
84.5437
84.6676
84.7898
84.9103
85.0291
85.1459
85.2609
85.3736
85.4843
85.5926
85.6986
85.8021
85.903
86.0013
86.0968
86.1895
86.2791
86.3659
86.4494
86.5298
86.6068
86.6805
86.7507
86.8174
86.8805
86.9399
86.9956
87.0474
87.0953
87.1393
87.1793
87.2151
87.247
87.2746
87.2981
87.3173
87.3324
87.343
87.3495
87.3516
86.2674
86.2652
86.2584
86.2472
86.2314
86.2113
86.1866
86.1577
86.1243
86.0868
86.0449
85.9989
85.9487
85.8946
85.8363
85.7743
85.7083
85.6386
85.5652
85.4883
85.4077
85.3238
85.2366
85.1461
85.0525
84.9557
84.8561
84.7535
84.6483
84.5402
84.4297
84.3166
84.2012
84.0834
83.9636
83.8417
83.7177
83.592
83.4644
83.3354
83.2046
83.0726
82.9392
82.8047
82.6693
82.5327
82.3956
82.2576
82.1191
81.9801
81.8408
81.7016
81.562
81.4228
81.2836
81.1449
81.0066
80.869
80.7321
80.5962
80.4613
80.3275
80.195
80.0638
79.9343
79.8064
79.6804
79.5563
79.4343
79.3144
79.197
79.082
78.9696
78.8599
78.753
78.6491
78.5484
78.4507
78.3563
78.2653
78.1779
78.094
78.0139
77.9375
77.865
77.7965
77.7319
77.6715
77.6154
77.5634
77.5157
77.4724
77.4336
77.3991
77.3693
77.3439
77.3231
77.3069
77.2954
77.2884
77.2862
77.2884
77.2954
77.3069
77.3231
77.3439
77.3693
77.3991
77.4336
77.4724
77.5157
77.5634
77.6154
77.6715
77.7319
77.7965
77.865
77.9375
78.0139
78.094
78.1779
78.2653
78.3563
78.4507
78.5484
78.6491
78.753
78.8599
78.9696
79.082
79.197
79.3144
79.4343
79.5563
79.6804
79.8064
79.9343
80.0638
80.195
80.3275
80.4613
80.5962
80.7321
80.869
81.0066
81.1449
81.2836
81.4228
81.562
81.7016
81.8408
81.9801
82.1191
82.2576
82.3956
82.5327
82.6693
82.8047
82.9392
83.0726
83.2046
83.3354
83.4644
83.592
83.7177
83.8417
83.9636
84.0834
84.2012
84.3166
84.4297
84.5402
84.6483
84.7535
84.8561
84.9557
85.0525
85.1461
85.2366
85.3238
85.4077
85.4883
85.5652
85.6386
85.7083
85.7743
85.8363
85.8946
85.9487
85.9989
86.0449
86.0868
86.1243
86.1577
86.1866
86.2113
86.2314
86.2472
86.2584
86.2652
86.2674
85.1877
85.1852
85.1782
85.1664
85.15
85.1288
85.1031
85.0727
85.0379
84.9985
84.9548
84.9066
84.8542
84.7975
84.7367
84.6718
84.603
84.5302
84.4536
84.3733
84.2893
84.2018
84.1107
84.0164
83.9187
83.8179
83.7139
83.6071
83.4972
83.3846
83.2693
83.1514
83.0312
82.9083
82.7834
82.6562
82.5271
82.3959
82.263
82.1285
81.9923
81.8547
81.7156
81.5756
81.4341
81.2919
81.1488
81.0049
80.8606
80.7157
80.5706
80.4251
80.2798
80.1344
79.9894
79.8447
79.7006
79.557
79.4142
79.2724
79.1315
78.9919
78.8536
78.7169
78.5816
78.4481
78.3165
78.1871
78.0597
77.9347
77.812
77.6919
77.5746
77.4601
77.3485
77.2401
77.1347
77.0328
76.9343
76.8393
76.7479
76.6604
76.5766
76.4969
76.4211
76.3495
76.2822
76.2191
76.1604
76.1061
76.0563
76.0111
75.9705
75.9346
75.9034
75.8769
75.8552
75.8383
75.8261
75.819
75.8164
75.819
75.8261
75.8383
75.8552
75.8769
75.9034
75.9346
75.9705
76.0111
76.0563
76.1061
76.1604
76.2191
76.2822
76.3495
76.4211
76.4969
76.5766
76.6604
76.7479
76.8393
76.9343
77.0328
77.1347
77.2401
77.3485
77.4601
77.5746
77.6919
77.812
77.9347
78.0597
78.1871
78.3165
78.4481
78.5816
78.7169
78.8536
78.9919
79.1315
79.2724
79.4142
79.557
79.7006
79.8447
79.9894
80.1344
80.2798
80.4251
80.5706
80.7157
80.8606
81.0049
81.1488
81.2919
81.4341
81.5756
81.7156
81.8547
81.9923
82.1285
82.263
82.3959
82.5271
82.6562
82.7834
82.9083
83.0312
83.1514
83.2693
83.3846
83.4972
83.6071
83.7139
83.8179
83.9187
84.0164
84.1107
84.2018
84.2893
84.3733
84.4536
84.5302
84.603
84.6718
84.7367
84.7975
84.8542
84.9066
84.9548
84.9985
85.0379
85.0727
85.1031
85.1288
85.15
85.1664
85.1782
85.1852
85.1877
84.1116
84.1091
84.1017
84.0894
84.0722
84.0502
84.0233
83.9916
83.9553
83.9141
83.8685
83.8182
83.7635
83.7043
83.6409
83.5731
83.5014
83.4254
83.3456
83.2617
83.1743
83.0829
82.9881
82.8896
82.7879
82.6828
82.5744
82.463
82.3486
82.2313
82.1111
81.9884
81.8629
81.7352
81.605
81.4726
81.3381
81.2016
81.0632
80.9229
80.7812
80.6377
80.4931
80.347
80.1999
80.0518
79.9026
79.7529
79.6022
79.4515
79.3001
79.1489
78.9973
78.846
78.6948
78.544
78.3937
78.2441
78.0953
77.9474
77.8006
77.655
77.5108
77.3681
77.2272
77.088
76.9509
76.8157
76.6829
76.5524
76.4246
76.2994
76.177
76.0575
75.9411
75.8279
75.7182
75.6117
75.5089
75.4098
75.3146
75.2231
75.1358
75.0525
74.9736
74.8988
74.8285
74.7626
74.7014
74.6447
74.5928
74.5456
74.5033
74.4657
74.4332
74.4055
74.3828
74.3652
74.3526
74.345
74.3425
74.345
74.3526
74.3652
74.3828
74.4055
74.4332
74.4657
74.5033
74.5456
74.5928
74.6447
74.7014
74.7626
74.8285
74.8988
74.9736
75.0525
75.1358
75.2231
75.3146
75.4098
75.5089
75.6117
75.7182
75.8279
75.9411
76.0575
76.177
76.2994
76.4246
76.5524
76.6829
76.8157
76.9509
77.088
77.2272
77.3681
77.5108
77.655
77.8006
77.9474
78.0953
78.2441
78.3937
78.544
78.6948
78.846
78.9973
79.1489
79.3001
79.4515
79.6022
79.7529
79.9026
80.0518
80.1999
80.347
80.4931
80.6377
80.7812
80.9229
81.0632
81.2016
81.3381
81.4726
81.605
81.7352
81.8629
81.9884
82.1111
82.2313
82.3486
82.463
82.5744
82.6828
82.7879
82.8896
82.9881
83.0829
83.1743
83.2617
83.3456
83.4254
83.5014
83.5731
83.6409
83.7043
83.7635
83.8182
83.8685
83.9141
83.9553
83.9916
84.0233
84.0502
84.0722
84.0894
84.1017
84.1091
84.1116
83.0406
83.0381
83.0303
83.0175
82.9995
82.9766
82.9485
82.9155
82.8774
82.8347
82.7869
82.7346
82.6774
82.6158
82.5495
82.479
82.4039
82.3248
82.2415
82.1542
82.0629
81.9678
81.8689
81.7664
81.6604
81.5508
81.4381
81.3219
81.2029
81.0807
80.9558
80.8279
80.6975
80.5644
80.4289
80.2912
80.1511
80.0092
79.8651
79.7193
79.5716
79.4225
79.2718
79.1197
78.9666
78.8122
78.6573
78.5012
78.3448
78.1876
78.0302
77.8725
77.7148
77.5572
77.3998
77.2428
77.0863
76.9304
76.7753
76.6213
76.4683
76.3167
76.1664
76.0178
75.8708
75.7258
75.5828
75.4421
75.3036
75.1677
75.0343
74.9038
74.7762
74.6517
74.5303
74.4124
74.2978
74.1869
74.0797
73.9764
73.877
73.7817
73.6906
73.6038
73.5213
73.4435
73.3701
73.3015
73.2375
73.1785
73.1243
73.0751
73.0308
72.9918
72.9577
72.9289
72.9053
72.8869
72.8737
72.8658
72.8631
72.8658
72.8737
72.8869
72.9053
72.9289
72.9577
72.9918
73.0308
73.0751
73.1243
73.1785
73.2375
73.3015
73.3701
73.4435
73.5213
73.6038
73.6906
73.7817
73.877
73.9764
74.0797
74.1869
74.2978
74.4124
74.5303
74.6517
74.7762
74.9038
75.0343
75.1677
75.3036
75.4421
75.5828
75.7258
75.8708
76.0178
76.1664
76.3167
76.4683
76.6213
76.7753
76.9304
77.0863
77.2428
77.3998
77.5572
77.7148
77.8725
78.0302
78.1876
78.3448
78.5012
78.6573
78.8122
78.9666
79.1197
79.2718
79.4225
79.5716
79.7193
79.8651
80.0092
80.1511
80.2912
80.4289
80.5644
80.6975
80.8279
80.9558
81.0807
81.2029
81.3219
81.4381
81.5508
81.6604
81.7664
81.8689
81.9678
82.0629
82.1542
82.2415
82.3248
82.4039
82.479
82.5495
82.6158
82.6774
82.7346
82.7869
82.8347
82.8774
82.9155
82.9485
82.9766
82.9995
83.0175
83.0303
83.0381
83.0406
81.9756
81.9728
81.9648
81.9513
81.9326
81.9085
81.8792
81.8446
81.805
81.7602
81.7104
81.6557
81.5961
81.5317
81.4627
81.389
81.3109
81.2284
81.1415
81.0506
80.9554
80.8564
80.7533
80.6467
80.5362
80.4224
80.3049
80.1843
80.0603
79.9333
79.8033
79.6703
79.5347
79.3963
79.2555
79.1121
78.9667
78.8188
78.669
78.5173
78.3637
78.2086
78.0518
77.8939
77.7344
77.5742
77.4126
77.2505
77.0875
76.9242
76.7604
76.5964
76.4323
76.2682
76.1044
75.9409
75.778
75.6157
75.4544
75.2939
75.1347
74.9767
74.8202
74.6654
74.5125
74.3614
74.2125
74.0658
73.9216
73.7799
73.6411
73.5051
73.3721
73.2423
73.1159
72.993
72.8736
72.758
72.6463
72.5386
72.435
72.3356
72.2407
72.1502
72.0643
71.983
71.9066
71.835
71.7684
71.7067
71.6503
71.599
71.5529
71.512
71.4766
71.4466
71.4219
71.4027
71.389
71.3807
71.3781
71.3807
71.389
71.4027
71.4219
71.4466
71.4766
71.512
71.5529
71.599
71.6503
71.7067
71.7684
71.835
71.9066
71.983
72.0643
72.1502
72.2407
72.3356
72.435
72.5386
72.6463
72.758
72.8736
72.993
73.1159
73.2423
73.3721
73.5051
73.6411
73.7799
73.9216
74.0658
74.2125
74.3614
74.5125
74.6654
74.8202
74.9767
75.1347
75.2939
75.4544
75.6157
75.778
75.9409
76.1044
76.2682
76.4323
76.5964
76.7604
76.9242
77.0875
77.2505
77.4126
77.5742
77.7344
77.8939
78.0518
78.2086
78.3637
78.5173
78.669
78.8188
78.9667
79.1121
79.2555
79.3963
79.5347
79.6703
79.8033
79.9333
80.0603
80.1843
80.3049
80.4224
80.5362
80.6467
80.7533
80.8564
80.9554
81.0506
81.1415
81.2284
81.3109
81.389
81.4627
81.5317
81.5961
81.6557
81.7104
81.7602
81.805
81.8446
81.8792
81.9085
81.9326
81.9513
81.9648
81.9728
81.9756
80.9162
80.9134
80.905
80.8909
80.8713
80.846
80.8154
80.7792
80.7377
80.6909
80.6389
80.5817
80.5196
80.4523
80.3804
80.3036
80.2222
80.1362
80.0458
79.951
79.852
79.7489
79.6418
79.5308
79.416
79.2975
79.1754
79.05
78.9211
78.7892
78.6539
78.5158
78.3746
78.2309
78.0844
77.9355
77.7842
77.6306
77.475
77.3172
77.1578
76.9963
76.8336
76.6691
76.5037
76.3368
76.1692
76.0006
75.8313
75.6614
75.491
75.3205
75.1497
74.9792
74.8087
74.6387
74.4692
74.3003
74.1323
73.9655
73.7997
73.6354
73.4725
73.3114
73.1521
72.9949
72.8398
72.6872
72.537
72.3896
72.2449
72.1033
71.9649
71.8298
71.698
71.57
71.4457
71.3253
71.2089
71.0967
70.9888
70.8853
70.7864
70.6921
70.6025
70.5179
70.4382
70.3636
70.2942
70.23
70.1711
70.1176
70.0696
70.0271
69.9901
69.9588
69.9331
69.9131
69.8988
69.8903
69.8873
69.8903
69.8988
69.9131
69.9331
69.9588
69.9901
70.0271
70.0696
70.1176
70.1711
70.23
70.2942
70.3636
70.4382
70.5179
70.6025
70.6921
70.7864
70.8853
70.9888
71.0967
71.2089
71.3253
71.4457
71.57
71.698
71.8298
71.9649
72.1033
72.2449
72.3896
72.537
72.6872
72.8398
72.9949
73.1521
73.3114
73.4725
73.6354
73.7997
73.9655
74.1323
74.3003
74.4692
74.6387
74.8087
74.9792
75.1497
75.3205
75.491
75.6614
75.8313
76.0006
76.1692
76.3368
76.5037
76.6691
76.8336
76.9963
77.1578
77.3172
77.475
77.6306
77.7842
77.9355
78.0844
78.2309
78.3746
78.5158
78.6539
78.7892
78.9211
79.05
79.1754
79.2975
79.416
79.5308
79.6418
79.7489
79.852
79.951
80.0458
80.1362
80.2222
80.3036
80.3804
80.4523
80.5196
80.5817
80.6389
80.6909
80.7377
80.7792
80.8154
80.846
80.8713
80.8909
80.905
80.9134
80.9162
79.8615
79.8587
79.8498
79.8351
79.8145
79.7883
79.7562
79.7185
79.6751
79.6263
79.5719
79.5123
79.4474
79.3775
79.3023
79.2224
79.1376
79.0482
78.954
78.8554
78.7525
78.6452
78.5339
78.4184
78.2992
78.1759
78.0492
77.9187
77.7849
77.6476
77.5072
77.3637
77.2172
77.0678
76.9157
76.761
76.6037
76.4443
76.2825
76.1189
75.953
75.7857
75.6164
75.446
75.2738
75.1007
74.9264
74.7512
74.5753
74.3988
74.2218
74.0445
73.8672
73.6897
73.5126
73.3357
73.1596
72.984
72.8094
72.6358
72.4635
72.2925
72.1232
71.9556
71.7899
71.6263
71.4651
71.3062
71.15
70.9966
70.8461
70.6987
70.5546
70.4139
70.2769
70.1436
70.0142
69.8888
69.7677
69.6509
69.5386
69.4308
69.3278
69.2296
69.1364
69.0483
68.9653
68.8876
68.8153
68.7484
68.6872
68.6315
68.5814
68.5371
68.4987
68.466
68.4393
68.4184
68.4036
68.3945
68.3916
68.3945
68.4036
68.4184
68.4393
68.466
68.4987
68.5371
68.5814
68.6315
68.6872
68.7484
68.8153
68.8876
68.9653
69.0483
69.1364
69.2296
69.3278
69.4308
69.5386
69.6509
69.7677
69.8888
70.0142
70.1436
70.2769
70.4139
70.5546
70.6987
70.8461
70.9966
71.15
71.3062
71.4651
71.6263
71.7899
71.9556
72.1232
72.2925
72.4635
72.6358
72.8094
72.984
73.1596
73.3357
73.5126
73.6897
73.8672
74.0445
74.2218
74.3988
74.5753
74.7512
74.9264
75.1007
75.2738
75.446
75.6164
75.7857
75.953
76.1189
76.2825
76.4443
76.6037
76.761
76.9157
77.0678
77.2172
77.3637
77.5072
77.6476
77.7849
77.9187
78.0492
78.1759
78.2992
78.4184
78.5339
78.6452
78.7525
78.8554
78.954
79.0482
79.1376
79.2224
79.3023
79.3775
79.4474
79.5123
79.5719
79.6263
79.6751
79.7185
79.7562
79.7883
79.8145
79.8351
79.8498
79.8587
79.8615
78.8123
78.8091
78.8
78.7846
78.7632
78.7358
78.7024
78.663
78.6178
78.5669
78.5103
78.4481
78.3805
78.3076
78.2294
78.1462
78.0579
77.9648
77.8668
77.7644
77.6572
77.5459
77.43
77.3101
77.186
77.0582
76.9263
76.791
76.6519
76.5094
76.3635
76.2144
76.0624
75.9072
75.7494
75.5887
75.4258
75.2601
75.0924
74.9223
74.7504
74.5765
74.401
74.2238
74.0454
73.8655
73.6846
73.5027
73.32
73.1367
72.9528
72.7687
72.5844
72.4002
72.2161
72.0324
71.8492
71.6668
71.4853
71.305
71.1258
70.9482
70.7721
70.5979
70.4256
70.2556
70.0879
69.9228
69.7603
69.6007
69.4442
69.291
69.1411
68.9948
68.8522
68.7135
68.5789
68.4485
68.3224
68.2009
68.084
67.9719
67.8646
67.7625
67.6654
67.5738
67.4874
67.4065
67.3312
67.2617
67.1978
67.1398
67.0878
67.0417
67.0016
66.9677
66.9398
66.9181
66.9026
66.8933
66.8901
66.8933
66.9026
66.9181
66.9398
66.9677
67.0016
67.0417
67.0878
67.1398
67.1978
67.2617
67.3312
67.4065
67.4874
67.5738
67.6654
67.7625
67.8646
67.9719
68.084
68.2009
68.3224
68.4485
68.5789
68.7135
68.8522
68.9948
69.1411
69.291
69.4442
69.6007
69.7603
69.9228
70.0879
70.2556
70.4256
70.5979
70.7721
70.9482
71.1258
71.305
71.4853
71.6668
71.8492
72.0324
72.2161
72.4002
72.5844
72.7687
72.9528
73.1367
73.32
73.5027
73.6846
73.8655
74.0454
74.2238
74.401
74.5765
74.7504
74.9223
75.0924
75.2601
75.4258
75.5887
75.7494
75.9072
76.0624
76.2144
76.3635
76.5094
76.6519
76.791
76.9263
77.0582
77.186
77.3101
77.43
77.5459
77.6572
77.7644
77.8668
77.9648
78.0579
78.1462
78.2294
78.3076
78.3805
78.4481
78.5103
78.5669
78.6178
78.663
78.7024
78.7358
78.7632
78.7846
78.8
78.8091
78.8123
77.7695
77.7662
77.7567
77.7406
77.7183
77.6896
77.6548
77.6137
77.5667
77.5135
77.4546
77.3897
77.3194
77.2433
77.1621
77.0752
76.9835
76.8865
76.7847
76.678
76.5668
76.4508
76.3306
76.2059
76.0771
75.9442
75.8073
75.6667
75.5223
75.3745
75.2231
75.0686
74.9106
74.7499
74.5859
74.4195
74.2501
74.0786
73.9044
73.7282
73.5497
73.3695
73.1873
73.0035
72.8182
72.6316
72.4438
72.255
72.0654
71.875
71.6842
71.493
71.3017
71.1103
70.9192
70.7284
70.5382
70.3487
70.1603
69.9728
69.7867
69.6021
69.4192
69.2382
69.0592
68.8824
68.7081
68.5364
68.3676
68.2017
68.039
67.8796
67.7238
67.5716
67.4234
67.2792
67.1391
67.0035
66.8724
66.746
66.6243
66.5077
66.3961
66.2898
66.1889
66.0934
66.0036
65.9195
65.8412
65.7687
65.7023
65.642
65.5878
65.5398
65.4981
65.4627
65.4338
65.4112
65.395
65.3853
65.3821
65.3853
65.395
65.4112
65.4338
65.4627
65.4981
65.5398
65.5878
65.642
65.7023
65.7687
65.8412
65.9195
66.0036
66.0934
66.1889
66.2898
66.3961
66.5077
66.6243
66.746
66.8724
67.0035
67.1391
67.2792
67.4234
67.5716
67.7238
67.8796
68.039
68.2017
68.3676
68.5364
68.7081
68.8824
69.0592
69.2382
69.4192
69.6021
69.7867
69.9728
70.1603
70.3487
70.5382
70.7284
70.9192
71.1103
71.3017
71.493
71.6842
71.875
72.0654
72.255
72.4438
72.6316
72.8182
73.0035
73.1873
73.3695
73.5497
73.7282
73.9044
74.0786
74.2501
74.4195
74.5859
74.7499
74.9106
75.0686
75.2231
75.3745
75.5223
75.6667
75.8073
75.9442
76.0771
76.2059
76.3306
76.4508
76.5668
76.678
76.7847
76.8865
76.9835
77.0752
77.1621
77.2433
77.3194
77.3897
77.4546
77.5135
77.5667
77.6137
77.6548
77.6896
77.7183
77.7406
77.7567
77.7662
77.7695
76.7339
76.7306
76.7204
76.7038
76.6803
76.6505
76.6139
76.5711
76.5218
76.4665
76.4048
76.3374
76.2639
76.1848
76.0999
76.0098
75.914
75.8132
75.7073
75.5964
75.4807
75.3603
75.2353
75.1058
74.9722
74.8342
74.6923
74.5463
74.3967
74.2431
74.0863
73.9258
73.7623
73.5954
73.4257
73.2529
73.0776
72.8995
72.7191
72.5362
72.3512
72.1642
71.9753
71.7847
71.5925
71.399
71.2041
71.0082
70.8114
70.6139
70.4158
70.2174
70.0188
69.8203
69.6218
69.4238
69.2263
69.0296
68.8338
68.6392
68.446
68.2542
68.0642
67.8761
67.6902
67.5066
67.3255
67.1471
66.9715
66.7992
66.63
66.4644
66.3024
66.1443
65.9901
65.8402
65.6946
65.5536
65.4172
65.2857
65.1592
65.0379
64.9219
64.8113
64.7063
64.607
64.5135
64.426
64.3445
64.2692
64.2
64.1373
64.0809
64.031
63.9876
63.9508
63.9206
63.8971
63.8803
63.8702
63.8668
63.8702
63.8803
63.8971
63.9206
63.9508
63.9876
64.031
64.0809
64.1373
64.2
64.2692
64.3445
64.426
64.5135
64.607
64.7063
64.8113
64.9219
65.0379
65.1592
65.2857
65.4172
65.5536
65.6946
65.8402
65.9901
66.1443
66.3024
66.4644
66.63
66.7992
66.9715
67.1471
67.3255
67.5066
67.6902
67.8761
68.0642
68.2542
68.446
68.6392
68.8338
69.0296
69.2263
69.4238
69.6218
69.8203
70.0188
70.2174
70.4158
70.6139
70.8114
71.0082
71.2041
71.399
71.5925
71.7847
71.9753
72.1642
72.3512
72.5362
72.7191
72.8995
73.0776
73.2529
73.4257
73.5954
73.7623
73.9258
74.0863
74.2431
74.3967
74.5463
74.6923
74.8342
74.9722
75.1058
75.2353
75.3603
75.4807
75.5964
75.7073
75.8132
75.914
76.0098
76.0999
76.1848
76.2639
76.3374
76.4048
76.4665
76.5218
76.5711
76.6139
76.6505
76.6803
76.7038
76.7204
76.7306
76.7339
75.7054
75.7018
75.6913
75.6737
75.6492
75.6178
75.5796
75.5347
75.4833
75.4253
75.361
75.2905
75.214
75.1314
75.0431
74.9491
74.8496
74.7447
74.6345
74.5194
74.3991
74.2741
74.1443
74.0101
73.8711
73.7282
73.5808
73.4297
73.2744
73.1155
72.9527
72.7867
72.617
72.4443
72.2682
72.0893
71.9074
71.723
71.5359
71.3464
71.1547
70.9608
70.765
70.5673
70.3681
70.1673
69.9653
69.7622
69.5581
69.3533
69.1478
68.942
68.7359
68.5298
68.324
68.1185
67.9136
67.7094
67.5062
67.3042
67.1036
66.9045
66.7073
66.5119
66.3189
66.1281
65.94
65.7547
65.5724
65.3933
65.2176
65.0454
64.8771
64.7128
64.5526
64.3967
64.2454
64.0988
63.9571
63.8203
63.6888
63.5626
63.4421
63.3271
63.2179
63.1146
63.0174
62.9264
62.8416
62.7632
62.6914
62.6261
62.5674
62.5155
62.4704
62.4321
62.4007
62.3762
62.3588
62.3482
62.3448
62.3482
62.3588
62.3762
62.4007
62.4321
62.4704
62.5155
62.5674
62.6261
62.6914
62.7632
62.8416
62.9264
63.0174
63.1146
63.2179
63.3271
63.4421
63.5626
63.6888
63.8203
63.9571
64.0988
64.2454
64.3967
64.5526
64.7128
64.8771
65.0454
65.2176
65.3933
65.5724
65.7547
65.94
66.1281
66.3189
66.5119
66.7073
66.9045
67.1036
67.3042
67.5062
67.7094
67.9136
68.1185
68.324
68.5298
68.7359
68.942
69.1478
69.3533
69.5581
69.7622
69.9653
70.1673
70.3681
70.5673
70.765
70.9608
71.1547
71.3464
71.5359
71.723
71.9074
72.0893
72.2682
72.4443
72.617
72.7867
72.9527
73.1155
73.2744
73.4297
73.5808
73.7282
73.8711
74.0101
74.1443
74.2741
74.3991
74.5194
74.6345
74.7447
74.8496
74.9491
75.0431
75.1314
75.214
75.2905
75.361
75.4253
75.4833
75.5347
75.5796
75.6178
75.6492
75.6737
75.6913
75.7018
75.7054
74.6833
74.6797
74.6685
74.6502
74.6245
74.5916
74.5516
74.5046
74.4507
74.3901
74.323
74.2494
74.1696
74.0835
73.9916
73.8937
73.7903
73.6811
73.5668
73.4469
73.3222
73.1923
73.0579
72.9184
72.7747
72.6263
72.4738
72.3169
72.1562
71.9913
71.8229
71.6507
71.4751
71.2961
71.1138
70.9285
70.7401
70.549
70.3551
70.1588
69.9601
69.7593
69.5563
69.3516
69.1451
68.9371
68.7276
68.5171
68.3055
68.0931
67.8801
67.6667
67.4531
67.2394
67.0259
66.8127
66.6001
66.3884
66.1776
65.968
65.7598
65.5532
65.3484
65.1457
64.9453
64.7473
64.552
64.3596
64.1703
63.9843
63.8018
63.6231
63.4482
63.2775
63.111
62.9491
62.7919
62.6396
62.4922
62.3502
62.2135
62.0824
61.957
61.8375
61.724
61.6167
61.5156
61.421
61.3328
61.2514
61.1766
61.1087
61.0477
60.9938
60.9468
60.907
60.8744
60.849
60.8308
60.8199
60.8162
60.8199
60.8308
60.849
60.8744
60.907
60.9468
60.9938
61.0477
61.1087
61.1766
61.2514
61.3328
61.421
61.5156
61.6167
61.724
61.8375
61.957
62.0824
62.2135
62.3502
62.4922
62.6396
62.7919
62.9491
63.111
63.2775
63.4482
63.6231
63.8018
63.9843
64.1703
64.3596
64.552
64.7473
64.9453
65.1457
65.3484
65.5532
65.7598
65.968
66.1776
66.3884
66.6001
66.8127
67.0259
67.2394
67.4531
67.6667
67.8801
68.0931
68.3055
68.5171
68.7276
68.9371
69.1451
69.3516
69.5563
69.7593
69.9601
70.1588
70.3551
70.549
70.7401
70.9285
71.1138
71.2961
71.4751
71.6507
71.8229
71.9913
72.1562
72.3169
72.4738
72.6263
72.7747
72.9184
73.0579
73.1923
73.3222
73.4469
73.5668
73.6811
73.7903
73.8937
73.9916
74.0835
74.1696
74.2494
74.323
74.3901
74.4507
74.5046
74.5516
74.5916
74.6245
74.6502
74.6685
74.6797
74.6833
73.6679
73.6641
73.6525
73.6332
73.6063
73.5719
73.53
73.4809
73.4246
73.3614
73.2911
73.2145
73.1311
73.0416
72.9457
72.8441
72.7363
72.6231
72.5041
72.38
72.2503
72.1158
71.9761
71.8318
71.6826
71.529
71.3708
71.2085
71.0419
70.8714
70.6968
70.5186
70.3367
70.1513
69.9625
69.7705
69.5755
69.3776
69.1769
68.9736
68.7679
68.5598
68.3496
68.1374
67.9236
67.708
67.4912
67.273
67.0538
66.8337
66.613
66.3918
66.1704
65.9489
65.7276
65.5066
65.2862
65.0666
64.848
64.6305
64.4146
64.2003
63.988
63.7776
63.5696
63.3642
63.1615
62.9618
62.7653
62.5722
62.3828
62.1971
62.0156
61.8383
61.6655
61.4973
61.334
61.1758
61.0228
60.8752
60.7332
60.597
60.4668
60.3426
60.2246
60.1131
60.0081
59.9097
59.8181
59.7334
59.6558
59.5852
59.5218
59.4657
59.4169
59.3755
59.3416
59.3152
59.2963
59.2849
59.2812
59.2849
59.2963
59.3152
59.3416
59.3755
59.4169
59.4657
59.5218
59.5852
59.6558
59.7334
59.8181
59.9097
60.0081
60.1131
60.2246
60.3426
60.4668
60.597
60.7332
60.8752
61.0228
61.1758
61.334
61.4973
61.6655
61.8383
62.0156
62.1971
62.3828
62.5722
62.7653
62.9618
63.1615
63.3642
63.5696
63.7776
63.988
64.2003
64.4146
64.6305
64.848
65.0666
65.2862
65.5066
65.7276
65.9489
66.1704
66.3918
66.613
66.8337
67.0538
67.273
67.4912
67.708
67.9236
68.1374
68.3496
68.5598
68.7679
68.9736
69.1769
69.3776
69.5755
69.7705
69.9625
70.1513
70.3367
70.5186
70.6968
70.8714
71.0419
71.2085
71.3708
71.529
71.6826
71.8318
71.9761
72.1158
72.2503
72.38
72.5041
72.6231
72.7363
72.8441
72.9457
73.0416
73.1311
73.2145
73.2911
73.3614
73.4246
73.4809
73.53
73.5719
73.6063
73.6332
73.6525
73.6641
73.6679
72.6595
72.6554
72.6433
72.6231
72.595
72.5589
72.5152
72.4638
72.4051
72.3389
72.2658
72.1856
72.099
72.0055
71.906
71.7999
71.6882
71.5704
71.4471
71.318
71.1837
71.044
70.8994
70.7497
70.5952
70.436
70.2723
70.104
69.9316
69.7549
69.5743
69.3897
69.2015
69.0096
68.8142
68.6155
68.4136
68.2088
68.001
67.7905
67.5775
67.3622
67.1446
66.925
66.7035
66.4804
66.2557
66.0298
65.8027
65.5748
65.3462
65.1171
64.8876
64.6582
64.4287
64.1998
63.9713
63.7437
63.5171
63.2917
63.0678
62.8456
62.6253
62.4072
62.1914
61.9783
61.768
61.5608
61.3569
61.1566
60.96
60.7673
60.5789
60.3948
60.2154
60.0408
59.8713
59.7069
59.548
59.3948
59.2473
59.1059
58.9705
58.8415
58.719
58.6032
58.494
58.3918
58.2967
58.2087
58.128
58.0547
57.9888
57.9305
57.8798
57.8368
57.8015
57.7741
57.7544
57.7426
57.7387
57.7426
57.7544
57.7741
57.8015
57.8368
57.8798
57.9305
57.9888
58.0547
58.128
58.2087
58.2967
58.3918
58.494
58.6032
58.719
58.8415
58.9705
59.1059
59.2473
59.3948
59.548
59.7069
59.8713
60.0408
60.2154
60.3948
60.5789
60.7673
60.96
61.1566
61.3569
61.5608
61.768
61.9783
62.1914
62.4072
62.6253
62.8456
63.0678
63.2917
63.5171
63.7437
63.9713
64.1998
64.4287
64.6582
64.8876
65.1171
65.3462
65.5748
65.8027
66.0298
66.2557
66.4804
66.7035
66.925
67.1446
67.3622
67.5775
67.7905
68.001
68.2088
68.4136
68.6155
68.8142
69.0096
69.2015
69.3897
69.5743
69.7549
69.9316
70.104
70.2723
70.436
70.5952
70.7497
70.8994
71.044
71.1837
71.318
71.4471
71.5704
71.6882
71.7999
71.906
72.0055
72.099
72.1856
72.2658
72.3389
72.4051
72.4638
72.5152
72.5589
72.595
72.6231
72.6433
72.6554
72.6595
71.6592
71.6551
71.6422
71.6212
71.5916
71.5539
71.5081
71.4544
71.3929
71.324
71.2475
71.1641
71.0736
70.9765
70.8726
70.7626
70.6462
70.524
70.3958
70.262
70.1226
69.9778
69.8278
69.6727
69.5126
69.3478
69.1782
69.0041
68.8256
68.6428
68.4558
68.2648
68.07
67.8714
67.6692
67.4636
67.2548
67.0428
66.8279
66.6101
66.3897
66.1668
65.9416
65.7143
65.4851
65.2541
65.0216
64.7877
64.5527
64.3166
64.0799
63.8425
63.6049
63.3672
63.1296
62.8924
62.6557
62.4197
62.1849
61.9512
61.7192
61.4888
61.2604
61.0342
60.8105
60.5894
60.3714
60.1564
59.9449
59.737
59.533
59.333
59.1375
58.9465
58.7602
58.579
58.403
58.2324
58.0674
57.9082
57.7551
57.6082
57.4677
57.3337
57.2064
57.086
56.9727
56.8666
56.7677
56.6763
56.5925
56.5162
56.4478
56.3872
56.3346
56.2898
56.2532
56.2247
56.2043
56.192
56.1879
56.192
56.2043
56.2247
56.2532
56.2898
56.3346
56.3872
56.4478
56.5162
56.5925
56.6763
56.7677
56.8666
56.9727
57.086
57.2064
57.3337
57.4677
57.6082
57.7551
57.9082
58.0674
58.2324
58.403
58.579
58.7602
58.9465
59.1375
59.333
59.533
59.737
59.9449
60.1564
60.3714
60.5894
60.8105
61.0342
61.2604
61.4888
61.7192
61.9512
62.1849
62.4197
62.6557
62.8924
63.1296
63.3672
63.6049
63.8425
64.0799
64.3166
64.5527
64.7877
65.0216
65.2541
65.4851
65.7143
65.9416
66.1668
66.3897
66.6101
66.8279
67.0428
67.2548
67.4636
67.6692
67.8714
68.07
68.2648
68.4558
68.6428
68.8256
69.0041
69.1782
69.3478
69.5126
69.6727
69.8278
69.9778
70.1226
70.262
70.3958
70.524
70.6462
70.7626
70.8726
70.9765
71.0736
71.1641
71.2475
71.324
71.3929
71.4544
71.5081
71.5539
71.5916
71.6212
71.6422
71.6551
71.6592
70.6684
70.6638
70.6505
70.6282
70.5972
70.5576
70.5096
70.4533
70.389
70.3168
70.237
70.1499
70.0556
69.9543
69.8463
69.7316
69.6108
69.4837
69.3507
69.2118
69.0672
68.9172
68.7617
68.601
68.4352
68.2645
68.089
67.9088
67.724
67.5348
67.3414
67.1439
66.9423
66.737
66.5279
66.3153
66.0992
65.88
65.6576
65.4324
65.2043
64.9738
64.7409
64.5058
64.2685
64.0296
63.7889
63.5468
63.3035
63.0592
62.8141
62.5685
62.3224
62.0762
61.8301
61.5843
61.3391
61.0947
60.8513
60.6093
60.3686
60.1299
59.8931
59.6586
59.4266
59.1974
58.9712
58.7482
58.5288
58.3132
58.1015
57.8941
57.6911
57.4928
57.2995
57.1114
56.9287
56.7516
56.5803
56.415
56.256
56.1035
55.9575
55.8184
55.6862
55.5612
55.4434
55.3332
55.2305
55.1355
55.0484
54.9692
54.8981
54.8351
54.7804
54.734
54.6959
54.6663
54.645
54.6323
54.628
54.6323
54.645
54.6663
54.6959
54.734
54.7804
54.8351
54.8981
54.9692
55.0484
55.1355
55.2305
55.3332
55.4434
55.5612
55.6862
55.8184
55.9575
56.1035
56.256
56.415
56.5803
56.7516
56.9287
57.1114
57.2995
57.4928
57.6911
57.8941
58.1015
58.3132
58.5288
58.7482
58.9712
59.1974
59.4266
59.6586
59.8931
60.1299
60.3686
60.6093
60.8513
61.0947
61.3391
61.5843
61.8301
62.0762
62.3224
62.5685
62.8141
63.0592
63.3035
63.5468
63.7889
64.0296
64.2685
64.5058
64.7409
64.9738
65.2043
65.4324
65.6576
65.88
66.0992
66.3153
66.5279
66.737
66.9423
67.1439
67.3414
67.5348
67.724
67.9088
68.089
68.2645
68.4352
68.601
68.7617
68.9172
69.0672
69.2118
69.3507
69.4837
69.6108
69.7316
69.8463
69.9543
70.0556
70.1499
70.237
70.3168
70.389
70.4533
70.5096
70.5576
70.5972
70.6282
70.6505
70.6638
70.6684
69.6872
69.6825
69.6683
69.6449
69.6122
69.5705
69.5199
69.4608
69.3934
69.3178
69.2344
69.1433
69.0449
68.9393
68.8268
68.7076
68.5818
68.4498
68.3116
68.1675
68.0176
67.862
67.7009
67.5345
67.3629
67.1862
67.0046
66.8181
66.627
66.4314
66.2314
66.027
65.8187
65.6063
65.3902
65.1703
64.947
64.7203
64.4905
64.2575
64.0218
63.7833
63.5424
63.2992
63.0539
62.8067
62.5578
62.3073
62.0555
61.8027
61.549
61.2946
61.0399
60.785
60.5302
60.2757
60.0217
59.7685
59.5163
59.2655
59.0162
58.7687
58.5233
58.2802
58.0397
57.802
57.5674
57.3362
57.1086
56.8849
56.6653
56.4501
56.2395
56.0337
55.8331
55.6378
55.4482
55.2643
55.0865
54.9149
54.7498
54.5914
54.4398
54.2953
54.158
54.0281
53.9059
53.7913
53.6846
53.586
53.4955
53.4132
53.3393
53.2739
53.2171
53.1688
53.1293
53.0984
53.0764
53.0631
53.0587
53.0631
53.0764
53.0984
53.1293
53.1688
53.2171
53.2739
53.3393
53.4132
53.4955
53.586
53.6846
53.7913
53.9059
54.0281
54.158
54.2953
54.4398
54.5914
54.7498
54.9149
55.0865
55.2643
55.4482
55.6378
55.8331
56.0337
56.2395
56.4501
56.6653
56.8849
57.1086
57.3362
57.5674
57.802
58.0397
58.2802
58.5233
58.7687
59.0162
59.2655
59.5163
59.7685
60.0217
60.2757
60.5302
60.785
61.0399
61.2946
61.549
61.8027
62.0555
62.3073
62.5578
62.8067
63.0539
63.2992
63.5424
63.7833
64.0218
64.2575
64.4905
64.7203
64.947
65.1703
65.3902
65.6063
65.8187
66.027
66.2314
66.4314
66.627
66.8181
67.0046
67.1862
67.3629
67.5345
67.7009
67.862
68.0176
68.1675
68.3116
68.4498
68.5818
68.7076
68.8268
68.9393
69.0449
69.1433
69.2344
69.3178
69.3934
69.4608
69.5199
69.5705
69.6122
69.6449
69.6683
69.6825
69.6872
68.7161
68.7111
68.6961
68.6713
68.6367
68.5927
68.5394
68.4771
68.4062
68.3269
68.2394
68.1442
68.0413
67.9312
67.8139
67.6899
67.5591
67.422
67.2785
67.129
66.9736
66.8124
66.6455
66.4732
66.2955
66.1127
65.9248
65.732
65.5344
65.3322
65.1254
64.9143
64.6989
64.4795
64.2561
64.0289
63.7981
63.5638
63.3262
63.0855
62.8418
62.5954
62.3463
62.0949
61.8412
61.5855
61.328
61.069
60.8085
60.547
60.2845
60.0213
59.7576
59.4938
59.2299
58.9664
58.7033
58.4411
58.18
57.9201
57.6618
57.4053
57.151
56.899
56.6497
56.4033
56.1601
55.9203
55.6843
55.4522
55.2244
55.0012
54.7826
54.5692
54.361
54.1583
53.9614
53.7706
53.586
53.4079
53.2364
53.0719
52.9145
52.7645
52.6219
52.487
52.36
52.241
52.1302
52.0277
51.9337
51.8482
51.7715
51.7035
51.6444
51.5943
51.5532
51.5212
51.4982
51.4845
51.4799
51.4845
51.4982
51.5212
51.5532
51.5943
51.6444
51.7035
51.7715
51.8482
51.9337
52.0277
52.1302
52.241
52.36
52.487
52.6219
52.7645
52.9145
53.0719
53.2364
53.4079
53.586
53.7706
53.9614
54.1583
54.361
54.5692
54.7826
55.0012
55.2244
55.4522
55.6843
55.9203
56.1601
56.4033
56.6497
56.899
57.151
57.4053
57.6618
57.9201
58.18
58.4411
58.7033
58.9664
59.2299
59.4938
59.7576
60.0213
60.2845
60.547
60.8085
61.069
61.328
61.5855
61.8412
62.0949
62.3463
62.5954
62.8418
63.0855
63.3262
63.5638
63.7981
64.0289
64.2561
64.4795
64.6989
64.9143
65.1254
65.3322
65.5344
65.732
65.9248
66.1127
66.2955
66.4732
66.6455
66.8124
66.9736
67.129
67.2785
67.422
67.5591
67.6899
67.8139
67.9312
68.0413
68.1442
68.2394
68.3269
68.4062
68.4771
68.5394
68.5927
68.6367
68.6713
68.6961
68.7111
68.7161
67.7555
67.7502
67.7342
67.7078
67.6711
67.6245
67.5681
67.5024
67.4277
67.3443
67.2526
67.1528
67.0454
66.9304
66.8082
66.6789
66.543
66.4004
66.2515
66.0964
65.9353
65.7682
65.5955
65.4171
65.2334
65.0443
64.8501
64.6508
64.4466
64.2375
64.0239
63.8058
63.5833
63.3566
63.1259
62.8912
62.6528
62.4107
62.1653
61.9166
61.6648
61.4101
61.1527
60.8928
60.6306
60.3663
60.1001
59.8322
59.5629
59.2923
59.0207
58.7484
58.4756
58.2025
57.9295
57.6566
57.3843
57.1128
56.8423
56.5732
56.3056
56.0399
55.7764
55.5152
55.2568
55.0014
54.7493
54.5007
54.2559
54.0153
53.779
53.5474
53.3207
53.0992
52.8832
52.6729
52.4686
52.2705
52.0789
51.894
51.716
51.5452
51.3818
51.2259
51.0779
50.9378
50.8059
50.6823
50.5672
50.4608
50.3631
50.2743
50.1946
50.124
50.0626
50.0105
49.9678
49.9345
49.9107
49.8964
49.8917
49.8964
49.9107
49.9345
49.9678
50.0105
50.0626
50.124
50.1946
50.2743
50.3631
50.4608
50.5672
50.6823
50.8059
50.9378
51.0779
51.2259
51.3818
51.5452
51.716
51.894
52.0789
52.2705
52.4686
52.6729
52.8832
53.0992
53.3207
53.5474
53.779
54.0153
54.2559
54.5007
54.7493
55.0014
55.2568
55.5152
55.7764
56.0399
56.3056
56.5732
56.8423
57.1128
57.3843
57.6566
57.9295
58.2025
58.4756
58.7484
59.0207
59.2923
59.5629
59.8322
60.1001
60.3663
60.6306
60.8928
61.1527
61.4101
61.6648
61.9166
62.1653
62.4107
62.6528
62.8912
63.1259
63.3566
63.5833
63.8058
64.0239
64.2375
64.4466
64.6508
64.8501
65.0443
65.2334
65.4171
65.5955
65.7682
65.9353
66.0964
66.2515
66.4004
66.543
66.6789
66.8082
66.9304
67.0454
67.1528
67.2526
67.3443
67.4277
67.5024
67.5681
67.6245
67.6711
67.7078
67.7342
67.7502
67.7555
66.8056
66.7999
66.7829
66.7547
66.7156
66.666
66.6063
66.5368
66.4579
66.3701
66.2737
66.1692
66.0566
65.9366
65.8091
65.6747
65.5332
65.3852
65.2306
65.0698
64.9028
64.7299
64.551
64.3665
64.1764
63.981
63.7802
63.5743
63.3633
63.1475
62.9269
62.7017
62.4719
62.2379
61.9996
61.7573
61.511
61.2611
61.0076
60.7508
60.4907
60.2276
59.9617
59.6932
59.4222
59.149
58.8738
58.5969
58.3184
58.0387
57.7579
57.4762
57.194
56.9115
56.6289
56.3465
56.0647
55.7836
55.5035
55.2248
54.9477
54.6725
54.3994
54.1289
53.8611
53.5964
53.3351
53.0774
52.8236
52.5741
52.3291
52.0889
51.8537
51.624
51.3999
51.1817
50.9697
50.7641
50.5652
50.3733
50.1886
50.0112
49.8416
49.6798
49.5261
49.3806
49.2436
49.1153
48.9957
48.8852
48.7837
48.6915
48.6087
48.5353
48.4715
48.4175
48.3731
48.3385
48.3138
48.2989
48.294
48.2989
48.3138
48.3385
48.3731
48.4175
48.4715
48.5353
48.6087
48.6915
48.7837
48.8852
48.9957
49.1153
49.2436
49.3806
49.5261
49.6798
49.8416
50.0112
50.1886
50.3733
50.5652
50.7641
50.9697
51.1817
51.3999
51.624
51.8537
52.0889
52.3291
52.5741
52.8236
53.0774
53.3351
53.5964
53.8611
54.1289
54.3994
54.6725
54.9477
55.2248
55.5035
55.7836
56.0647
56.3465
56.6289
56.9115
57.194
57.4762
57.7579
58.0387
58.3184
58.5969
58.8738
59.149
59.4222
59.6932
59.9617
60.2276
60.4907
60.7508
61.0076
61.2611
61.511
61.7573
61.9996
62.2379
62.4719
62.7017
62.9269
63.1475
63.3633
63.5743
63.7802
63.981
64.1764
64.3665
64.551
64.7299
64.9028
65.0698
65.2306
65.3852
65.5332
65.6747
65.8091
65.9366
66.0566
66.1692
66.2737
66.3701
66.4579
66.5368
66.6063
66.666
66.7156
66.7547
66.7829
66.7999
66.8056
65.8666
65.8605
65.8422
65.812
65.7702
65.7173
65.6538
65.58
65.4967
65.4041
65.3027
65.193
65.0753
64.9498
64.8169
64.6768
64.5298
64.3759
64.2155
64.0488
63.8758
63.6967
63.5118
63.321
63.1246
62.9226
62.7153
62.5026
62.2848
62.0619
61.8342
61.6016
61.3645
61.1229
60.877
60.6269
60.3728
60.1148
59.8531
59.5879
59.3194
59.0477
58.7731
58.4957
58.2159
57.9336
57.6493
57.3631
57.0753
56.7861
56.4957
56.2045
55.9126
55.6204
55.3281
55.0359
54.7442
54.4533
54.1634
53.8748
53.5879
53.3029
53.0202
52.7399
52.4625
52.1882
51.9174
51.6503
51.3872
51.1285
50.8745
50.6254
50.3816
50.1433
49.9108
49.6844
49.4645
49.2512
49.0448
48.8456
48.6539
48.4699
48.2938
48.1258
47.9662
47.8152
47.673
47.5397
47.4155
47.3007
47.1954
47.0996
47.0136
46.9374
46.8712
46.815
46.7689
46.733
46.7073
46.6919
46.6867
46.6919
46.7073
46.733
46.7689
46.815
46.8712
46.9374
47.0136
47.0996
47.1954
47.3007
47.4155
47.5397
47.673
47.8152
47.9662
48.1258
48.2938
48.4699
48.6539
48.8456
49.0448
49.2512
49.4645
49.6844
49.9108
50.1433
50.3816
50.6254
50.8745
51.1285
51.3872
51.6503
51.9174
52.1882
52.4625
52.7399
53.0202
53.3029
53.5879
53.8748
54.1634
54.4533
54.7442
55.0359
55.3281
55.6204
55.9126
56.2045
56.4957
56.7861
57.0753
57.3631
57.6493
57.9336
58.2159
58.4957
58.7731
59.0477
59.3194
59.5879
59.8531
60.1148
60.3728
60.6269
60.877
61.1229
61.3645
61.6016
61.8342
62.0619
62.2848
62.5026
62.7153
62.9226
63.1246
63.321
63.5118
63.6967
63.8758
64.0488
64.2155
64.3759
64.5298
64.6768
64.8169
64.9498
65.0753
65.193
65.3027
65.4041
65.4967
65.58
65.6538
65.7173
65.7702
65.812
65.8422
65.8605
65.8666
64.9398
64.9331
64.9134
64.8808
64.8359
64.7792
64.7113
64.6329
64.5445
64.4467
64.34
64.2248
64.1014
63.9703
63.8316
63.6858
63.5329
63.3732
63.2068
63.0341
62.8549
62.6697
62.4783
62.2812
62.0782
61.8696
61.6555
61.436
61.2111
60.9812
60.7462
60.5064
60.2617
60.0125
59.7587
59.5007
59.2384
58.9723
58.7022
58.4285
58.1514
57.8709
57.5874
57.301
57.012
56.7205
56.4268
56.1311
55.8337
55.5348
55.2347
54.9336
54.6318
54.3296
54.0273
53.7251
53.4233
53.1223
52.8223
52.5236
52.2265
51.9314
51.6386
51.3484
51.061
50.7768
50.4962
50.2194
49.9468
49.6787
49.4153
49.1571
48.9042
48.6571
48.416
48.1813
47.9531
47.7318
47.5177
47.311
47.112
46.921
46.7382
46.5639
46.3982
46.2415
46.0938
45.9554
45.8266
45.7073
45.5979
45.4985
45.4091
45.33
45.2612
45.2029
45.155
45.1177
45.091
45.075
45.0697
45.075
45.091
45.1177
45.155
45.2029
45.2612
45.33
45.4091
45.4985
45.5979
45.7073
45.8266
45.9554
46.0938
46.2415
46.3982
46.5639
46.7382
46.921
47.112
47.311
47.5177
47.7318
47.9531
48.1813
48.416
48.6571
48.9042
49.1571
49.4153
49.6787
49.9468
50.2194
50.4962
50.7768
51.061
51.3484
51.6386
51.9314
52.2265
52.5236
52.8223
53.1223
53.4233
53.7251
54.0273
54.3296
54.6318
54.9336
55.2347
55.5348
55.8337
56.1311
56.4268
56.7205
57.012
57.301
57.5874
57.8709
58.1514
58.4285
58.7022
58.9723
59.2384
59.5007
59.7587
60.0125
60.2617
60.5064
60.7462
60.9812
61.2111
61.436
61.6555
61.8696
62.0782
62.2812
62.4783
62.6697
62.8549
63.0341
63.2068
63.3732
63.5329
63.6858
63.8316
63.9703
64.1014
64.2248
64.34
64.4467
64.5445
64.6329
64.7113
64.7792
64.8359
64.8808
64.9134
64.9331
64.9398
64.0256
64.0184
63.9969
63.9615
63.9128
63.8518
63.779
63.6954
63.6015
63.4981
63.3855
63.2644
63.1352
62.998
62.8535
62.7015
62.5426
62.3767
62.2043
62.0252
61.8399
61.6482
61.4505
61.2468
61.0373
60.8219
60.6009
60.3744
60.1425
59.9053
59.663
59.4156
59.1633
58.9062
58.6446
58.3785
58.108
57.8334
57.5549
57.2725
56.9865
56.6971
56.4045
56.1089
55.8105
55.5095
55.2062
54.9008
54.5936
54.2848
53.9747
53.6635
53.3515
53.0391
52.7265
52.4139
52.1018
51.7903
51.4799
51.1708
50.8634
50.5579
50.2547
49.9541
49.6565
49.3622
49.0715
48.7847
48.5022
48.2243
47.9513
47.6836
47.4215
47.1653
46.9153
46.6718
46.4351
46.2056
45.9835
45.769
45.5626
45.3644
45.1747
44.9938
44.8218
44.6591
44.5058
44.3622
44.2284
44.1046
43.991
43.8877
43.795
43.7128
43.6414
43.5808
43.5311
43.4923
43.4646
43.448
43.4424
43.448
43.4646
43.4923
43.5311
43.5808
43.6414
43.7128
43.795
43.8877
43.991
44.1046
44.2284
44.3622
44.5058
44.6591
44.8218
44.9938
45.1747
45.3644
45.5626
45.769
45.9835
46.2056
46.4351
46.6718
46.9153
47.1653
47.4215
47.6836
47.9513
48.2243
48.5022
48.7847
49.0715
49.3622
49.6565
49.9541
50.2547
50.5579
50.8634
51.1708
51.4799
51.7903
52.1018
52.4139
52.7265
53.0391
53.3515
53.6635
53.9747
54.2848
54.5936
54.9008
55.2062
55.5095
55.8105
56.1089
56.4045
56.6971
56.9865
57.2725
57.5549
57.8334
58.108
58.3785
58.6446
58.9062
59.1633
59.4156
59.663
59.9053
60.1425
60.3744
60.6009
60.8219
61.0373
61.2468
61.4505
61.6482
61.8399
62.0252
62.2043
62.3767
62.5426
62.7015
62.8535
62.998
63.1352
63.2644
63.3855
63.4981
63.6015
63.6954
63.779
63.8518
63.9128
63.9615
63.9969
64.0184
64.0256
63.1256
63.1176
63.0938
63.0549
63.0019
62.9356
62.8573
62.7677
62.6676
62.558
62.4392
62.3118
62.1763
62.033
61.8821
61.724
61.5587
61.3867
61.2079
61.0226
60.8307
60.6327
60.4284
60.218
60.0017
59.7795
59.5516
59.318
59.0789
58.8344
58.5845
58.3296
58.0695
57.8045
57.5347
57.2604
56.9815
56.6984
56.4111
56.12
55.825
55.5264
55.2245
54.9195
54.6115
54.3008
53.9877
53.6724
53.3551
53.0361
52.7157
52.3942
52.0717
51.7488
51.4256
51.1024
50.7796
50.4575
50.1363
49.8165
49.4983
49.1821
48.8683
48.5571
48.2489
47.9441
47.643
47.3459
47.0532
46.7653
46.4824
46.2049
45.9332
45.6675
45.4083
45.1558
44.9104
44.6723
44.4419
44.2195
44.0053
43.7996
43.6028
43.415
43.2366
43.0677
42.9086
42.7595
42.6206
42.4921
42.3741
42.267
42.1706
42.0853
42.0112
41.9482
41.8966
41.8564
41.8276
41.8103
41.8046
41.8103
41.8276
41.8564
41.8966
41.9482
42.0112
42.0853
42.1706
42.267
42.3741
42.4921
42.6206
42.7595
42.9086
43.0677
43.2366
43.415
43.6028
43.7996
44.0053
44.2195
44.4419
44.6723
44.9104
45.1558
45.4083
45.6675
45.9332
46.2049
46.4824
46.7653
47.0532
47.3459
47.643
47.9441
48.2489
48.5571
48.8683
49.1821
49.4983
49.8165
50.1363
50.4575
50.7796
51.1024
51.4256
51.7488
52.0717
52.3942
52.7157
53.0361
53.3551
53.6724
53.9877
54.3008
54.6115
54.9195
55.2245
55.5264
55.825
56.12
56.4111
56.6984
56.9815
57.2604
57.5347
57.8045
58.0695
58.3296
58.5845
58.8344
59.0789
59.318
59.5516
59.7795
60.0017
60.218
60.4284
60.6327
60.8307
61.0226
61.2079
61.3867
61.5587
61.724
61.8821
62.033
62.1763
62.3118
62.4392
62.558
62.6676
62.7677
62.8573
62.9356
63.0019
63.0549
63.0938
63.1176
63.1256
62.2413
62.2322
62.2056
62.1623
62.1038
62.0314
61.9465
61.8502
61.7434
61.6269
61.5014
61.3673
61.2252
61.0753
60.918
60.7533
60.5817
60.4032
60.218
60.0261
59.8278
59.6232
59.4123
59.1952
58.972
58.7429
58.5079
58.2671
58.0207
57.7687
57.5113
57.2485
56.9805
56.7075
56.4295
56.1468
55.8594
55.5676
55.2714
54.9712
54.667
54.3591
54.0477
53.733
53.4153
53.0946
52.7715
52.4459
52.1183
51.7889
51.458
51.1258
50.7927
50.4589
50.1248
49.7907
49.4569
49.1238
48.7916
48.4607
48.1315
47.8043
47.4795
47.1573
46.8383
46.5226
46.2107
45.903
45.5998
45.3014
45.0083
44.7207
44.4391
44.1637
43.895
43.6331
43.3786
43.1317
42.8927
42.662
42.4398
42.2265
42.0222
41.8274
41.6422
41.4669
41.3018
41.147
41.0028
40.8694
40.747
40.6357
40.5357
40.4472
40.3702
40.3048
40.2512
40.2095
40.1796
40.1616
40.1557
40.1616
40.1796
40.2095
40.2512
40.3048
40.3702
40.4472
40.5357
40.6357
40.747
40.8694
41.0028
41.147
41.3018
41.4669
41.6422
41.8274
42.0222
42.2265
42.4398
42.662
42.8927
43.1317
43.3786
43.6331
43.895
44.1637
44.4391
44.7207
45.0083
45.3014
45.5998
45.903
46.2107
46.5226
46.8383
47.1573
47.4795
47.8043
48.1315
48.4607
48.7916
49.1238
49.4569
49.7907
50.1248
50.4589
50.7927
51.1258
51.458
51.7889
52.1183
52.4459
52.7715
53.0946
53.4153
53.733
54.0477
54.3591
54.667
54.9712
55.2714
55.5676
55.8594
56.1468
56.4295
56.7075
56.9805
57.2485
57.5113
57.7687
58.0207
58.2671
58.5079
58.7429
58.972
59.1952
59.4123
59.6232
59.8278
60.0261
60.218
60.4032
60.5817
60.7533
60.918
61.0753
61.2252
61.3673
61.5014
61.6269
61.7434
61.8502
61.9465
62.0314
62.1038
62.1623
62.2056
62.2322
62.2413
61.3748
61.3643
61.3337
61.2847
61.2193
61.1394
61.0468
60.9428
60.8285
60.7046
60.5718
60.4307
60.2816
60.1249
59.9608
59.7896
59.6113
59.4263
59.2345
59.0361
58.8311
58.6198
58.4021
58.1782
57.9481
57.7119
57.4698
57.2217
56.9679
56.7083
56.4432
56.1726
55.8966
55.6153
55.329
55.0377
54.7416
54.4409
54.1357
53.8263
53.5127
53.1953
52.8742
52.5496
52.2218
51.8911
51.5575
51.2216
50.8834
50.5433
50.2015
49.8584
49.5143
49.1694
48.8241
48.4788
48.1337
47.7892
47.4457
47.1035
46.7628
46.4243
46.0881
45.7547
45.4243
45.0975
44.7745
44.4558
44.1417
43.8326
43.5289
43.2309
42.939
42.6535
42.3749
42.1035
41.8395
41.5835
41.3356
41.0963
40.8658
40.6445
40.4326
40.2304
40.0382
39.8563
39.6849
39.5243
39.3747
39.2362
39.1091
38.9936
38.8898
38.7978
38.7179
38.65
38.5944
38.551
38.52
38.5014
38.4952
38.5014
38.52
38.551
38.5944
38.65
38.7179
38.7978
38.8898
38.9936
39.1091
39.2362
39.3747
39.5243
39.6849
39.8563
40.0382
40.2304
40.4326
40.6445
40.8658
41.0963
41.3356
41.5835
41.8395
42.1035
42.3749
42.6535
42.939
43.2309
43.5289
43.8326
44.1417
44.4558
44.7745
45.0975
45.4243
45.7547
46.0881
46.4243
46.7628
47.1035
47.4457
47.7892
48.1337
48.4788
48.8241
49.1694
49.5143
49.8584
50.2015
50.5433
50.8834
51.2216
51.5575
51.8911
52.2218
52.5496
52.8742
53.1953
53.5127
53.8263
54.1357
54.4409
54.7416
55.0377
55.329
55.6153
55.8966
56.1726
56.4432
56.7083
56.9679
57.2217
57.4698
57.7119
57.9481
58.1782
58.4021
58.6198
58.8311
59.0361
59.2345
59.4263
59.6113
59.7896
59.9608
60.1249
60.2816
60.4307
60.5718
60.7046
60.8285
60.9428
61.0468
61.1394
61.2193
61.2847
61.3337
61.3643
61.3748
60.5288
60.5161
60.4798
60.423
60.3489
60.26
60.1584
60.0456
59.9229
59.7909
59.6504
59.5018
59.3454
59.1816
59.0106
58.8326
58.6476
58.4558
58.2574
58.0522
57.8406
57.6225
57.398
57.1672
56.9301
56.6868
56.4374
56.182
55.9206
55.6534
55.3804
55.1018
54.8177
54.5281
54.2333
53.9333
53.6284
53.3186
53.0043
52.6854
52.3623
52.0351
51.7041
51.3694
51.0314
50.6902
50.3461
49.9994
49.6504
49.2993
48.9464
48.5921
48.2366
47.8804
47.5236
47.1667
46.81
46.4538
46.0986
45.7446
45.3923
45.042
44.6941
44.3489
44.007
43.6686
43.3342
43.0042
42.6788
42.3586
42.0439
41.7351
41.4326
41.1367
40.8479
40.5664
40.2928
40.0273
39.7702
39.522
39.2829
39.0533
38.8334
38.6237
38.4243
38.2355
38.0577
37.8909
37.7356
37.5919
37.46
37.34
37.2323
37.1368
37.0538
36.9833
36.9256
36.8805
36.8483
36.829
36.8225
36.829
36.8483
36.8805
36.9256
36.9833
37.0538
37.1368
37.2323
37.34
37.46
37.5919
37.7356
37.8909
38.0577
38.2355
38.4243
38.6237
38.8334
39.0533
39.2829
39.522
39.7702
40.0273
40.2928
40.5664
40.8479
41.1367
41.4326
41.7351
42.0439
42.3586
42.6788
43.0042
43.3342
43.6686
44.007
44.3489
44.6941
45.042
45.3923
45.7446
46.0986
46.4538
46.81
47.1667
47.5236
47.8804
48.2366
48.5921
48.9464
49.2993
49.6504
49.9994
50.3461
50.6902
51.0314
51.3694
51.7041
52.0351
52.3623
52.6854
53.0043
53.3186
53.6284
53.9333
54.2333
54.5281
54.8177
55.1018
55.3804
55.6534
55.9206
56.182
56.4374
56.6868
56.9301
57.1672
57.398
57.6225
57.8406
58.0522
58.2574
58.4558
58.6476
58.8326
59.0106
59.1816
59.3454
59.5018
59.6504
59.7909
59.9229
60.0456
60.1584
60.26
60.3489
60.423
60.4798
60.5161
60.5288
59.7081
59.6916
59.6465
59.5787
59.493
59.393
59.2809
59.1583
59.0263
58.8856
58.7369
58.5804
58.4166
58.2455
58.0674
57.8824
57.6906
57.4921
57.2868
57.075
56.8565
56.6316
56.4002
56.1624
55.9182
55.6677
55.411
55.1482
54.8792
54.6042
54.3233
54.0366
53.7442
53.4462
53.1427
52.8339
52.5199
52.201
51.8772
51.5488
51.2159
50.8788
50.5376
50.1926
49.844
49.4922
49.1373
48.7796
48.4194
48.0571
47.6928
47.327
46.9599
46.5919
46.2233
45.8544
45.4858
45.1176
44.7502
44.3842
44.0197
43.6574
43.2974
42.9402
42.5863
42.236
41.8897
41.5479
41.2109
40.8792
40.5532
40.2332
39.9197
39.613
39.3136
39.0219
38.7381
38.4628
38.1962
37.9388
37.6908
37.4525
37.2245
37.0068
36.7999
36.604
36.4194
36.2464
36.0852
35.936
35.7991
35.6746
35.5627
35.4636
35.3774
35.3042
35.2443
35.1975
35.1641
35.144
35.1373
35.144
35.1641
35.1975
35.2443
35.3042
35.3774
35.4636
35.5627
35.6746
35.7991
35.936
36.0852
36.2464
36.4194
36.604
36.7999
37.0068
37.2245
37.4525
37.6908
37.9388
38.1962
38.4628
38.7381
39.0219
39.3136
39.613
39.9197
40.2332
40.5532
40.8792
41.2109
41.5479
41.8897
42.236
42.5863
42.9402
43.2974
43.6574
44.0197
44.3842
44.7502
45.1176
45.4858
45.8544
46.2233
46.5919
46.9599
47.327
47.6928
48.0571
48.4194
48.7796
49.1373
49.4922
49.844
50.1926
50.5376
50.8788
51.2159
51.5488
51.8772
52.201
52.5199
52.8339
53.1427
53.4462
53.7442
54.0366
54.3233
54.6042
54.8792
55.1482
55.411
55.6677
55.9182
56.1624
56.4002
56.6316
56.8565
57.075
57.2868
57.4921
57.6906
57.8824
58.0674
58.2455
58.4166
58.5804
58.7369
58.8856
59.0263
59.1583
59.2809
59.393
59.493
59.5787
59.6465
59.6916
59.7081
58.9202
58.8954
58.8356
58.7521
58.6516
58.5381
58.4139
58.2803
58.1383
57.9885
57.8311
57.6665
57.4949
57.3164
57.1311
56.939
56.7403
56.5349
56.3228
56.1041
55.8789
55.6471
55.4088
55.1639
54.9126
54.6549
54.3908
54.1204
53.8437
53.5609
53.272
52.977
52.6762
52.3697
52.0574
51.7397
51.4165
51.0882
50.7548
50.4166
50.0738
49.7264
49.3749
49.0194
48.6601
48.2973
47.9313
47.5624
47.1908
46.8168
46.4409
46.0632
45.6841
45.304
44.9232
44.5421
44.1611
43.7805
43.4008
43.0222
42.6453
42.2704
41.898
41.5284
41.162
40.7994
40.4409
40.0869
39.7379
39.3943
39.0565
38.725
38.4001
38.0823
37.7719
37.4694
37.1753
36.8897
36.6133
36.3462
36.089
35.8419
35.6052
35.3794
35.1647
34.9614
34.7699
34.5903
34.4229
34.2681
34.1259
33.9967
33.8805
33.7776
33.6881
33.6122
33.5499
33.5014
33.4667
33.4458
33.4388
33.4458
33.4667
33.5014
33.5499
33.6122
33.6881
33.7776
33.8805
33.9967
34.1259
34.2681
34.4229
34.5903
34.7699
34.9614
35.1647
35.3794
35.6052
35.8419
36.089
36.3462
36.6133
36.8897
37.1753
37.4694
37.7719
38.0823
38.4001
38.725
39.0565
39.3943
39.7379
40.0869
40.4409
40.7994
41.162
41.5284
41.898
42.2704
42.6453
43.0222
43.4008
43.7805
44.1611
44.5421
44.9232
45.304
45.6841
46.0632
46.4409
46.8168
47.1908
47.5624
47.9313
48.2973
48.6601
49.0194
49.3749
49.7264
50.0738
50.4166
50.7548
51.0882
51.4165
51.7397
52.0574
52.3697
52.6762
52.977
53.272
53.5609
53.8437
54.1204
54.3908
54.6549
54.9126
55.1639
55.4088
55.6471
55.8789
56.1041
56.3228
56.5349
56.7403
56.939
57.1311
57.3164
57.4949
57.6665
57.8311
57.9885
58.1383
58.2803
58.4139
58.5381
58.6516
58.7521
58.8356
58.8954
58.9202
58.1815
58.1343
58.0483
57.9421
57.8229
57.6936
57.5559
57.4105
57.258
57.0985
56.9323
56.7594
56.5799
56.3939
56.2013
56.0022
55.7964
55.5841
55.3652
55.1398
54.9077
54.669
54.4236
54.1717
53.9133
53.6482
53.3767
53.0987
52.8143
52.5235
52.2265
51.9233
51.6139
51.2987
50.9775
50.6506
50.3182
49.9803
49.6372
49.289
48.936
48.5783
48.2161
47.8498
47.4795
47.1056
46.7282
46.3477
45.9644
45.5786
45.1905
44.8007
44.4093
44.0168
43.6235
43.2297
42.836
42.4426
42.05
41.6586
41.2688
40.881
40.4957
40.1132
39.7341
39.3587
38.9875
38.621
38.2596
37.9036
37.5537
37.2102
36.8735
36.544
36.2223
35.9088
35.6037
35.3077
35.021
34.744
34.4771
34.2208
33.9753
33.7409
33.5182
33.3072
33.1084
32.922
32.7483
32.5875
32.44
32.3058
32.1852
32.0784
31.9855
31.9066
31.8419
31.7915
31.7555
31.7338
31.7266
31.7338
31.7555
31.7915
31.8419
31.9066
31.9855
32.0784
32.1852
32.3058
32.44
32.5875
32.7483
32.922
33.1084
33.3072
33.5182
33.7409
33.9753
34.2208
34.4771
34.744
35.021
35.3077
35.6037
35.9088
36.2223
36.544
36.8735
37.2102
37.5537
37.9036
38.2596
38.621
38.9875
39.3587
39.7341
40.1132
40.4957
40.881
41.2688
41.6586
42.05
42.4426
42.836
43.2297
43.6235
44.0168
44.4093
44.8007
45.1905
45.5786
45.9644
46.3477
46.7282
47.1056
47.4795
47.8498
48.2161
48.5783
48.936
49.289
49.6372
49.9803
50.3182
50.6506
50.9775
51.2987
51.6139
51.9233
52.2265
52.5235
52.8143
53.0987
53.3767
53.6482
53.9133
54.1717
54.4236
54.669
54.9077
55.1398
55.3652
55.5841
55.7964
56.0022
56.2013
56.3939
56.5799
56.7594
56.9323
57.0985
57.258
57.4105
57.5559
57.6936
57.8229
57.9421
58.0483
58.1343
58.1815
57.5375
57.4118
57.2812
57.1454
57.0042
56.8577
56.7057
56.548
56.3846
56.2154
56.0402
55.859
55.6716
55.478
55.2782
55.0719
54.8593
54.6401
54.4144
54.1821
53.9431
53.6975
53.4452
53.1862
52.9205
52.6482
52.3692
52.0835
51.7913
51.4925
51.1873
50.8756
50.5577
50.2336
49.9034
49.5673
49.2253
48.8778
48.5247
48.1663
47.8029
47.4346
47.0616
46.6843
46.3027
45.9173
45.5283
45.1359
44.7406
44.3425
43.9422
43.5398
43.1357
42.7304
42.3242
41.9175
41.5106
41.1041
40.6982
40.2935
39.8904
39.4893
39.0906
38.6949
38.3025
37.9139
37.5296
37.1501
36.7757
36.4071
36.0445
35.6886
35.3396
34.9982
34.6647
34.3396
34.0234
33.7163
33.419
33.1317
32.8549
32.5889
32.3342
32.0911
31.8599
31.6409
31.4346
31.2411
31.0608
30.8939
30.7407
30.6014
30.4762
30.3653
30.2688
30.1869
30.1198
30.0674
30.03
30.0075
30
30.0075
30.03
30.0674
30.1198
30.1869
30.2688
30.3653
30.4762
30.6014
30.7407
30.8939
31.0608
31.2411
31.4346
31.6409
31.8599
32.0911
32.3342
32.5889
32.8549
33.1317
33.419
33.7163
34.0234
34.3396
34.6647
34.9982
35.3396
35.6886
36.0445
36.4071
36.7757
37.1501
37.5296
37.9139
38.3025
38.6949
39.0906
39.4893
39.8904
40.2935
40.6982
41.1041
41.5106
41.9175
42.3242
42.7304
43.1357
43.5398
43.9422
44.3425
44.7406
45.1359
45.5283
45.9173
46.3027
46.6843
47.0616
47.4346
47.8029
48.1663
48.5247
48.8778
49.2253
49.5673
49.9034
50.2336
50.5577
50.8756
51.1873
51.4925
51.7913
52.0835
52.3692
52.6482
52.9205
53.1862
53.4452
53.6975
53.9431
54.1821
54.4144
54.6401
54.8593
55.0719
55.2782
55.478
55.6716
55.859
56.0402
56.2154
56.3846
56.548
56.7057
56.8577
57.0042
57.1454
57.2812
57.4118
57.5375
