120
120
120
120
120
120
120
120
120
120
120
120
120
120
120
120
120
120
120
120
120
120
120
120
120
120
120
120
120
120
120
120
120
120
120
120
120
120
120
120
120
120
120
120
120
120
120
120
120
120
120
120
120
120
120
120
120
120
120
120
120
120
120
120
120
120
120
120
120
120
120
120
120
120
120
120
120
120
120
120
120
120
120
120
120
120
120
120
120
120
120
120
120
120
120
120
120
120
120
120
120
120
120
120
120
120
120
120
120
120
120
120
120
120
120
120
120
120
120
120
120
120
120
120
120
120
120
120
120
120
120
120
120
120
120
120
120
120
120
120
120
120
120
120
120
120
120
120
120
120
120
120
120
120
120
120
120
120
120
120
120
120
120
120
120
120
120
120
120
120
120
120
120
120
120
120
120
120
120
120
120
120
120
120
120
120
120
120
120
120
120
120
120
120
120
120
120
120
120
120
120
118.85
118.851
118.85
118.85
118.849
118.849
118.848
118.848
118.847
118.847
118.845
118.845
118.843
118.842
118.84
118.839
118.837
118.835
118.833
118.83
118.828
118.825
118.823
118.82
118.817
118.814
118.811
118.809
118.805
118.803
118.799
118.796
118.793
118.789
118.786
118.781
118.778
118.775
118.77
118.768
118.763
118.76
118.756
118.751
118.748
118.744
118.739
118.737
118.732
118.728
118.725
118.719
118.716
118.714
118.707
118.704
118.702
118.695
118.693
118.69
118.685
118.682
118.678
118.675
118.671
118.667
118.663
118.66
118.656
118.653
118.65
118.646
118.643
118.64
118.637
118.634
118.631
118.628
118.626
118.623
118.621
118.618
118.616
118.614
118.612
118.61
118.608
118.607
118.605
118.604
118.602
118.601
118.6
118.599
118.598
118.598
118.597
118.597
118.596
118.596
118.596
118.596
118.596
118.597
118.597
118.598
118.598
118.599
118.6
118.601
118.602
118.604
118.605
118.607
118.608
118.61
118.612
118.614
118.616
118.618
118.621
118.623
118.626
118.628
118.631
118.634
118.637
118.64
118.643
118.646
118.65
118.653
118.656
118.66
118.663
118.667
118.671
118.675
118.678
118.682
118.685
118.69
118.693
118.695
118.702
118.704
118.707
118.714
118.716
118.719
118.725
118.728
118.732
118.737
118.739
118.744
118.748
118.751
118.756
118.76
118.763
118.768
118.77
118.775
118.778
118.781
118.786
118.789
118.793
118.796
118.799
118.803
118.805
118.809
118.811
118.814
118.817
118.82
118.823
118.825
118.828
118.83
118.833
118.835
118.837
118.839
118.84
118.842
118.843
118.845
118.845
118.847
118.847
118.848
118.848
118.849
118.849
118.85
118.85
118.851
118.85
117.707
117.707
117.706
117.706
117.705
117.704
117.702
117.701
117.698
117.697
117.694
117.691
117.688
117.685
117.681
117.678
117.674
117.67
117.666
117.661
117.657
117.652
117.647
117.641
117.636
117.63
117.625
117.619
117.612
117.606
117.599
117.593
117.586
117.579
117.572
117.565
117.558
117.551
117.543
117.536
117.528
117.52
117.512
117.504
117.497
117.489
117.481
117.473
117.465
117.457
117.448
117.441
117.433
117.424
117.417
117.409
117.399
117.395
117.385
117.377
117.372
117.362
117.356
117.348
117.34
117.333
117.325
117.318
117.311
117.304
117.297
117.29
117.284
117.277
117.271
117.265
117.259
117.254
117.248
117.243
117.238
117.233
117.229
117.224
117.22
117.216
117.213
117.209
117.206
117.203
117.2
117.198
117.196
117.194
117.192
117.191
117.189
117.188
117.188
117.187
117.187
117.187
117.188
117.188
117.189
117.191
117.192
117.194
117.196
117.198
117.2
117.203
117.206
117.209
117.213
117.216
117.22
117.224
117.229
117.233
117.238
117.243
117.248
117.254
117.259
117.265
117.271
117.277
117.284
117.29
117.297
117.304
117.311
117.318
117.325
117.333
117.34
117.348
117.356
117.362
117.372
117.377
117.385
117.395
117.399
117.409
117.417
117.424
117.433
117.441
117.448
117.457
117.465
117.473
117.481
117.489
117.497
117.504
117.512
117.52
117.528
117.536
117.543
117.551
117.558
117.565
117.572
117.579
117.586
117.593
117.599
117.606
117.612
117.619
117.625
117.63
117.636
117.641
117.647
117.652
117.657
117.661
117.666
117.67
117.674
117.678
117.681
117.685
117.688
117.691
117.694
117.697
117.698
117.701
117.702
117.704
117.705
117.706
117.706
117.707
117.707
116.562
116.561
116.561
116.56
116.559
116.556
116.555
116.551
116.549
116.545
116.542
116.537
116.533
116.528
116.523
116.517
116.511
116.505
116.498
116.492
116.485
116.478
116.47
116.463
116.455
116.446
116.438
116.428
116.42
116.409
116.4
116.39
116.379
116.37
116.358
116.349
116.337
116.326
116.315
116.303
116.292
116.28
116.268
116.258
116.245
116.233
116.222
116.208
116.198
116.185
116.172
116.162
116.149
116.136
116.126
116.112
116.101
116.089
116.079
116.066
116.054
116.045
116.032
116.021
116.01
115.998
115.987
115.976
115.966
115.955
115.945
115.935
115.925
115.915
115.906
115.897
115.888
115.88
115.872
115.864
115.856
115.849
115.842
115.836
115.829
115.823
115.818
115.813
115.808
115.804
115.799
115.796
115.792
115.79
115.787
115.785
115.783
115.782
115.781
115.78
115.78
115.78
115.781
115.782
115.783
115.785
115.787
115.79
115.792
115.796
115.799
115.804
115.808
115.813
115.818
115.823
115.829
115.836
115.842
115.849
115.856
115.864
115.872
115.88
115.888
115.897
115.906
115.915
115.925
115.935
115.945
115.955
115.966
115.976
115.987
115.998
116.01
116.021
116.032
116.045
116.054
116.066
116.079
116.089
116.101
116.112
116.126
116.136
116.149
116.162
116.172
116.185
116.198
116.208
116.222
116.233
116.245
116.258
116.268
116.28
116.292
116.303
116.315
116.326
116.337
116.349
116.358
116.37
116.379
116.39
116.4
116.409
116.42
116.428
116.438
116.446
116.455
116.463
116.47
116.478
116.485
116.492
116.498
116.505
116.511
116.517
116.523
116.528
116.533
116.537
116.542
116.545
116.549
116.551
116.555
116.556
116.559
116.56
116.561
116.561
116.562
115.412
115.411
115.411
115.409
115.408
115.405
115.403
115.399
115.396
115.391
115.387
115.381
115.376
115.37
115.364
115.356
115.349
115.341
115.332
115.323
115.313
115.304
115.293
115.283
115.272
115.261
115.249
115.237
115.225
115.212
115.199
115.186
115.172
115.159
115.144
115.13
115.115
115.101
115.086
115.07
115.056
115.04
115.025
115.009
114.993
114.978
114.961
114.945
114.929
114.913
114.898
114.881
114.865
114.85
114.831
114.818
114.802
114.785
114.771
114.757
114.741
114.724
114.712
114.695
114.681
114.666
114.651
114.636
114.622
114.608
114.594
114.581
114.568
114.555
114.543
114.531
114.52
114.508
114.498
114.487
114.477
114.468
114.459
114.45
114.442
114.434
114.427
114.42
114.414
114.408
114.402
114.397
114.393
114.389
114.386
114.383
114.381
114.379
114.378
114.377
114.376
114.377
114.378
114.379
114.381
114.383
114.386
114.389
114.393
114.397
114.402
114.408
114.414
114.42
114.427
114.434
114.442
114.45
114.459
114.468
114.477
114.487
114.498
114.508
114.52
114.531
114.543
114.555
114.568
114.581
114.594
114.608
114.622
114.636
114.651
114.666
114.681
114.695
114.712
114.724
114.741
114.757
114.771
114.785
114.802
114.818
114.831
114.85
114.865
114.881
114.898
114.913
114.929
114.945
114.961
114.978
114.993
115.009
115.025
115.04
115.056
115.07
115.086
115.101
115.115
115.13
115.144
115.159
115.172
115.186
115.199
115.212
115.225
115.237
115.249
115.261
115.272
115.283
115.293
115.304
115.313
115.323
115.332
115.341
115.349
115.356
115.364
115.37
115.376
115.381
115.387
115.391
115.396
115.399
115.403
115.405
115.408
115.409
115.411
115.411
115.412
114.266
114.266
114.264
114.263
114.261
114.258
114.255
114.251
114.246
114.241
114.235
114.229
114.222
114.214
114.206
114.197
114.187
114.177
114.167
114.155
114.144
114.131
114.118
114.105
114.091
114.077
114.062
114.047
114.031
114.016
114
113.983
113.967
113.949
113.932
113.913
113.895
113.877
113.858
113.84
113.82
113.801
113.782
113.761
113.743
113.722
113.702
113.683
113.661
113.642
113.622
113.601
113.582
113.561
113.542
113.521
113.503
113.484
113.463
113.444
113.426
113.407
113.386
113.37
113.35
113.332
113.313
113.295
113.277
113.26
113.243
113.226
113.21
113.194
113.178
113.163
113.149
113.135
113.121
113.108
113.096
113.084
113.072
113.062
113.051
113.042
113.032
113.024
113.016
113.009
113.002
112.996
112.99
112.985
112.981
112.978
112.975
112.972
112.971
112.97
112.969
112.97
112.971
112.972
112.975
112.978
112.981
112.985
112.99
112.996
113.002
113.009
113.016
113.024
113.032
113.042
113.051
113.062
113.072
113.084
113.096
113.108
113.121
113.135
113.149
113.163
113.178
113.194
113.21
113.226
113.243
113.26
113.277
113.295
113.313
113.332
113.35
113.37
113.386
113.407
113.426
113.444
113.463
113.484
113.503
113.521
113.542
113.561
113.582
113.601
113.622
113.642
113.661
113.683
113.702
113.722
113.743
113.761
113.782
113.801
113.82
113.84
113.858
113.877
113.895
113.913
113.932
113.949
113.967
113.983
114
114.016
114.031
114.047
114.062
114.077
114.091
114.105
114.118
114.131
114.144
114.155
114.167
114.177
114.187
114.197
114.206
114.214
114.222
114.229
114.235
114.241
114.246
114.251
114.255
114.258
114.261
114.263
114.264
114.266
114.266
113.125
113.125
113.123
113.122
113.118
113.115
113.11
113.106
113.099
113.093
113.085
113.078
113.068
113.059
113.048
113.038
113.026
113.014
113.001
112.987
112.974
112.958
112.944
112.927
112.912
112.894
112.877
112.859
112.84
112.821
112.801
112.782
112.761
112.74
112.719
112.697
112.676
112.653
112.631
112.609
112.585
112.562
112.538
112.515
112.491
112.467
112.443
112.419
112.395
112.371
112.345
112.323
112.297
112.274
112.251
112.226
112.202
112.179
112.157
112.132
112.109
112.087
112.064
112.04
112.019
111.995
111.974
111.952
111.93
111.909
111.889
111.869
111.849
111.83
111.811
111.793
111.775
111.759
111.742
111.726
111.711
111.697
111.683
111.67
111.658
111.646
111.635
111.624
111.615
111.606
111.598
111.59
111.584
111.578
111.573
111.568
111.565
111.562
111.56
111.559
111.559
111.559
111.56
111.562
111.565
111.568
111.573
111.578
111.584
111.59
111.598
111.606
111.615
111.624
111.635
111.646
111.658
111.67
111.683
111.697
111.711
111.726
111.742
111.759
111.775
111.793
111.811
111.83
111.849
111.869
111.889
111.909
111.93
111.952
111.974
111.995
112.019
112.04
112.064
112.087
112.109
112.132
112.157
112.179
112.202
112.226
112.251
112.274
112.297
112.323
112.345
112.371
112.395
112.419
112.443
112.467
112.491
112.515
112.538
112.562
112.585
112.609
112.631
112.653
112.676
112.697
112.719
112.74
112.761
112.782
112.801
112.821
112.84
112.859
112.877
112.894
112.912
112.927
112.944
112.958
112.974
112.987
113.001
113.014
113.026
113.038
113.048
113.059
113.068
113.078
113.085
113.093
113.099
113.106
113.11
113.115
113.118
113.122
113.123
113.125
113.125
111.98
111.98
111.978
111.976
111.973
111.969
111.964
111.958
111.951
111.943
111.934
111.925
111.914
111.903
111.891
111.879
111.865
111.851
111.836
111.82
111.804
111.787
111.769
111.75
111.731
111.711
111.691
111.669
111.648
111.625
111.603
111.579
111.555
111.531
111.506
111.482
111.455
111.43
111.404
111.376
111.351
111.322
111.295
111.268
111.239
111.213
111.184
111.155
111.129
111.098
111.071
111.042
111.015
110.986
110.958
110.932
110.904
110.875
110.848
110.822
110.794
110.766
110.741
110.714
110.686
110.662
110.635
110.61
110.585
110.56
110.536
110.513
110.49
110.467
110.446
110.425
110.404
110.384
110.365
110.347
110.329
110.312
110.296
110.281
110.267
110.253
110.24
110.228
110.217
110.206
110.197
110.188
110.18
110.174
110.168
110.163
110.158
110.155
110.153
110.151
110.151
110.151
110.153
110.155
110.158
110.163
110.168
110.174
110.18
110.188
110.197
110.206
110.217
110.228
110.24
110.253
110.267
110.281
110.296
110.312
110.329
110.347
110.365
110.384
110.404
110.425
110.446
110.467
110.49
110.513
110.536
110.56
110.585
110.61
110.635
110.662
110.686
110.714
110.741
110.766
110.794
110.822
110.848
110.875
110.904
110.932
110.958
110.986
111.015
111.042
111.071
111.098
111.129
111.155
111.184
111.213
111.239
111.268
111.295
111.322
111.351
111.376
111.404
111.43
111.455
111.482
111.506
111.531
111.555
111.579
111.603
111.625
111.648
111.669
111.691
111.711
111.731
111.75
111.769
111.787
111.804
111.82
111.836
111.851
111.865
111.879
111.891
111.903
111.914
111.925
111.934
111.943
111.951
111.958
111.964
111.969
111.973
111.976
111.978
111.98
111.98
110.834
110.833
110.832
110.829
110.826
110.821
110.816
110.808
110.802
110.792
110.784
110.772
110.762
110.749
110.736
110.721
110.706
110.689
110.672
110.654
110.635
110.616
110.594
110.574
110.551
110.529
110.505
110.481
110.456
110.43
110.405
110.377
110.351
110.322
110.294
110.266
110.235
110.207
110.176
110.146
110.115
110.083
110.053
110.021
109.989
109.957
109.925
109.894
109.859
109.829
109.795
109.764
109.732
109.7
109.668
109.636
109.605
109.573
109.541
109.51
109.48
109.448
109.417
109.387
109.358
109.326
109.299
109.269
109.24
109.212
109.185
109.158
109.132
109.106
109.081
109.057
109.034
109.011
108.99
108.969
108.949
108.929
108.911
108.893
108.877
108.861
108.846
108.833
108.82
108.808
108.797
108.787
108.778
108.771
108.764
108.758
108.753
108.75
108.747
108.746
108.745
108.746
108.747
108.75
108.753
108.758
108.764
108.771
108.778
108.787
108.797
108.808
108.82
108.833
108.846
108.861
108.877
108.893
108.911
108.929
108.949
108.969
108.99
109.011
109.034
109.057
109.081
109.106
109.132
109.158
109.185
109.212
109.24
109.269
109.299
109.326
109.358
109.387
109.417
109.448
109.48
109.51
109.541
109.573
109.605
109.636
109.668
109.7
109.732
109.764
109.795
109.829
109.859
109.894
109.925
109.957
109.989
110.021
110.053
110.083
110.115
110.146
110.176
110.207
110.235
110.266
110.294
110.322
110.351
110.377
110.405
110.43
110.456
110.481
110.505
110.529
110.551
110.574
110.594
110.616
110.635
110.654
110.672
110.689
110.706
110.721
110.736
110.749
110.762
110.772
110.784
110.792
110.802
110.808
110.816
110.821
110.826
110.829
110.832
110.833
110.834
109.692
109.692
109.69
109.687
109.683
109.678
109.672
109.664
109.656
109.646
109.635
109.623
109.611
109.596
109.581
109.564
109.548
109.529
109.51
109.489
109.468
109.445
109.422
109.398
109.372
109.347
109.32
109.293
109.265
109.237
109.207
109.177
109.146
109.115
109.083
109.05
109.018
108.983
108.95
108.916
108.88
108.847
108.81
108.775
108.74
108.702
108.668
108.63
108.594
108.557
108.522
108.485
108.448
108.413
108.377
108.34
108.304
108.269
108.234
108.197
108.162
108.128
108.093
108.058
108.025
107.992
107.957
107.926
107.893
107.862
107.831
107.8
107.771
107.742
107.714
107.687
107.66
107.635
107.61
107.587
107.564
107.542
107.521
107.502
107.483
107.465
107.449
107.433
107.418
107.405
107.393
107.382
107.372
107.363
107.355
107.349
107.343
107.339
107.336
107.335
107.334
107.335
107.336
107.339
107.343
107.349
107.355
107.363
107.372
107.382
107.393
107.405
107.418
107.433
107.449
107.465
107.483
107.502
107.521
107.542
107.564
107.587
107.61
107.635
107.66
107.687
107.714
107.742
107.771
107.8
107.831
107.862
107.893
107.926
107.957
107.992
108.025
108.058
108.093
108.128
108.162
108.197
108.234
108.269
108.304
108.34
108.377
108.413
108.448
108.485
108.522
108.557
108.594
108.63
108.668
108.702
108.74
108.775
108.81
108.847
108.88
108.916
108.95
108.983
109.018
109.05
109.083
109.115
109.146
109.177
109.207
109.237
109.265
109.293
109.32
109.347
109.372
109.398
109.422
109.445
109.468
109.489
109.51
109.529
109.548
109.564
109.581
109.596
109.611
109.623
109.635
109.646
109.656
109.664
109.672
109.678
109.683
109.687
109.69
109.692
109.692
108.556
108.556
108.554
108.55
108.546
108.54
108.532
108.524
108.513
108.503
108.489
108.476
108.461
108.445
108.427
108.41
108.389
108.37
108.347
108.325
108.301
108.276
108.251
108.224
108.197
108.167
108.139
108.108
108.077
108.045
108.011
107.979
107.943
107.909
107.873
107.836
107.8
107.762
107.725
107.686
107.648
107.609
107.569
107.53
107.489
107.45
107.408
107.369
107.328
107.287
107.247
107.207
107.166
107.125
107.086
107.045
107.005
106.964
106.925
106.885
106.846
106.806
106.768
106.73
106.691
106.654
106.618
106.58
106.545
106.509
106.475
106.441
106.408
106.376
106.344
106.314
106.285
106.256
106.229
106.202
106.177
106.152
106.129
106.107
106.086
106.066
106.048
106.03
106.014
105.999
105.986
105.973
105.962
105.952
105.944
105.936
105.93
105.926
105.922
105.92
105.92
105.92
105.922
105.926
105.93
105.936
105.944
105.952
105.962
105.973
105.986
105.999
106.014
106.03
106.048
106.066
106.086
106.107
106.129
106.152
106.177
106.202
106.229
106.256
106.285
106.314
106.344
106.376
106.408
106.441
106.475
106.509
106.545
106.58
106.618
106.654
106.691
106.73
106.768
106.806
106.846
106.885
106.925
106.964
107.005
107.045
107.086
107.125
107.166
107.207
107.247
107.287
107.328
107.369
107.408
107.45
107.489
107.53
107.569
107.609
107.648
107.686
107.725
107.762
107.8
107.836
107.873
107.909
107.943
107.979
108.011
108.045
108.077
108.108
108.139
108.167
108.197
108.224
108.251
108.276
108.301
108.325
108.347
108.37
108.389
108.41
108.427
108.445
108.461
108.476
108.489
108.503
108.513
108.524
108.532
108.54
108.546
108.55
108.554
108.556
108.556
107.417
107.415
107.414
107.409
107.405
107.398
107.39
107.38
107.37
107.357
107.343
107.328
107.312
107.294
107.275
107.255
107.233
107.211
107.186
107.162
107.136
107.109
107.08
107.051
107.02
106.989
106.956
106.922
106.888
106.852
106.816
106.778
106.741
106.702
106.663
106.623
106.582
106.542
106.499
106.458
106.415
106.371
106.329
106.283
106.241
106.195
106.152
106.107
106.063
106.018
105.973
105.929
105.884
105.839
105.794
105.75
105.705
105.661
105.616
105.572
105.53
105.486
105.442
105.401
105.36
105.318
105.276
105.238
105.197
105.159
105.121
105.083
105.047
105.011
104.977
104.943
104.911
104.879
104.849
104.82
104.792
104.765
104.74
104.715
104.692
104.67
104.65
104.631
104.613
104.596
104.581
104.568
104.555
104.544
104.535
104.527
104.52
104.515
104.512
104.509
104.509
104.509
104.512
104.515
104.52
104.527
104.535
104.544
104.555
104.568
104.581
104.596
104.613
104.631
104.65
104.67
104.692
104.715
104.74
104.765
104.792
104.82
104.849
104.879
104.911
104.943
104.977
105.011
105.047
105.083
105.121
105.159
105.197
105.238
105.276
105.318
105.36
105.401
105.442
105.486
105.53
105.572
105.616
105.661
105.705
105.75
105.794
105.839
105.884
105.929
105.973
106.018
106.063
106.107
106.152
106.195
106.241
106.283
106.329
106.371
106.415
106.458
106.499
106.542
106.582
106.623
106.663
106.702
106.741
106.778
106.816
106.852
106.888
106.922
106.956
106.989
107.02
107.051
107.08
107.109
107.136
107.162
107.186
107.211
107.233
107.255
107.275
107.294
107.312
107.328
107.343
107.357
107.37
107.38
107.39
107.398
107.405
107.409
107.414
107.415
107.417
106.274
106.273
106.27
106.267
106.261
106.254
106.246
106.236
106.224
106.211
106.197
106.181
106.164
106.144
106.124
106.101
106.079
106.053
106.028
106
105.971
105.941
105.91
105.878
105.843
105.81
105.773
105.737
105.698
105.66
105.62
105.579
105.538
105.495
105.454
105.409
105.365
105.32
105.274
105.228
105.18
105.135
105.086
105.039
104.99
104.943
104.894
104.845
104.797
104.748
104.699
104.65
104.601
104.552
104.503
104.454
104.405
104.357
104.309
104.26
104.212
104.166
104.119
104.072
104.027
103.982
103.937
103.893
103.851
103.808
103.767
103.726
103.686
103.648
103.61
103.573
103.538
103.504
103.471
103.439
103.408
103.379
103.351
103.324
103.299
103.275
103.253
103.232
103.213
103.195
103.178
103.163
103.15
103.138
103.127
103.119
103.112
103.106
103.102
103.1
103.099
103.1
103.102
103.106
103.112
103.119
103.127
103.138
103.15
103.163
103.178
103.195
103.213
103.232
103.253
103.275
103.299
103.324
103.351
103.379
103.408
103.439
103.471
103.504
103.538
103.573
103.61
103.648
103.686
103.726
103.767
103.808
103.851
103.893
103.937
103.982
104.027
104.072
104.119
104.166
104.212
104.26
104.309
104.357
104.405
104.454
104.503
104.552
104.601
104.65
104.699
104.748
104.797
104.845
104.894
104.943
104.99
105.039
105.086
105.135
105.18
105.228
105.274
105.32
105.365
105.409
105.454
105.495
105.538
105.579
105.62
105.66
105.698
105.737
105.773
105.81
105.843
105.878
105.91
105.941
105.971
106
106.028
106.053
106.079
106.101
106.124
106.144
106.164
106.181
106.197
106.211
106.224
106.236
106.246
106.254
106.261
106.267
106.27
106.273
106.274
105.138
105.138
105.135
105.132
105.125
105.118
105.108
105.098
105.085
105.071
105.055
105.038
105.018
104.998
104.976
104.952
104.927
104.899
104.871
104.84
104.81
104.776
104.742
104.706
104.67
104.632
104.593
104.554
104.512
104.471
104.427
104.384
104.338
104.293
104.245
104.198
104.15
104.1
104.052
103.999
103.951
103.898
103.847
103.795
103.743
103.691
103.638
103.586
103.532
103.479
103.426
103.373
103.318
103.265
103.212
103.159
103.105
103.052
102.999
102.948
102.896
102.844
102.793
102.743
102.693
102.643
102.596
102.548
102.5
102.456
102.41
102.366
102.323
102.281
102.24
102.2
102.161
102.124
102.088
102.053
102.02
101.988
101.958
101.929
101.901
101.875
101.851
101.828
101.807
101.787
101.769
101.753
101.739
101.726
101.714
101.705
101.697
101.691
101.687
101.684
101.683
101.684
101.687
101.691
101.697
101.705
101.714
101.726
101.739
101.753
101.769
101.787
101.807
101.828
101.851
101.875
101.901
101.929
101.958
101.988
102.02
102.053
102.088
102.124
102.161
102.2
102.24
102.281
102.323
102.366
102.41
102.456
102.5
102.548
102.596
102.643
102.693
102.743
102.793
102.844
102.896
102.948
102.999
103.052
103.105
103.159
103.212
103.265
103.318
103.373
103.426
103.479
103.532
103.586
103.638
103.691
103.743
103.795
103.847
103.898
103.951
103.999
104.052
104.1
104.15
104.198
104.245
104.293
104.338
104.384
104.427
104.471
104.512
104.554
104.593
104.632
104.67
104.706
104.742
104.776
104.81
104.84
104.871
104.899
104.927
104.952
104.976
104.998
105.018
105.038
105.055
105.071
105.085
105.098
105.108
105.118
105.125
105.132
105.135
105.138
105.138
104.01
104.009
104.006
104.001
103.995
103.986
103.976
103.964
103.949
103.934
103.916
103.897
103.875
103.853
103.828
103.803
103.774
103.746
103.714
103.682
103.648
103.613
103.576
103.538
103.498
103.457
103.416
103.372
103.329
103.282
103.237
103.188
103.14
103.09
103.038
102.988
102.934
102.883
102.828
102.775
102.719
102.665
102.608
102.553
102.497
102.44
102.383
102.326
102.268
102.21
102.152
102.094
102.036
101.978
101.919
101.862
101.805
101.747
101.69
101.633
101.577
101.522
101.466
101.411
101.358
101.304
101.251
101.2
101.15
101.099
101.052
101.003
100.957
100.911
100.866
100.823
100.781
100.741
100.702
100.664
100.628
100.594
100.561
100.529
100.499
100.471
100.445
100.42
100.397
100.376
100.357
100.339
100.323
100.309
100.297
100.286
100.278
100.271
100.267
100.264
100.263
100.264
100.267
100.271
100.278
100.286
100.297
100.309
100.323
100.339
100.357
100.376
100.397
100.42
100.445
100.471
100.499
100.529
100.561
100.594
100.628
100.664
100.702
100.741
100.781
100.823
100.866
100.911
100.957
101.003
101.052
101.099
101.15
101.2
101.251
101.304
101.358
101.411
101.466
101.522
101.577
101.633
101.69
101.747
101.805
101.862
101.919
101.978
102.036
102.094
102.152
102.21
102.268
102.326
102.383
102.44
102.497
102.553
102.608
102.665
102.719
102.775
102.828
102.883
102.934
102.988
103.038
103.09
103.14
103.188
103.237
103.282
103.329
103.372
103.416
103.457
103.498
103.538
103.576
103.613
103.648
103.682
103.714
103.746
103.774
103.803
103.828
103.853
103.875
103.897
103.916
103.934
103.949
103.964
103.976
103.986
103.995
104.001
104.006
104.009
104.01
102.88
102.878
102.876
102.87
102.863
102.853
102.843
102.828
102.814
102.796
102.778
102.756
102.734
102.708
102.682
102.653
102.624
102.592
102.559
102.525
102.488
102.451
102.411
102.371
102.327
102.285
102.239
102.193
102.144
102.095
102.045
101.993
101.941
101.887
101.834
101.777
101.722
101.663
101.607
101.548
101.49
101.431
101.371
101.311
101.25
101.189
101.127
101.066
101.004
100.942
100.878
100.816
100.753
100.691
100.628
100.566
100.503
100.442
100.381
100.319
100.258
100.199
100.14
100.081
100.022
99.9655
99.9092
99.8528
99.7985
99.7458
99.6919
99.6417
99.5907
99.5419
99.494
99.4475
99.4025
99.3589
99.3169
99.2765
99.2376
99.2004
99.1649
99.1311
99.0991
99.0688
99.0404
99.0137
98.989
98.9661
98.9452
98.9261
98.9091
98.894
98.8808
98.8697
98.8606
98.8535
98.8484
98.8454
98.8443
98.8454
98.8484
98.8535
98.8606
98.8697
98.8808
98.894
98.9091
98.9261
98.9452
98.9661
98.989
99.0137
99.0404
99.0688
99.0991
99.1311
99.1649
99.2004
99.2376
99.2765
99.3169
99.3589
99.4025
99.4475
99.494
99.5419
99.5907
99.6417
99.6919
99.7458
99.7985
99.8528
99.9092
99.9655
100.022
100.081
100.14
100.199
100.258
100.319
100.381
100.442
100.503
100.566
100.628
100.691
100.753
100.816
100.878
100.942
101.004
101.066
101.127
101.189
101.25
101.311
101.371
101.431
101.49
101.548
101.607
101.663
101.722
101.777
101.834
101.887
101.941
101.993
102.045
102.095
102.144
102.193
102.239
102.285
102.327
102.371
102.411
102.451
102.488
102.525
102.559
102.592
102.624
102.653
102.682
102.708
102.734
102.756
102.778
102.796
102.814
102.828
102.843
102.853
102.863
102.87
102.876
102.878
102.88
101.745
101.744
101.74
101.735
101.728
101.718
101.706
101.693
101.676
101.658
101.638
101.616
101.592
101.566
101.538
101.507
101.476
101.442
101.407
101.369
101.331
101.289
101.248
101.203
101.159
101.111
101.063
101.013
100.961
100.909
100.854
100.8
100.742
100.686
100.627
100.569
100.508
100.448
100.386
100.324
100.261
100.198
100.134
100.069
100.004
99.9385
99.8728
99.8058
99.739
99.6721
99.6058
99.5383
99.4708
99.4033
99.337
99.2704
99.2037
99.1367
99.0712
99.0063
98.9416
98.8765
98.813
98.7507
98.6887
98.6265
98.5667
98.5078
98.4488
98.3913
98.3363
98.2801
98.2273
98.1743
98.1234
98.0737
98.0255
97.979
97.934
97.8908
97.8493
97.8095
97.7715
97.7354
97.7011
97.6687
97.6383
97.6098
97.5834
97.5589
97.5365
97.5162
97.4979
97.4818
97.4677
97.4558
97.4461
97.4385
97.4331
97.4298
97.4287
97.4298
97.4331
97.4385
97.4461
97.4558
97.4677
97.4818
97.4979
97.5162
97.5365
97.5589
97.5834
97.6098
97.6383
97.6687
97.7011
97.7354
97.7715
97.8095
97.8493
97.8908
97.934
97.979
98.0255
98.0737
98.1234
98.1743
98.2273
98.2801
98.3363
98.3913
98.4488
98.5078
98.5667
98.6265
98.6887
98.7507
98.813
98.8765
98.9416
99.0063
99.0712
99.1367
99.2037
99.2704
99.337
99.4033
99.4708
99.5383
99.6058
99.6721
99.739
99.8058
99.8728
99.9385
100.004
100.069
100.134
100.198
100.261
100.324
100.386
100.448
100.508
100.569
100.627
100.686
100.742
100.8
100.854
100.909
100.961
101.013
101.063
101.111
101.159
101.203
101.248
101.289
101.331
101.369
101.407
101.442
101.476
101.507
101.538
101.566
101.592
101.616
101.638
101.658
101.676
101.693
101.706
101.718
101.728
101.735
101.74
101.744
101.745
100.613
100.612
100.608
100.603
100.595
100.585
100.572
100.558
100.541
100.523
100.501
100.479
100.453
100.426
100.395
100.365
100.329
100.295
100.256
100.217
100.174
100.131
100.085
100.038
99.9897
99.9385
99.8875
99.8329
99.7792
99.7217
99.6653
99.6053
99.5467
99.4845
99.424
99.3601
99.2971
99.2322
99.1666
99.1005
99.0333
98.9654
98.897
98.8283
98.7579
98.6877
98.6172
98.5467
98.475
98.4032
98.3312
98.2602
98.1886
98.1168
98.0445
97.9734
97.9028
97.8325
97.7615
97.6915
97.6226
97.5547
97.4862
97.4187
97.3529
97.2882
97.2229
97.1596
97.0981
97.0367
96.9762
96.9189
96.8606
96.8054
96.7506
96.6978
96.6464
96.5968
96.5489
96.5027
96.4585
96.4161
96.3756
96.337
96.3005
96.266
96.2335
96.2032
96.175
96.1489
96.125
96.1033
96.0838
96.0666
96.0516
96.039
96.0286
96.0205
96.0147
96.0112
96.01
96.0112
96.0147
96.0205
96.0286
96.039
96.0516
96.0666
96.0838
96.1033
96.125
96.1489
96.175
96.2032
96.2335
96.266
96.3005
96.337
96.3756
96.4161
96.4585
96.5027
96.5489
96.5968
96.6464
96.6978
96.7506
96.8054
96.8606
96.9189
96.9762
97.0367
97.0981
97.1596
97.2229
97.2882
97.3529
97.4187
97.4862
97.5547
97.6226
97.6915
97.7615
97.8325
97.9028
97.9734
98.0445
98.1168
98.1886
98.2602
98.3312
98.4032
98.475
98.5467
98.6172
98.6877
98.7579
98.8283
98.897
98.9654
99.0333
99.1005
99.1666
99.2322
99.2971
99.3601
99.424
99.4845
99.5467
99.6053
99.6653
99.7217
99.7792
99.8329
99.8875
99.9385
99.9897
100.038
100.085
100.131
100.174
100.217
100.256
100.295
100.329
100.365
100.395
100.426
100.453
100.479
100.501
100.523
100.541
100.558
100.572
100.585
100.595
100.603
100.608
100.612
100.613
99.4916
99.4896
99.4868
99.4799
99.4723
99.4607
99.4483
99.432
99.4148
99.3938
99.372
99.3464
99.3199
99.2898
99.2587
99.2242
99.1884
99.1496
99.1093
99.0665
99.0217
98.9752
98.9261
98.8764
98.8233
98.7709
98.7141
98.6591
98.5992
98.5412
98.4789
98.4177
98.3535
98.2893
98.2233
98.1568
98.0887
98.0202
97.9503
97.8793
97.8081
97.7353
97.6621
97.5885
97.5145
97.439
97.3634
97.2875
97.2121
97.1358
97.0591
96.9819
96.9057
96.8296
96.7537
96.6769
96.6009
96.5256
96.4515
96.3768
96.3025
96.2292
96.1577
96.0861
96.0149
95.9451
95.8775
95.8095
95.7427
95.6782
95.6146
95.5513
95.4915
95.431
95.3736
95.3169
95.2623
95.2093
95.1582
95.1091
95.0618
95.0166
94.9734
94.9323
94.8934
94.8565
94.8219
94.7896
94.7595
94.7316
94.7062
94.683
94.6622
94.6439
94.6279
94.6144
94.6033
94.5946
94.5885
94.5848
94.5835
94.5848
94.5885
94.5946
94.6033
94.6144
94.6279
94.6439
94.6622
94.683
94.7062
94.7316
94.7595
94.7896
94.8219
94.8565
94.8934
94.9323
94.9734
95.0166
95.0618
95.1091
95.1582
95.2093
95.2623
95.3169
95.3736
95.431
95.4915
95.5513
95.6146
95.6782
95.7427
95.8095
95.8775
95.9451
96.0149
96.0861
96.1577
96.2292
96.3025
96.3768
96.4515
96.5256
96.6009
96.6769
96.7537
96.8296
96.9057
96.9819
97.0591
97.1358
97.2121
97.2875
97.3634
97.439
97.5145
97.5885
97.6621
97.7353
97.8081
97.8793
97.9503
98.0202
98.0887
98.1568
98.2233
98.2893
98.3535
98.4177
98.4789
98.5412
98.5992
98.6591
98.7141
98.7709
98.8233
98.8764
98.9261
98.9752
99.0217
99.0665
99.1093
99.1496
99.1884
99.2242
99.2587
99.2898
99.3199
99.3464
99.372
99.3938
99.4148
99.432
99.4483
99.4607
99.4723
99.4799
99.4868
99.4896
99.4916
98.3753
98.375
98.37
98.3644
98.3541
98.3431
98.3277
98.3114
98.291
98.2695
98.2444
98.2176
98.188
98.1561
98.1221
98.0853
98.0471
98.0055
97.9632
97.9169
97.8707
97.8199
97.7699
97.7152
97.6614
97.6033
97.5461
97.485
97.4246
97.3607
97.2972
97.2307
97.1641
97.0952
97.0255
96.9546
96.8823
96.8093
96.7349
96.6596
96.5832
96.5065
96.4281
96.3494
96.2703
96.1911
96.1105
96.0296
95.9482
95.8674
95.7863
95.7052
95.6231
95.5415
95.4604
95.3802
95.2994
95.2189
95.1387
95.0602
94.982
94.904
94.8263
94.7508
94.6761
94.6017
94.5281
94.4571
94.3866
94.3166
94.2491
94.1833
94.1174
94.0552
93.9928
93.9332
93.8748
93.8185
93.7641
93.7118
93.6615
93.6134
93.5674
93.5237
93.4822
93.443
93.4061
93.3717
93.3396
93.31
93.2828
93.2582
93.2361
93.2165
93.1995
93.1851
93.1733
93.1641
93.1575
93.1536
93.1522
93.1536
93.1575
93.1641
93.1733
93.1851
93.1995
93.2165
93.2361
93.2582
93.2828
93.31
93.3396
93.3717
93.4061
93.443
93.4822
93.5237
93.5674
93.6134
93.6615
93.7118
93.7641
93.8185
93.8748
93.9332
93.9928
94.0552
94.1174
94.1833
94.2491
94.3166
94.3866
94.4571
94.5281
94.6017
94.6761
94.7508
94.8263
94.904
94.982
95.0602
95.1387
95.2189
95.2994
95.3802
95.4604
95.5415
95.6231
95.7052
95.7863
95.8674
95.9482
96.0296
96.1105
96.1911
96.2703
96.3494
96.4281
96.5065
96.5832
96.6596
96.7349
96.8093
96.8823
96.9546
97.0255
97.0952
97.1641
97.2307
97.2972
97.3607
97.4246
97.485
97.5461
97.6033
97.6614
97.7152
97.7699
97.8199
97.8707
97.9169
97.9632
98.0055
98.0471
98.0853
98.1221
98.1561
98.188
98.2176
98.2444
98.2695
98.291
98.3114
98.3277
98.3431
98.3541
98.3644
98.37
98.375
98.3753
97.2599
97.2584
97.2541
97.2469
97.2368
97.2241
97.2082
97.19
97.1684
97.1449
97.1178
97.0893
97.0569
97.0236
96.9861
96.9482
96.9059
96.8636
96.8168
96.7703
96.7192
96.6685
96.6133
96.5586
96.4994
96.4408
96.3782
96.3158
96.2502
96.1841
96.1159
96.0464
95.9753
95.9027
95.8287
95.7534
95.6768
95.5988
95.5204
95.4401
95.3591
95.2772
95.1951
95.1113
95.027
94.9421
94.8576
94.7721
94.6863
94.5995
94.5132
94.427
94.3414
94.2549
94.1685
94.0823
93.9974
93.9127
93.8282
93.7436
93.6606
93.5786
93.4974
93.416
93.3364
93.2584
93.1812
93.1043
93.03
92.957
92.8846
92.8141
92.7463
92.6782
92.6138
92.5497
92.4883
92.4286
92.371
92.3155
92.2622
92.2112
92.1625
92.1161
92.0721
92.0306
91.9915
91.955
91.921
91.8896
91.8608
91.8347
91.8112
91.7905
91.7725
91.7572
91.7447
91.7349
91.7279
91.7237
91.7224
91.7237
91.7279
91.7349
91.7447
91.7572
91.7725
91.7905
91.8112
91.8347
91.8608
91.8896
91.921
91.955
91.9915
92.0306
92.0721
92.1161
92.1625
92.2112
92.2622
92.3155
92.371
92.4286
92.4883
92.5497
92.6138
92.6782
92.7463
92.8141
92.8846
92.957
93.03
93.1043
93.1812
93.2584
93.3364
93.416
93.4974
93.5786
93.6606
93.7436
93.8282
93.9127
93.9974
94.0823
94.1685
94.2549
94.3414
94.427
94.5132
94.5995
94.6863
94.7721
94.8576
94.9421
95.027
95.1113
95.1951
95.2772
95.3591
95.4401
95.5204
95.5988
95.6768
95.7534
95.8287
95.9027
95.9753
96.0464
96.1159
96.1841
96.2502
96.3158
96.3782
96.4408
96.4994
96.5586
96.6133
96.6685
96.7192
96.7703
96.8168
96.8636
96.9059
96.9482
96.9861
97.0236
97.0569
97.0893
97.1178
97.1449
97.1684
97.19
97.2082
97.2241
97.2368
97.2469
97.2541
97.2584
97.2599
96.1392
96.1371
96.1332
96.1251
96.1153
96.1012
96.0856
96.0655
96.0442
96.0182
95.9914
95.9596
95.9276
95.8903
95.8533
95.8108
95.7689
95.7217
95.6752
95.6236
95.5724
95.5169
95.4611
95.4017
95.3414
95.2782
95.2137
95.1467
95.0785
95.0078
94.9361
94.8624
94.787
94.7106
94.6318
94.5524
94.4712
94.3888
94.3052
94.221
94.135
94.0483
93.9607
93.8731
93.7841
93.6945
93.604
93.5138
93.4232
93.3327
93.2413
93.1498
93.0582
92.9677
92.8771
92.7866
92.6957
92.606
92.5171
92.4292
92.3409
92.2536
92.1676
92.0832
91.9988
91.9156
91.8342
91.7546
91.675
91.5976
91.5224
91.4479
91.375
91.3054
91.2355
91.1693
91.1039
91.0412
90.9804
90.9219
90.8657
90.8119
90.7605
90.7115
90.6652
90.6213
90.5801
90.5416
90.5058
90.4726
90.4423
90.4147
90.39
90.3681
90.3491
90.333
90.3198
90.3095
90.3022
90.2977
90.2963
90.2977
90.3022
90.3095
90.3198
90.333
90.3491
90.3681
90.39
90.4147
90.4423
90.4726
90.5058
90.5416
90.5801
90.6213
90.6652
90.7115
90.7605
90.8119
90.8657
90.9219
90.9804
91.0412
91.1039
91.1693
91.2355
91.3054
91.375
91.4479
91.5224
91.5976
91.675
91.7546
91.8342
91.9156
91.9988
92.0832
92.1676
92.2536
92.3409
92.4292
92.5171
92.606
92.6957
92.7866
92.8771
92.9677
93.0582
93.1498
93.2413
93.3327
93.4232
93.5138
93.604
93.6945
93.7841
93.8731
93.9607
94.0483
94.135
94.221
94.3052
94.3888
94.4712
94.5524
94.6318
94.7106
94.787
94.8624
94.9361
95.0078
95.0785
95.1467
95.2137
95.2782
95.3414
95.4017
95.4611
95.5169
95.5724
95.6236
95.6752
95.7217
95.7689
95.8108
95.8533
95.8903
95.9276
95.9596
95.9914
96.0182
96.0442
96.0655
96.0856
96.1012
96.1153
96.1251
96.1332
96.1371
96.1392
95.0149
95.0143
95.0089
95.0021
94.9906
94.9778
94.9603
94.9414
94.9179
94.893
94.8636
94.8329
94.7978
94.7614
94.7206
94.6788
94.6326
94.5857
94.5344
94.4827
94.4266
94.3702
94.3098
94.2487
94.1844
94.1184
94.0503
93.9797
93.9076
93.8331
93.7571
93.6792
93.5996
93.5185
93.4359
93.3513
93.2661
93.1788
93.0905
93.0012
92.9113
92.8197
92.7273
92.6338
92.5405
92.4464
92.3518
92.256
92.1602
92.0641
91.9687
91.8728
91.7768
91.6802
91.5846
91.4894
91.3951
91.3003
91.2061
91.1127
91.021
90.9295
90.8386
90.7487
90.661
90.574
90.4877
90.403
90.3209
90.2392
90.159
90.0815
90.0055
89.9304
89.8591
89.7879
89.7202
89.6538
89.59
89.5285
89.4694
89.4128
89.3588
89.3074
89.2586
89.2125
89.1692
89.1287
89.091
89.0562
89.0243
88.9953
88.9693
88.9463
88.9263
88.9094
88.8955
88.8847
88.877
88.8723
88.8708
88.8723
88.877
88.8847
88.8955
88.9094
88.9263
88.9463
88.9693
88.9953
89.0243
89.0562
89.091
89.1287
89.1692
89.2125
89.2586
89.3074
89.3588
89.4128
89.4694
89.5285
89.59
89.6538
89.7202
89.7879
89.8591
89.9304
90.0055
90.0815
90.159
90.2392
90.3209
90.403
90.4877
90.574
90.661
90.7487
90.8386
90.9295
91.021
91.1127
91.2061
91.3003
91.3951
91.4894
91.5846
91.6802
91.7768
91.8728
91.9687
92.0641
92.1602
92.256
92.3518
92.4464
92.5405
92.6338
92.7273
92.8197
92.9113
93.0012
93.0905
93.1788
93.2661
93.3513
93.4359
93.5185
93.5996
93.6792
93.7571
93.8331
93.9076
93.9797
94.0503
94.1184
94.1844
94.2487
94.3098
94.3702
94.4266
94.4827
94.5344
94.5857
94.6326
94.6788
94.7206
94.7614
94.7978
94.8329
94.8636
94.893
94.9179
94.9414
94.9603
94.9778
94.9906
95.0021
95.0089
95.0143
95.0149
93.8983
93.8956
93.8921
93.8832
93.8735
93.8584
93.8424
93.8213
93.799
93.7719
93.7434
93.7103
93.6756
93.6366
93.5958
93.5511
93.5043
93.4541
93.4016
93.3461
93.2884
93.2278
93.1652
93.0998
93.0325
92.9626
92.8908
92.8167
92.7402
92.6621
92.5813
92.4995
92.4151
92.3296
92.2423
92.1535
92.0629
91.9718
91.8784
91.784
91.6886
91.5929
91.4958
91.3979
91.2985
91.1991
91.0993
90.9996
90.8989
90.7979
90.6962
90.5952
90.4944
90.3941
90.293
90.1924
90.0922
89.9935
89.8949
89.7968
89.699
89.6031
89.5082
89.4142
89.3205
89.2292
89.1393
89.0505
88.9626
88.8777
88.794
88.7115
88.6316
88.554
88.4771
88.4041
88.3317
88.2625
88.1953
88.1307
88.0686
88.0091
87.9523
87.8982
87.8469
87.7985
87.753
87.7104
87.6707
87.6341
87.6006
87.5701
87.5428
87.5186
87.4976
87.4798
87.4652
87.4538
87.4457
87.4408
87.4392
87.4408
87.4457
87.4538
87.4652
87.4798
87.4976
87.5186
87.5428
87.5701
87.6006
87.6341
87.6707
87.7104
87.753
87.7985
87.8469
87.8982
87.9523
88.0091
88.0686
88.1307
88.1953
88.2625
88.3317
88.4041
88.4771
88.554
88.6316
88.7115
88.794
88.8777
88.9626
89.0505
89.1393
89.2292
89.3205
89.4142
89.5082
89.6031
89.699
89.7968
89.8949
89.9935
90.0922
90.1924
90.293
90.3941
90.4944
90.5952
90.6962
90.7979
90.8989
90.9996
91.0993
91.1991
91.2985
91.3979
91.4958
91.5929
91.6886
91.784
91.8784
91.9718
92.0629
92.1535
92.2423
92.3296
92.4151
92.4995
92.5813
92.6621
92.7402
92.8167
92.8908
92.9626
93.0325
93.0998
93.1652
93.2278
93.2884
93.3461
93.4016
93.4541
93.5043
93.5511
93.5958
93.6366
93.6756
93.7103
93.7434
93.7719
93.799
93.8213
93.8424
93.8584
93.8735
93.8832
93.8921
93.8956
93.8983
92.7892
92.7882
92.7827
92.7753
92.7634
92.7495
92.7312
92.7108
92.6863
92.6595
92.6287
92.5954
92.5584
92.5188
92.4757
92.4297
92.3805
92.3284
92.2733
92.2152
92.1544
92.0907
92.0246
91.9557
91.8846
91.8108
91.7351
91.6568
91.5765
91.4938
91.4093
91.3224
91.2341
91.1434
91.0517
90.958
90.8628
90.7661
90.6688
90.5694
90.469
90.3672
90.2652
90.1622
90.0589
89.954
89.8487
89.7427
89.6371
89.5312
89.4253
89.3185
89.2119
89.1055
89.0002
88.8948
88.7897
88.6846
88.5809
88.4781
88.3763
88.2744
88.1741
88.0753
87.9781
87.8811
87.786
87.6929
87.6016
87.5108
87.4229
87.337
87.2524
87.17
87.0908
87.0122
86.9374
86.8639
86.7935
86.7254
86.6601
86.5975
86.5377
86.4808
86.4268
86.3758
86.3279
86.283
86.2413
86.2028
86.1675
86.1354
86.1067
86.0812
86.0591
86.0403
86.025
86.013
86.0044
85.9993
85.9976
85.9993
86.0044
86.013
86.025
86.0403
86.0591
86.0812
86.1067
86.1354
86.1675
86.2028
86.2413
86.283
86.3279
86.3758
86.4268
86.4808
86.5377
86.5975
86.6601
86.7254
86.7935
86.8639
86.9374
87.0122
87.0908
87.17
87.2524
87.337
87.4229
87.5108
87.6016
87.6929
87.786
87.8811
87.9781
88.0753
88.1741
88.2744
88.3763
88.4781
88.5809
88.6846
88.7897
88.8948
89.0002
89.1055
89.2119
89.3185
89.4253
89.5312
89.6371
89.7427
89.8487
89.954
90.0589
90.1622
90.2652
90.3672
90.469
90.5694
90.6688
90.7661
90.8628
90.958
91.0517
91.1434
91.2341
91.3224
91.4093
91.4938
91.5765
91.6568
91.7351
91.8108
91.8846
91.9557
92.0246
92.0907
92.1544
92.2152
92.2733
92.3284
92.3805
92.4297
92.4757
92.5188
92.5584
92.5954
92.6287
92.6595
92.6863
92.7108
92.7312
92.7495
92.7634
92.7753
92.7827
92.7882
92.7892
91.694
91.6917
91.6871
91.678
91.6666
91.6508
91.6325
91.6101
91.5849
91.556
91.524
91.4887
91.45
91.4084
91.363
91.3151
91.2632
91.209
91.1508
91.0903
91.0261
90.9594
90.8896
90.8172
90.742
90.6645
90.5843
90.5021
90.4171
90.3306
90.2412
90.1502
90.0569
89.9619
89.8648
89.7667
89.6664
89.5648
89.4614
89.3577
89.2522
89.1458
89.0378
88.9292
88.8197
88.7103
88.5998
88.489
88.3771
88.2653
88.1533
88.042
87.9303
87.8185
87.7065
87.5955
87.4852
87.3757
87.266
87.1572
87.0495
86.9436
86.838
86.7334
86.6302
86.5294
86.4293
86.3306
86.2339
86.1398
86.0464
85.9554
85.8671
85.7804
85.6957
85.6146
85.5344
85.4579
85.3833
85.3117
85.2428
85.1768
85.1138
85.0538
84.9969
84.9431
84.8926
84.8453
84.8013
84.7607
84.7234
84.6896
84.6593
84.6324
84.6091
84.5893
84.5731
84.5605
84.5514
84.546
84.5442
84.546
84.5514
84.5605
84.5731
84.5893
84.6091
84.6324
84.6593
84.6896
84.7234
84.7607
84.8013
84.8453
84.8926
84.9431
84.9969
85.0538
85.1138
85.1768
85.2428
85.3117
85.3833
85.4579
85.5344
85.6146
85.6957
85.7804
85.8671
85.9554
86.0464
86.1398
86.2339
86.3306
86.4293
86.5294
86.6302
86.7334
86.838
86.9436
87.0495
87.1572
87.266
87.3757
87.4852
87.5955
87.7065
87.8185
87.9303
88.042
88.1533
88.2653
88.3771
88.489
88.5998
88.7103
88.8197
88.9292
89.0378
89.1458
89.2522
89.3577
89.4614
89.5648
89.6664
89.7667
89.8648
89.9619
90.0569
90.1502
90.2412
90.3306
90.4171
90.5021
90.5843
90.6645
90.742
90.8172
90.8896
90.9594
91.0261
91.0903
91.1508
91.209
91.2632
91.3151
91.363
91.4084
91.45
91.4887
91.524
91.556
91.5849
91.6101
91.6325
91.6508
91.6666
91.678
91.6871
91.6917
91.694
90.6075
90.606
90.6001
90.5913
90.5783
90.5622
90.5419
90.5186
90.4913
90.461
90.4267
90.3894
90.3484
90.3041
90.2566
90.2055
90.1516
90.0937
90.0335
89.969
89.9026
89.8318
89.7591
89.6825
89.6039
89.522
89.4378
89.3511
89.262
89.1705
89.0772
88.9809
88.8835
88.7833
88.6816
88.5778
88.4731
88.3664
88.2582
88.1481
88.0374
87.9253
87.8128
87.6988
87.5839
87.4678
87.3517
87.235
87.1185
87.001
86.8833
86.765
86.6476
86.5304
86.4137
86.2965
86.1799
86.064
85.9495
85.8355
85.722
85.6093
85.4987
85.3892
85.2808
85.1733
85.0684
84.9651
84.8632
84.7628
84.6656
84.5699
84.4759
84.385
84.2964
84.2094
84.1265
84.0448
83.9668
83.891
83.8185
83.7488
83.6824
83.6191
83.5591
83.5024
83.4491
83.3992
83.3528
83.3099
83.2706
83.2349
83.2029
83.1745
83.1499
83.129
83.1119
83.0986
83.089
83.0833
83.0814
83.0833
83.089
83.0986
83.1119
83.129
83.1499
83.1745
83.2029
83.2349
83.2706
83.3099
83.3528
83.3992
83.4491
83.5024
83.5591
83.6191
83.6824
83.7488
83.8185
83.891
83.9668
84.0448
84.1265
84.2094
84.2964
84.385
84.4759
84.5699
84.6656
84.7628
84.8632
84.9651
85.0684
85.1733
85.2808
85.3892
85.4987
85.6093
85.722
85.8355
85.9495
86.064
86.1799
86.2965
86.4137
86.5304
86.6476
86.765
86.8833
87.001
87.1185
87.235
87.3517
87.4678
87.5839
87.6988
87.8128
87.9253
88.0374
88.1481
88.2582
88.3664
88.4731
88.5778
88.6816
88.7833
88.8835
88.9809
89.0772
89.1705
89.262
89.3511
89.4378
89.522
89.6039
89.6825
89.7591
89.8318
89.9026
89.969
90.0335
90.0937
90.1516
90.2055
90.2566
90.3041
90.3484
90.3894
90.4267
90.461
90.4913
90.5186
90.5419
90.5622
90.5783
90.5913
90.6001
90.606
90.6075
89.5287
89.5268
89.5209
89.5112
89.4975
89.48
89.4587
89.4336
89.4046
89.3721
89.3357
89.296
89.2524
89.2056
89.1549
89.1013
89.0438
88.9835
88.9193
88.8525
88.7816
88.7085
88.6312
88.5519
88.4685
88.3833
88.2944
88.2036
88.1098
88.0139
87.9156
87.8152
87.7122
87.6079
87.5009
87.3922
87.2814
87.1697
87.0564
86.9418
86.825
86.7074
86.5883
86.4689
86.3486
86.2277
86.1054
85.9827
85.8593
85.7363
85.613
85.4898
85.3658
85.2421
85.1188
84.9966
84.8744
84.7527
84.6312
84.5113
84.3925
84.2749
84.1575
84.0419
83.9281
83.8161
83.7048
83.5956
83.4888
83.384
83.2803
83.1798
83.0816
82.9851
82.8915
82.8012
82.7122
82.6275
82.5444
82.4651
82.3884
82.3151
82.2451
82.1784
82.1151
82.0553
81.999
81.9464
81.8975
81.8522
81.8108
81.7731
81.7393
81.7094
81.6835
81.6614
81.6434
81.6293
81.6193
81.6132
81.6112
81.6132
81.6193
81.6293
81.6434
81.6614
81.6835
81.7094
81.7393
81.7731
81.8108
81.8522
81.8975
81.9464
81.999
82.0553
82.1151
82.1784
82.2451
82.3151
82.3884
82.4651
82.5444
82.6275
82.7122
82.8012
82.8915
82.9851
83.0816
83.1798
83.2803
83.384
83.4888
83.5956
83.7048
83.8161
83.9281
84.0419
84.1575
84.2749
84.3925
84.5113
84.6312
84.7527
84.8744
84.9966
85.1188
85.2421
85.3658
85.4898
85.613
85.7363
85.8593
85.9827
86.1054
86.2277
86.3486
86.4689
86.5883
86.7074
86.825
86.9418
87.0564
87.1697
87.2814
87.3922
87.5009
87.6079
87.7122
87.8152
87.9156
88.0139
88.1098
88.2036
88.2944
88.3833
88.4685
88.5519
88.6312
88.7085
88.7816
88.8525
88.9193
88.9835
89.0438
89.1013
89.1549
89.2056
89.2524
89.296
89.3357
89.3721
89.4046
89.4336
89.4587
89.48
89.4975
89.5112
89.5209
89.5268
89.5287
88.4555
88.4536
88.4472
88.437
88.4223
88.4038
88.381
88.3544
88.3236
88.2891
88.2505
88.2081
88.1621
88.1122
88.059
88.0017
87.9416
87.8772
87.8104
87.7392
87.6658
87.588
87.508
87.424
87.3376
87.2474
87.1551
87.0592
86.9614
86.8605
86.7576
86.6522
86.5446
86.4345
86.3233
86.2093
86.0937
85.9758
85.8568
85.7363
85.6149
85.4917
85.3675
85.2415
85.115
84.9877
84.8603
84.7319
84.6031
84.4732
84.3435
84.2137
84.0846
83.9552
83.8259
83.6964
83.5682
83.4406
83.3141
83.1876
83.0623
82.9382
82.8161
82.6947
82.5745
82.4561
82.3402
82.2255
82.1125
82.0019
81.8942
81.7877
81.684
81.5833
81.4847
81.3887
81.2966
81.206
81.1197
81.0356
80.9552
80.8779
80.8041
80.7339
80.6672
80.6042
80.545
80.4896
80.438
80.3903
80.3467
80.307
80.2714
80.2399
80.2125
80.1893
80.1703
80.1554
80.1448
80.1385
80.1363
80.1385
80.1448
80.1554
80.1703
80.1893
80.2125
80.2399
80.2714
80.307
80.3467
80.3903
80.438
80.4896
80.545
80.6042
80.6672
80.7339
80.8041
80.8779
80.9552
81.0356
81.1197
81.206
81.2966
81.3887
81.4847
81.5833
81.684
81.7877
81.8942
82.0019
82.1125
82.2255
82.3402
82.4561
82.5745
82.6947
82.8161
82.9382
83.0623
83.1876
83.3141
83.4406
83.5682
83.6964
83.8259
83.9552
84.0846
84.2137
84.3435
84.4732
84.6031
84.7319
84.8603
84.9877
85.115
85.2415
85.3675
85.4917
85.6149
85.7363
85.8568
85.9758
86.0937
86.2093
86.3233
86.4345
86.5446
86.6522
86.7576
86.8605
86.9614
87.0592
87.1551
87.2474
87.3376
87.424
87.508
87.588
87.6658
87.7392
87.8104
87.8772
87.9416
88.0017
88.059
88.1122
88.1621
88.2081
88.2505
88.2891
88.3236
88.3544
88.381
88.4038
88.4223
88.437
88.4472
88.4536
88.4555
87.3851
87.3829
87.3763
87.3654
87.35
87.3303
87.3063
87.2781
87.2456
87.209
87.1682
87.1235
87.0748
87.0221
86.9657
86.9056
86.8417
86.7745
86.7034
86.6294
86.5513
86.4707
86.3858
86.2989
86.2075
86.1142
86.0168
85.9172
85.8143
85.7091
85.601
85.491
85.3783
85.2635
85.146
85.0273
84.9062
84.7838
84.6591
84.5329
84.4049
84.2761
84.1459
84.0151
83.8828
83.7496
83.6151
83.4806
83.3455
83.2106
83.0749
82.9389
82.8025
82.6669
82.5316
82.397
82.2621
82.128
81.9946
81.8629
81.7318
81.6016
81.4724
81.3454
81.22
81.0959
80.9731
80.8531
80.7351
80.6188
80.5047
80.3939
80.285
80.1785
80.0754
79.9751
79.877
79.7833
79.6914
79.6037
79.5189
79.4378
79.3602
79.2864
79.2163
79.1501
79.0878
79.0295
78.9752
78.9251
78.8792
78.8374
78.8
78.7668
78.738
78.7136
78.6936
78.678
78.6668
78.6601
78.6579
78.6601
78.6668
78.678
78.6936
78.7136
78.738
78.7668
78.8
78.8374
78.8792
78.9251
78.9752
79.0295
79.0878
79.1501
79.2163
79.2864
79.3602
79.4378
79.5189
79.6037
79.6914
79.7833
79.877
79.9751
80.0754
80.1785
80.285
80.3939
80.5047
80.6188
80.7351
80.8531
80.9731
81.0959
81.22
81.3454
81.4724
81.6016
81.7318
81.8629
81.9946
82.128
82.2621
82.397
82.5316
82.6669
82.8025
82.9389
83.0749
83.2106
83.3455
83.4806
83.6151
83.7496
83.8828
84.0151
84.1459
84.2761
84.4049
84.5329
84.6591
84.7838
84.9062
85.0273
85.146
85.2635
85.3783
85.491
85.601
85.7091
85.8143
85.9172
86.0168
86.1142
86.2075
86.2989
86.3858
86.4707
86.5513
86.6294
86.7034
86.7745
86.8417
86.9056
86.9657
87.0221
87.0748
87.1235
87.1682
87.209
87.2456
87.2781
87.3063
87.3303
87.35
87.3654
87.3763
87.3829
87.3851
86.3192
86.3169
86.31
86.2984
86.2823
86.2615
86.2363
86.2065
86.1724
86.1337
86.0909
86.0436
85.9925
85.9369
85.8777
85.8142
85.7472
85.6762
85.6018
85.5236
85.4421
85.357
85.2689
85.1768
85.0824
84.9837
84.8831
84.7781
84.6713
84.561
84.4482
84.3326
84.2152
84.0952
83.9732
83.8482
83.7218
83.5931
83.4633
83.3317
83.1986
83.0635
82.9274
82.7896
82.6515
82.5125
82.3728
82.2319
82.0904
81.9483
81.8065
81.6646
81.5228
81.3804
81.2384
81.0968
80.9564
80.8163
80.6769
80.5379
80.4006
80.2646
80.1301
79.9962
79.8643
79.7345
79.6067
79.4802
79.3561
79.2347
79.1156
78.9982
78.8844
78.7733
78.6645
78.5591
78.4572
78.3575
78.2624
78.1695
78.081
77.9957
77.9143
77.8368
77.7632
77.6937
77.6282
77.567
77.5101
77.4574
77.4092
77.3653
77.326
77.2912
77.2609
77.2352
77.2142
77.1978
77.1861
77.1791
77.1767
77.1791
77.1861
77.1978
77.2142
77.2352
77.2609
77.2912
77.326
77.3653
77.4092
77.4574
77.5101
77.567
77.6282
77.6937
77.7632
77.8368
77.9143
77.9957
78.081
78.1695
78.2624
78.3575
78.4572
78.5591
78.6645
78.7733
78.8844
78.9982
79.1156
79.2347
79.3561
79.4802
79.6067
79.7345
79.8643
79.9962
80.1301
80.2646
80.4006
80.5379
80.6769
80.8163
80.9564
81.0968
81.2384
81.3804
81.5228
81.6646
81.8065
81.9483
82.0904
82.2319
82.3728
82.5125
82.6515
82.7896
82.9274
83.0635
83.1986
83.3317
83.4633
83.5931
83.7218
83.8482
83.9732
84.0952
84.2152
84.3326
84.4482
84.561
84.6713
84.7781
84.8831
84.9837
85.0824
85.1768
85.2689
85.357
85.4421
85.5236
85.6018
85.6762
85.7472
85.8142
85.8777
85.9369
85.9925
86.0436
86.0909
86.1337
86.1724
86.2065
86.2363
86.2615
86.2823
86.2984
86.31
86.3169
86.3192
85.2553
85.2527
85.2455
85.2333
85.2164
85.1946
85.1682
85.1369
85.1011
85.0605
85.0156
84.966
84.9122
84.854
84.7917
84.7253
84.6547
84.5804
84.5021
84.4204
84.3346
84.2458
84.153
84.0574
83.9579
83.8557
83.7497
83.6413
83.5288
83.4144
83.2965
83.1761
83.0528
82.9276
82.8
82.6707
82.5385
82.4047
82.2683
82.1306
81.9914
81.8511
81.7092
81.5661
81.4212
81.2756
81.1292
80.9826
80.8352
80.6874
80.5387
80.39
80.2413
80.0933
79.9453
79.7975
79.6498
79.5032
79.3575
79.2132
79.0692
78.9265
78.7853
78.6463
78.5084
78.3721
78.2378
78.1063
77.9765
77.8488
77.7239
77.6021
77.4822
77.3655
77.2523
77.1417
77.0343
76.9312
76.8302
76.734
76.6406
76.5515
76.4661
76.3849
76.3078
76.2349
76.1663
76.1022
76.0425
75.9873
75.9367
75.8907
75.8495
75.8129
75.7812
75.7543
75.7322
75.7151
75.7028
75.6954
75.6929
75.6954
75.7028
75.7151
75.7322
75.7543
75.7812
75.8129
75.8495
75.8907
75.9367
75.9873
76.0425
76.1022
76.1663
76.2349
76.3078
76.3849
76.4661
76.5515
76.6406
76.734
76.8302
76.9312
77.0343
77.1417
77.2523
77.3655
77.4822
77.6021
77.7239
77.8488
77.9765
78.1063
78.2378
78.3721
78.5084
78.6463
78.7853
78.9265
79.0692
79.2132
79.3575
79.5032
79.6498
79.7975
79.9453
80.0933
80.2413
80.39
80.5387
80.6874
80.8352
80.9826
81.1292
81.2756
81.4212
81.5661
81.7092
81.8511
81.9914
82.1306
82.2683
82.4047
82.5385
82.6707
82.8
82.9276
83.0528
83.1761
83.2965
83.4144
83.5288
83.6413
83.7497
83.8557
83.9579
84.0574
84.153
84.2458
84.3346
84.4204
84.5021
84.5804
84.6547
84.7253
84.7917
84.854
84.9122
84.966
85.0156
85.0605
85.1011
85.1369
85.1682
85.1946
85.2164
85.2333
85.2455
85.2527
85.2553
84.1959
84.1932
84.1857
84.1729
84.1552
84.1324
84.1047
84.0719
84.0344
83.9919
83.9449
83.893
83.8366
83.7757
83.7104
83.6409
83.567
83.4891
83.4072
83.3214
83.2319
83.1386
83.042
82.9414
82.8382
82.7307
82.6209
82.507
82.3906
82.2703
82.1481
82.0225
81.8946
81.7635
81.6303
81.4946
81.3574
81.2177
81.0766
80.9329
80.7877
80.6405
80.4924
80.3429
80.1928
80.0411
79.8886
79.7349
79.5808
79.4263
79.272
79.1171
78.9621
78.8067
78.652
78.4978
78.3445
78.1913
78.0388
77.8873
77.7376
77.5889
77.4415
77.2952
77.1514
77.0094
76.8693
76.7308
76.5954
76.4625
76.3318
76.2035
76.0791
75.9571
75.8379
75.7227
75.6107
75.5017
75.3974
75.2956
75.1986
75.1051
75.0159
74.9308
74.8501
74.7738
74.702
74.6348
74.5723
74.5145
74.4615
74.4134
74.3702
74.332
74.2987
74.2706
74.2475
74.2295
74.2166
74.2089
74.2063
74.2089
74.2166
74.2295
74.2475
74.2706
74.2987
74.332
74.3702
74.4134
74.4615
74.5145
74.5723
74.6348
74.702
74.7738
74.8501
74.9308
75.0159
75.1051
75.1986
75.2956
75.3974
75.5017
75.6107
75.7227
75.8379
75.9571
76.0791
76.2035
76.3318
76.4625
76.5954
76.7308
76.8693
77.0094
77.1514
77.2952
77.4415
77.5889
77.7376
77.8873
78.0388
78.1913
78.3445
78.4978
78.652
78.8067
78.9621
79.1171
79.272
79.4263
79.5808
79.7349
79.8886
80.0411
80.1928
80.3429
80.4924
80.6405
80.7877
80.9329
81.0766
81.2177
81.3574
81.4946
81.6303
81.7635
81.8946
82.0225
82.1481
82.2703
82.3906
82.507
82.6209
82.7307
82.8382
82.9414
83.042
83.1386
83.2319
83.3214
83.4072
83.4891
83.567
83.6409
83.7104
83.7757
83.8366
83.893
83.9449
83.9919
84.0344
84.0719
84.1047
84.1324
84.1552
84.1729
84.1857
84.1932
84.1959
83.139
83.1362
83.1283
83.1149
83.0965
83.0726
83.0436
83.0093
82.9701
82.9258
82.8765
82.8224
82.7634
82.6998
82.6315
82.5588
82.4816
82.4003
82.3146
82.225
82.1314
82.034
81.9328
81.8282
81.7198
81.6084
81.4929
81.3752
81.2534
81.129
81.0005
80.8701
80.7364
80.6007
80.4621
80.3212
80.1775
80.0321
79.8842
79.7352
79.584
79.4316
79.2772
79.1214
78.964
78.8061
78.6472
78.4879
78.3275
78.1665
78.0047
77.8432
77.6817
77.5207
77.3592
77.1982
77.0375
76.8782
76.7196
76.5619
76.4049
76.2496
76.0959
75.9442
75.7935
75.6449
75.4987
75.3551
75.2131
75.0739
74.9377
74.8045
74.6734
74.5463
74.4224
74.3014
74.1844
74.0713
73.9611
73.856
73.7538
73.6565
73.5631
73.4743
73.3899
73.3101
73.2351
73.1648
73.0995
73.039
72.9836
72.9333
72.8882
72.8482
72.8134
72.7839
72.7598
72.741
72.7275
72.7194
72.7167
72.7194
72.7275
72.741
72.7598
72.7839
72.8134
72.8482
72.8882
72.9333
72.9836
73.039
73.0995
73.1648
73.2351
73.3101
73.3899
73.4743
73.5631
73.6565
73.7538
73.856
73.9611
74.0713
74.1844
74.3014
74.4224
74.5463
74.6734
74.8045
74.9377
75.0739
75.2131
75.3551
75.4987
75.6449
75.7935
75.9442
76.0959
76.2496
76.4049
76.5619
76.7196
76.8782
77.0375
77.1982
77.3592
77.5207
77.6817
77.8432
78.0047
78.1665
78.3275
78.4879
78.6472
78.8061
78.964
79.1214
79.2772
79.4316
79.584
79.7352
79.8842
80.0321
80.1775
80.3212
80.4621
80.6007
80.7364
80.8701
81.0005
81.129
81.2534
81.3752
81.4929
81.6084
81.7198
81.8282
81.9328
82.034
82.1314
82.225
82.3146
82.4003
82.4816
82.5588
82.6315
82.6998
82.7634
82.8224
82.8765
82.9258
82.9701
83.0093
83.0436
83.0726
83.0965
83.1149
83.1283
83.1362
83.139
82.0858
82.083
82.0747
82.0607
82.0414
82.0164
81.9861
81.9504
81.9094
81.8631
81.8116
81.7551
81.6935
81.6272
81.5559
81.4801
81.3995
81.3146
81.2252
81.1316
81.0341
80.9323
80.8269
80.7175
80.6047
80.4883
80.3685
80.2448
80.1188
79.9889
79.8565
79.7201
79.5813
79.4391
79.2949
79.1483
78.9996
78.8483
78.695
78.5391
78.3817
78.2224
78.0622
77.9004
77.7374
77.5727
77.4071
77.2405
77.0737
76.9063
76.7387
76.5703
76.4018
76.2333
76.0656
75.8982
75.7314
75.5647
75.3991
75.2347
75.072
74.9101
74.7495
74.5907
74.4344
74.2797
74.127
73.9765
73.8292
73.6842
73.5417
73.4023
73.2667
73.1334
73.0039
72.8783
72.7559
72.6373
72.5234
72.4125
72.3068
72.2047
72.1075
72.0146
71.9265
71.8433
71.7649
71.6916
71.6233
71.5602
71.5023
71.4498
71.4026
71.3608
71.3245
71.2937
71.2685
71.2488
71.2348
71.2263
71.2235
71.2263
71.2348
71.2488
71.2685
71.2937
71.3245
71.3608
71.4026
71.4498
71.5023
71.5602
71.6233
71.6916
71.7649
71.8433
71.9265
72.0146
72.1075
72.2047
72.3068
72.4125
72.5234
72.6373
72.7559
72.8783
73.0039
73.1334
73.2667
73.4023
73.5417
73.6842
73.8292
73.9765
74.127
74.2797
74.4344
74.5907
74.7495
74.9101
75.072
75.2347
75.3991
75.5647
75.7314
75.8982
76.0656
76.2333
76.4018
76.5703
76.7387
76.9063
77.0737
77.2405
77.4071
77.5727
77.7374
77.9004
78.0622
78.2224
78.3817
78.5391
78.695
78.8483
78.9996
79.1483
79.2949
79.4391
79.5813
79.7201
79.8565
79.9889
80.1188
80.2448
80.3685
80.4883
80.6047
80.7175
80.8269
80.9323
81.0341
81.1316
81.2252
81.3146
81.3995
81.4801
81.5559
81.6272
81.6935
81.7551
81.8116
81.8631
81.9094
81.9504
81.9861
82.0164
82.0414
82.0607
82.0747
82.083
82.0858
81.0354
81.0325
81.0238
81.0093
80.989
80.9631
80.9314
80.8942
80.8513
80.8031
80.7493
80.6905
80.6262
80.557
80.4827
80.4036
80.3197
80.2312
80.1381
80.0406
79.9389
79.8329
79.7229
79.6092
79.4914
79.3704
79.2456
79.1175
78.9853
78.8506
78.7121
78.5714
78.427
78.2801
78.1298
77.9771
77.8218
77.6647
77.5052
77.3441
77.1806
77.0154
76.8481
76.6795
76.5096
76.339
76.1671
75.9944
75.8205
75.6461
75.4711
75.2965
75.1217
74.9469
74.7717
74.5972
74.4233
74.2507
74.0785
73.9073
73.737
73.5688
73.4021
73.237
73.0733
72.9122
72.7536
72.5973
72.4429
72.2919
72.144
71.9988
71.8565
71.7185
71.5835
71.452
71.3248
71.2015
71.0818
70.9673
70.8562
70.7503
70.6486
70.552
70.4601
70.3732
70.2915
70.215
70.1438
70.0779
70.0176
69.9628
69.9135
69.87
69.8321
69.8
69.7736
69.7531
69.7384
69.7296
69.7267
69.7296
69.7384
69.7531
69.7736
69.8
69.8321
69.87
69.9135
69.9628
70.0176
70.0779
70.1438
70.215
70.2915
70.3732
70.4601
70.552
70.6486
70.7503
70.8562
70.9673
71.0818
71.2015
71.3248
71.452
71.5835
71.7185
71.8565
71.9988
72.144
72.2919
72.4429
72.5973
72.7536
72.9122
73.0733
73.237
73.4021
73.5688
73.737
73.9073
74.0785
74.2507
74.4233
74.5972
74.7717
74.9469
75.1217
75.2965
75.4711
75.6461
75.8205
75.9944
76.1671
76.339
76.5096
76.6795
76.8481
77.0154
77.1806
77.3441
77.5052
77.6647
77.8218
77.9771
78.1298
78.2801
78.427
78.5714
78.7121
78.8506
78.9853
79.1175
79.2456
79.3704
79.4914
79.6092
79.7229
79.8329
79.9389
80.0406
80.1381
80.2312
80.3197
80.4036
80.4827
80.557
80.6262
80.6905
80.7493
80.8031
80.8513
80.8942
80.9314
80.9631
80.989
81.0093
81.0238
81.0325
81.0354
79.9867
79.9837
79.9746
79.9595
79.9383
79.9112
79.8782
79.8394
79.7946
79.7444
79.6884
79.627
79.5601
79.488
79.4106
79.3282
79.2409
79.1487
79.0519
78.9503
78.8445
78.7343
78.6198
78.5015
78.3791
78.2526
78.123
77.9897
77.8533
77.7128
77.5695
77.4221
77.2725
77.1194
76.9641
76.8058
76.6451
76.4815
76.3159
76.1477
75.9781
75.8064
75.6335
75.4587
75.2824
75.1044
74.9257
74.7459
74.5659
74.385
74.2037
74.0214
73.8394
73.6576
73.4763
73.2951
73.1144
72.934
72.7551
72.5773
72.4009
72.2254
72.0516
71.8799
71.7104
71.5426
71.3771
71.2142
71.0545
70.897
70.7425
70.5916
70.4442
70.2996
70.1592
70.0228
69.8899
69.7613
69.6375
69.5172
69.4024
69.2915
69.186
69.0851
68.9894
68.8989
68.8138
68.7341
68.6599
68.5913
68.5284
68.4712
68.4199
68.3745
68.335
68.3016
68.2741
68.2527
68.2375
68.2283
68.2252
68.2283
68.2375
68.2527
68.2741
68.3016
68.335
68.3745
68.4199
68.4712
68.5284
68.5913
68.6599
68.7341
68.8138
68.8989
68.9894
69.0851
69.186
69.2915
69.4024
69.5172
69.6375
69.7613
69.8899
70.0228
70.1592
70.2996
70.4442
70.5916
70.7425
70.897
71.0545
71.2142
71.3771
71.5426
71.7104
71.8799
72.0516
72.2254
72.4009
72.5773
72.7551
72.934
73.1144
73.2951
73.4763
73.6576
73.8394
74.0214
74.2037
74.385
74.5659
74.7459
74.9257
75.1044
75.2824
75.4587
75.6335
75.8064
75.9781
76.1477
76.3159
76.4815
76.6451
76.8058
76.9641
77.1194
77.2725
77.4221
77.5695
77.7128
77.8533
77.9897
78.123
78.2526
78.3791
78.5015
78.6198
78.7343
78.8445
78.9503
79.0519
79.1487
79.2409
79.3282
79.4106
79.488
79.5601
79.627
79.6884
79.7444
79.7946
79.8394
79.8782
79.9112
79.9383
79.9595
79.9746
79.9837
79.9867
78.9411
78.938
78.9284
78.9127
78.8906
78.8624
78.8279
78.7874
78.7408
78.6884
78.6301
78.5661
78.4965
78.4214
78.3409
78.2552
78.1644
78.0684
77.9678
77.8622
77.7521
77.6377
77.5186
77.3956
77.2686
77.1375
77.0023
76.8637
76.7213
76.5762
76.4271
76.2755
76.1196
75.9613
75.7992
75.6349
75.4678
75.2986
75.1269
74.9533
74.7768
74.5987
74.4185
74.2371
74.0542
73.8704
73.6849
73.4985
73.3108
73.1229
72.9345
72.7462
72.5573
72.3684
72.1794
71.9913
71.8037
71.6171
71.4309
71.2459
71.0622
70.8805
70.7001
70.5214
70.3446
70.1706
69.9989
69.8295
69.6627
69.4995
69.3392
69.1819
69.0281
68.8785
68.7322
68.5899
68.4521
68.3183
68.1888
68.0647
67.9443
67.8296
67.7193
67.6145
67.5149
67.4207
67.3321
67.2491
67.1719
67.1004
67.035
66.9755
66.922
66.8748
66.8337
66.7988
66.7702
66.748
66.732
66.7225
66.7193
66.7225
66.732
66.748
66.7702
66.7988
66.8337
66.8748
66.922
66.9755
67.035
67.1004
67.1719
67.2491
67.3321
67.4207
67.5149
67.6145
67.7193
67.8296
67.9443
68.0647
68.1888
68.3183
68.4521
68.5899
68.7322
68.8785
69.0281
69.1819
69.3392
69.4995
69.6627
69.8295
69.9989
70.1706
70.3446
70.5214
70.7001
70.8805
71.0622
71.2459
71.4309
71.6171
71.8037
71.9913
72.1794
72.3684
72.5573
72.7462
72.9345
73.1229
73.3108
73.4985
73.6849
73.8704
74.0542
74.2371
74.4185
74.5987
74.7768
74.9533
75.1269
75.2986
75.4678
75.6349
75.7992
75.9613
76.1196
76.2755
76.4271
76.5762
76.7213
76.8637
77.0023
77.1375
77.2686
77.3956
77.5186
77.6377
77.7521
77.8622
77.9678
78.0684
78.1644
78.2552
78.3409
78.4214
78.4965
78.5661
78.6301
78.6884
78.7408
78.7874
78.8279
78.8624
78.8906
78.9127
78.9284
78.938
78.9411
77.8969
77.8936
77.8837
77.8673
77.8442
77.8148
77.7788
77.7366
77.688
77.6334
77.5727
77.5061
77.4337
77.3555
77.2719
77.1827
77.0883
76.9886
76.884
76.7745
76.6601
76.5412
76.4177
76.2897
76.1577
76.0217
75.882
75.7381
75.5907
75.4392
75.2848
75.1266
74.9659
74.8015
74.6346
74.4641
74.2911
74.115
73.9368
73.7563
73.5741
73.3896
73.2035
73.0151
72.8253
72.634
72.4419
72.2486
72.0548
71.8599
71.6644
71.4682
71.2724
71.0767
70.8813
70.6858
70.4909
70.2967
70.104
69.9122
69.7217
69.5323
69.345
69.1598
68.9767
68.7953
68.6168
68.4411
68.2684
68.0981
67.9314
67.7684
67.6088
67.4526
67.301
67.1533
67.0096
66.8707
66.7366
66.6066
66.4824
66.3624
66.2482
66.139
66.0355
65.9376
65.8454
65.7591
65.6787
65.6044
65.5363
65.4744
65.4189
65.3697
65.3269
65.2907
65.2609
65.2378
65.2212
65.2113
65.2079
65.2113
65.2212
65.2378
65.2609
65.2907
65.3269
65.3697
65.4189
65.4744
65.5363
65.6044
65.6787
65.7591
65.8454
65.9376
66.0355
66.139
66.2482
66.3624
66.4824
66.6066
66.7366
66.8707
67.0096
67.1533
67.301
67.4526
67.6088
67.7684
67.9314
68.0981
68.2684
68.4411
68.6168
68.7953
68.9767
69.1598
69.345
69.5323
69.7217
69.9122
70.104
70.2967
70.4909
70.6858
70.8813
71.0767
71.2724
71.4682
71.6644
71.8599
72.0548
72.2486
72.4419
72.634
72.8253
73.0151
73.2035
73.3896
73.5741
73.7563
73.9368
74.115
74.2911
74.4641
74.6346
74.8015
74.9659
75.1266
75.2848
75.4392
75.5907
75.7381
75.882
76.0217
76.1577
76.2897
76.4177
76.5412
76.6601
76.7745
76.884
76.9886
77.0883
77.1827
77.2719
77.3555
77.4337
77.5061
77.5727
77.6334
77.688
77.7366
77.7788
77.8148
77.8442
77.8673
77.8837
77.8936
77.8969
76.8585
76.8551
76.8447
76.8276
76.8035
76.7728
76.7353
76.6913
76.6407
76.5838
76.5206
76.4512
76.3759
76.2946
76.2076
76.1149
76.0168
75.9133
75.8046
75.691
75.5722
75.4488
75.3209
75.1883
75.0512
74.9098
74.7644
74.6154
74.4626
74.3063
74.1461
73.9827
73.8152
73.6452
73.4713
73.2952
73.1159
72.9343
72.7498
72.563
72.3735
72.1823
71.9889
71.7943
71.5979
71.4002
71.2008
71.0004
70.7988
70.597
70.3946
70.192
69.9886
69.7854
69.5822
69.3799
69.1781
68.977
68.7764
68.5773
68.3796
68.1838
67.9893
67.7967
67.6064
67.4189
67.2335
67.0508
66.8711
66.695
66.5219
66.3521
66.1864
66.0248
65.8667
65.7132
65.5644
65.4199
65.2802
65.1459
65.0159
64.892
64.7728
64.6597
64.552
64.4502
64.3544
64.2647
64.1811
64.1039
64.0331
63.9688
63.911
63.8598
63.8154
63.7777
63.7468
63.7227
63.7055
63.6951
63.6917
63.6951
63.7055
63.7227
63.7468
63.7777
63.8154
63.8598
63.911
63.9688
64.0331
64.1039
64.1811
64.2647
64.3544
64.4502
64.552
64.6597
64.7728
64.892
65.0159
65.1459
65.2802
65.4199
65.5644
65.7132
65.8667
66.0248
66.1864
66.3521
66.5219
66.695
66.8711
67.0508
67.2335
67.4189
67.6064
67.7967
67.9893
68.1838
68.3796
68.5773
68.7764
68.977
69.1781
69.3799
69.5822
69.7854
69.9886
70.192
70.3946
70.597
70.7988
71.0004
71.2008
71.4002
71.5979
71.7943
71.9889
72.1823
72.3735
72.563
72.7498
72.9343
73.1159
73.2952
73.4713
73.6452
73.8152
73.9827
74.1461
74.3063
74.4626
74.6154
74.7644
74.9098
75.0512
75.1883
75.3209
75.4488
75.5722
75.691
75.8046
75.9133
76.0168
76.1149
76.2076
76.2946
76.3759
76.4512
76.5206
76.5838
76.6407
76.6913
76.7353
76.7728
76.8035
76.8276
76.8447
76.8551
76.8585
75.8262
75.8226
75.8118
75.7939
75.7688
75.7367
75.6976
75.6516
75.5989
75.5396
75.4738
75.4015
75.3231
75.2385
75.1481
75.0518
74.9499
74.8425
74.7296
74.6117
74.4886
74.3603
74.2274
74.0901
73.9484
73.8022
73.6516
73.4968
73.3382
73.1756
73.0099
72.8403
72.6679
72.4915
72.3124
72.1294
71.9438
71.755
71.5641
71.3707
71.1753
70.9773
70.7774
70.5752
70.3716
70.1665
69.9604
69.753
69.5448
69.3353
69.1253
68.9149
68.7047
68.4943
68.2841
68.0739
67.8644
67.6558
67.4485
67.2421
67.037
66.8333
66.6319
66.4325
66.2352
66.0399
65.8477
65.6585
65.4722
65.2887
65.1093
64.9335
64.7613
64.593
64.4295
64.27
64.1151
63.9653
63.8204
63.6803
63.5462
63.4167
63.2935
63.1756
63.0639
62.9581
62.8585
62.7653
62.6785
62.5983
62.5247
62.4579
62.3978
62.3447
62.2985
62.2593
62.2272
62.2021
62.1842
62.1735
62.1699
62.1735
62.1842
62.2021
62.2272
62.2593
62.2985
62.3447
62.3978
62.4579
62.5247
62.5983
62.6785
62.7653
62.8585
62.9581
63.0639
63.1756
63.2935
63.4167
63.5462
63.6803
63.8204
63.9653
64.1151
64.27
64.4295
64.593
64.7613
64.9335
65.1093
65.2887
65.4722
65.6585
65.8477
66.0399
66.2352
66.4325
66.6319
66.8333
67.037
67.2421
67.4485
67.6558
67.8644
68.0739
68.2841
68.4943
68.7047
68.9149
69.1253
69.3353
69.5448
69.753
69.9604
70.1665
70.3716
70.5752
70.7774
70.9773
71.1753
71.3707
71.5641
71.755
71.9438
72.1294
72.3124
72.4915
72.6679
72.8403
73.0099
73.1756
73.3382
73.4968
73.6516
73.8022
73.9484
74.0901
74.2274
74.3603
74.4886
74.6117
74.7296
74.8425
74.9499
75.0518
75.1481
75.2385
75.3231
75.4015
75.4738
75.5396
75.5989
75.6516
75.6976
75.7367
75.7688
75.7939
75.8118
75.8226
75.8262
74.8027
74.7989
74.7876
74.7688
74.7426
74.709
74.6682
74.6202
74.5653
74.5033
74.4348
74.3595
74.2779
74.19
74.0959
73.9959
73.89
73.7785
73.6613
73.5389
73.4114
73.2788
73.141
72.9983
72.851
72.6994
72.5436
72.3837
72.2196
72.0517
71.8796
71.7041
71.5247
71.3425
71.1565
70.968
70.7759
70.5812
70.3833
70.183
69.9801
69.7753
69.5682
69.3597
69.149
68.9368
68.7229
68.508
68.292
68.0756
67.8584
67.6408
67.4224
67.2043
66.9863
66.7691
66.5522
66.336
66.1205
65.9066
65.6942
65.4835
65.2742
65.0672
64.8625
64.6607
64.4611
64.2644
64.0711
63.8814
63.6948
63.5121
63.3336
63.1594
62.989
62.8237
62.6632
62.5073
62.3568
62.2119
62.0718
61.9382
61.8096
61.6876
61.5714
61.4616
61.3582
61.2613
61.1712
61.0879
61.0114
60.9419
60.8796
60.8243
60.7763
60.7356
60.7023
60.6762
60.6576
60.6465
60.6427
60.6465
60.6576
60.6762
60.7023
60.7356
60.7763
60.8243
60.8796
60.9419
61.0114
61.0879
61.1712
61.2613
61.3582
61.4616
61.5714
61.6876
61.8096
61.9382
62.0718
62.2119
62.3568
62.5073
62.6632
62.8237
62.989
63.1594
63.3336
63.5121
63.6948
63.8814
64.0711
64.2644
64.4611
64.6607
64.8625
65.0672
65.2742
65.4835
65.6942
65.9066
66.1205
66.336
66.5522
66.7691
66.9863
67.2043
67.4224
67.6408
67.8584
68.0756
68.292
68.508
68.7229
68.9368
69.149
69.3597
69.5682
69.7753
69.9801
70.183
70.3833
70.5812
70.7759
70.968
71.1565
71.3425
71.5247
71.7041
71.8796
72.0517
72.2196
72.3837
72.5436
72.6994
72.851
72.9983
73.141
73.2788
73.4114
73.5389
73.6613
73.7785
73.89
73.9959
74.0959
74.19
74.2779
74.3595
74.4348
74.5033
74.5653
74.6202
74.6682
74.709
74.7426
74.7688
74.7876
74.7989
74.8027
73.7873
73.7833
73.7715
73.7518
73.7244
73.6893
73.6467
73.5965
73.5392
73.4745
73.4031
73.3247
73.2397
73.1482
73.0503
72.9464
72.8364
72.7207
72.5992
72.472
72.3396
72.2021
72.0596
71.9122
71.7599
71.6028
71.4412
71.2752
71.1052
70.9311
70.7535
70.572
70.3871
70.1981
70.0061
69.8101
69.6116
69.4097
69.2054
68.9984
68.789
68.5769
68.3627
68.1462
67.9282
67.7086
67.4878
67.2655
67.0422
66.8175
66.5924
66.3669
66.1415
65.9157
65.69
65.4644
65.2397
65.0158
64.7931
64.5713
64.3509
64.1322
63.9158
63.7013
63.489
63.2791
63.0726
62.8689
62.6683
62.471
62.2779
62.0885
61.9031
61.722
61.5459
61.374
61.2072
61.0458
60.8895
60.7386
60.594
60.4545
60.3217
60.1946
60.0741
59.96
59.8527
59.7521
59.6585
59.572
59.4926
59.4204
59.3556
59.2983
59.2484
59.2061
59.1715
59.1444
59.1251
59.1135
59.1097
59.1135
59.1251
59.1444
59.1715
59.2061
59.2484
59.2983
59.3556
59.4204
59.4926
59.572
59.6585
59.7521
59.8527
59.96
60.0741
60.1946
60.3217
60.4545
60.594
60.7386
60.8895
61.0458
61.2072
61.374
61.5459
61.722
61.9031
62.0885
62.2779
62.471
62.6683
62.8689
63.0726
63.2791
63.489
63.7013
63.9158
64.1322
64.3509
64.5713
64.7931
65.0158
65.2397
65.4644
65.69
65.9157
66.1415
66.3669
66.5924
66.8175
67.0422
67.2655
67.4878
67.7086
67.9282
68.1462
68.3627
68.5769
68.789
68.9984
69.2054
69.4097
69.6116
69.8101
70.0061
70.1981
70.3871
70.572
70.7535
70.9311
71.1052
71.2752
71.4412
71.6028
71.7599
71.9122
72.0596
72.2021
72.3396
72.472
72.5992
72.7207
72.8364
72.9464
73.0503
73.1482
73.2397
73.3247
73.4031
73.4745
73.5392
73.5965
73.6467
73.6893
73.7244
73.7518
73.7715
73.7833
73.7873
72.7771
72.7729
72.7606
72.7399
72.7113
72.6745
72.6299
72.5775
72.5176
72.4501
72.3756
72.2939
72.2054
72.1102
72.0084
71.9005
71.7862
71.666
71.5402
71.4087
71.2714
71.1287
70.9808
70.8279
70.6702
70.5079
70.3411
70.1697
69.9939
69.8138
69.6296
69.4416
69.2498
69.0549
68.8561
68.6545
68.449
68.2407
68.0289
67.8147
67.5977
67.3787
67.1573
66.9341
66.7085
66.4813
66.2524
66.0224
65.7912
65.5595
65.3267
65.0933
64.8594
64.6257
64.3921
64.1591
63.9263
63.6943
63.4632
63.2338
63.0057
62.7794
62.5546
62.3323
62.1125
61.8955
61.6809
61.4696
61.2619
61.0578
60.8571
60.6606
60.4686
60.281
60.0977
59.9199
59.7469
59.5791
59.4171
59.2609
59.1101
58.9661
58.8277
58.6962
58.571
58.4527
58.3412
58.2369
58.1397
58.0498
57.9674
57.8925
57.8253
57.7657
57.7139
57.67
57.634
57.606
57.5859
57.5739
57.5699
57.5739
57.5859
57.606
57.634
57.67
57.7139
57.7657
57.8253
57.8925
57.9674
58.0498
58.1397
58.2369
58.3412
58.4527
58.571
58.6962
58.8277
58.9661
59.1101
59.2609
59.4171
59.5791
59.7469
59.9199
60.0977
60.281
60.4686
60.6606
60.8571
61.0578
61.2619
61.4696
61.6809
61.8955
62.1125
62.3323
62.5546
62.7794
63.0057
63.2338
63.4632
63.6943
63.9263
64.1591
64.3921
64.6257
64.8594
65.0933
65.3267
65.5595
65.7912
66.0224
66.2524
66.4813
66.7085
66.9341
67.1573
67.3787
67.5977
67.8147
68.0289
68.2407
68.449
68.6545
68.8561
69.0549
69.2498
69.4416
69.6296
69.8138
69.9939
70.1697
70.3411
70.5079
70.6702
70.8279
70.9808
71.1287
71.2714
71.4087
71.5402
71.666
71.7862
71.9005
72.0084
72.1102
72.2054
72.2939
72.3756
72.4501
72.5176
72.5775
72.6299
72.6745
72.7113
72.7399
72.7606
72.7729
72.7771
71.7737
71.7693
71.7564
71.7347
71.7047
71.6661
71.6194
71.5646
71.502
71.4316
71.3538
71.2686
71.1764
71.0774
70.9716
70.8594
70.7409
70.616
70.4852
70.3487
70.2068
70.0594
69.9066
69.7485
69.5852
69.417
69.244
69.0666
68.8848
68.6989
68.5089
68.3147
68.1168
67.9148
67.7095
67.5003
67.2883
67.0727
66.8546
66.6333
66.4094
66.1826
65.9537
65.7224
65.4895
65.2547
65.0185
64.7806
64.5416
64.3012
64.0605
63.8192
63.5778
63.3358
63.094
62.8524
62.6117
62.3718
62.1329
61.8949
61.6586
61.4241
61.1919
60.9616
60.7337
60.5085
60.2867
60.0678
59.8523
59.6404
59.4329
59.2293
59.0299
58.8353
58.6458
58.4609
58.2816
58.1079
57.9397
57.7774
57.6216
57.4715
57.3286
57.1917
57.062
56.9392
56.8236
56.7153
56.6145
56.5212
56.4357
56.358
56.2882
56.2264
56.1726
56.1271
56.0897
56.0606
56.0397
56.0272
56.0231
56.0272
56.0397
56.0606
56.0897
56.1271
56.1726
56.2264
56.2882
56.358
56.4357
56.5212
56.6145
56.7153
56.8236
56.9392
57.062
57.1917
57.3286
57.4715
57.6216
57.7774
57.9397
58.1079
58.2816
58.4609
58.6458
58.8353
59.0299
59.2293
59.4329
59.6404
59.8523
60.0678
60.2867
60.5085
60.7337
60.9616
61.1919
61.4241
61.6586
61.8949
62.1329
62.3718
62.6117
62.8524
63.094
63.3358
63.5778
63.8192
64.0605
64.3012
64.5416
64.7806
65.0185
65.2547
65.4895
65.7224
65.9537
66.1826
66.4094
66.6333
66.8546
67.0727
67.2883
67.5003
67.7095
67.9148
68.1168
68.3147
68.5089
68.6989
68.8848
69.0666
69.244
69.417
69.5852
69.7485
69.9066
70.0594
70.2068
70.3487
70.4852
70.616
70.7409
70.8594
70.9716
71.0774
71.1764
71.2686
71.3538
71.4316
71.502
71.5646
71.6194
71.6661
71.7047
71.7347
71.7564
71.7693
71.7737
70.7768
70.7722
70.7586
70.7358
70.7042
70.6638
70.6149
70.5575
70.4919
70.4184
70.3371
70.2484
70.1522
70.0492
69.9391
69.8224
69.6995
69.5703
69.4348
69.2933
69.1459
68.993
68.8347
68.6712
68.5027
68.3291
68.1507
67.9674
67.7794
67.587
67.3903
67.1896
66.985
66.7768
66.5647
66.3493
66.1299
65.9076
65.6815
65.4529
65.2214
64.9876
64.7512
64.5127
64.2717
64.0289
63.7844
63.5387
63.2917
63.0438
62.7947
62.5451
62.2949
62.0449
61.795
61.5454
61.2961
61.0476
60.8002
60.5544
60.3099
60.0671
59.8262
59.5879
59.3522
59.1192
58.8889
58.6622
58.4392
58.22
58.0044
57.7935
57.5872
57.3854
57.1886
56.9974
56.8115
56.6311
56.4569
56.2888
56.1267
55.9718
55.8229
55.6814
55.5466
55.4194
55.2994
55.1871
55.0825
54.9857
54.897
54.8164
54.7439
54.6798
54.6241
54.5768
54.538
54.5078
54.4862
54.4732
54.4689
54.4732
54.4862
54.5078
54.538
54.5768
54.6241
54.6798
54.7439
54.8164
54.897
54.9857
55.0825
55.1871
55.2994
55.4194
55.5466
55.6814
55.8229
55.9718
56.1267
56.2888
56.4569
56.6311
56.8115
56.9974
57.1886
57.3854
57.5872
57.7935
58.0044
58.22
58.4392
58.6622
58.8889
59.1192
59.3522
59.5879
59.8262
60.0671
60.3099
60.5544
60.8002
61.0476
61.2961
61.5454
61.795
62.0449
62.2949
62.5451
62.7947
63.0438
63.2917
63.5387
63.7844
64.0289
64.2717
64.5127
64.7512
64.9876
65.2214
65.4529
65.6815
65.9076
66.1299
66.3493
66.5647
66.7768
66.985
67.1896
67.3903
67.587
67.7794
67.9674
68.1507
68.3291
68.5027
68.6712
68.8347
68.993
69.1459
69.2933
69.4348
69.5703
69.6995
69.8224
69.9391
70.0492
70.1522
70.2484
70.3371
70.4184
70.4919
70.5575
70.6149
70.6638
70.7042
70.7358
70.7586
70.7722
70.7768
69.7905
69.7857
69.7713
69.7474
69.7141
69.6716
69.6202
69.56
69.4913
69.4144
69.3294
69.2368
69.1366
69.0293
68.915
68.7936
68.6656
68.5313
68.391
68.2447
68.0924
67.9344
67.7706
67.6014
67.4268
67.2471
67.0625
66.8732
66.6793
66.4809
66.278
66.0708
65.8595
65.644
65.4249
65.2019
64.9759
64.7461
64.5135
64.2773
64.0383
63.7964
63.5521
63.3054
63.0569
62.8062
62.5539
62.2998
62.0444
61.7877
61.5305
61.2726
61.0144
60.7556
60.4969
60.2385
59.9809
59.724
59.4682
59.2134
58.9603
58.7091
58.4602
58.2132
57.9689
57.7275
57.4896
57.2547
57.0235
56.7962
56.5734
56.3546
56.1406
55.9317
55.728
55.5294
55.3367
55.15
54.9692
54.7948
54.6272
54.4659
54.3121
54.1649
54.0254
53.8933
53.7689
53.6524
53.5439
53.4436
53.3515
53.2678
53.1927
53.1262
53.0683
53.0193
52.979
52.9477
52.9253
52.9118
52.9073
52.9118
52.9253
52.9477
52.979
53.0193
53.0683
53.1262
53.1927
53.2678
53.3515
53.4436
53.5439
53.6524
53.7689
53.8933
54.0254
54.1649
54.3121
54.4659
54.6272
54.7948
54.9692
55.15
55.3367
55.5294
55.728
55.9317
56.1406
56.3546
56.5734
56.7962
57.0235
57.2547
57.4896
57.7275
57.9689
58.2132
58.4602
58.7091
58.9603
59.2134
59.4682
59.724
59.9809
60.2385
60.4969
60.7556
61.0144
61.2726
61.5305
61.7877
62.0444
62.2998
62.5539
62.8062
63.0569
63.3054
63.5521
63.7964
64.0383
64.2773
64.5135
64.7461
64.9759
65.2019
65.4249
65.644
65.8595
66.0708
66.278
66.4809
66.6793
66.8732
67.0625
67.2471
67.4268
67.6014
67.7706
67.9344
68.0924
68.2447
68.391
68.5313
68.6656
68.7936
68.915
69.0293
69.1366
69.2368
69.3294
69.4144
69.4913
69.56
69.6202
69.6716
69.7141
69.7474
69.7713
69.7857
69.7905
68.8145
68.8094
68.7942
68.769
68.7339
68.6891
68.6349
68.5717
68.4996
68.419
68.3301
68.2334
68.1289
68.0169
67.898
67.7722
67.6395
67.5002
67.3544
67.2025
67.0446
66.881
66.7118
66.5371
66.357
66.1716
65.981
65.7854
65.5848
65.3796
65.17
64.9561
64.738
64.5161
64.2899
64.0602
63.8263
63.5893
63.3485
63.1049
62.8581
62.6088
62.3566
62.1021
61.8449
61.586
61.325
61.0628
60.7991
60.5342
60.2681
60.0014
59.7341
59.4669
59.1996
58.9326
58.6659
58.4
58.1353
57.8721
57.6102
57.3502
57.0921
56.8368
56.5841
56.3342
56.0874
55.8443
55.605
55.3697
55.1384
54.9121
54.6905
54.4738
54.2625
54.0571
53.8573
53.6635
53.4763
53.2956
53.1214
52.9547
52.7947
52.6425
52.4976
52.3607
52.2317
52.1109
51.9983
51.8942
51.7987
51.712
51.634
51.565
51.505
51.4541
51.4123
51.3798
51.3565
51.3426
51.3379
51.3426
51.3565
51.3798
51.4123
51.4541
51.505
51.565
51.634
51.712
51.7987
51.8942
51.9983
52.1109
52.2317
52.3607
52.4976
52.6425
52.7947
52.9547
53.1214
53.2956
53.4763
53.6635
53.8573
54.0571
54.2625
54.4738
54.6905
54.9121
55.1384
55.3697
55.605
55.8443
56.0874
56.3342
56.5841
56.8368
57.0921
57.3502
57.6102
57.8721
58.1353
58.4
58.6659
58.9326
59.1996
59.4669
59.7341
60.0014
60.2681
60.5342
60.7991
61.0628
61.325
61.586
61.8449
62.1021
62.3566
62.6088
62.8581
63.1049
63.3485
63.5893
63.8263
64.0602
64.2899
64.5161
64.738
64.9561
65.17
65.3796
65.5848
65.7854
65.981
66.1716
66.357
66.5371
66.7118
66.881
67.0446
67.2025
67.3544
67.5002
67.6395
67.7722
67.898
68.0169
68.1289
68.2334
68.3301
68.419
68.4996
68.5717
68.6349
68.6891
68.7339
68.769
68.7942
68.8094
68.8145
67.8462
67.8408
67.8246
67.7979
67.7607
67.7135
67.6563
67.5897
67.5139
67.4294
67.3364
67.2353
67.1264
67.0096
66.8855
66.7545
66.6167
66.4724
66.3217
66.1646
66.0014
65.8321
65.6569
65.4761
65.2898
65.0982
64.9015
64.6997
64.4931
64.2816
64.0654
63.8446
63.6194
63.39
63.1567
62.9193
62.6786
62.4339
62.186
61.9344
61.6797
61.422
61.1617
60.8988
60.6339
60.3665
60.0973
59.8262
59.5536
59.2798
59.0052
58.7298
58.4539
58.1773
57.9009
57.6248
57.3494
57.0746
56.8008
56.5282
56.2574
55.9885
55.7218
55.4573
55.1956
54.937
54.6819
54.43
54.1821
53.9384
53.6993
53.4645
53.2349
53.0106
52.7919
52.5787
52.3718
52.1712
51.9769
51.7896
51.6094
51.4361
51.2707
51.1125
50.9626
50.8205
50.6868
50.5615
50.4448
50.3368
50.2378
50.1478
50.0669
49.9953
49.9331
49.8803
49.837
49.8033
49.7791
49.7646
49.7598
49.7646
49.7791
49.8033
49.837
49.8803
49.9331
49.9953
50.0669
50.1478
50.2378
50.3368
50.4448
50.5615
50.6868
50.8205
50.9626
51.1125
51.2707
51.4361
51.6094
51.7896
51.9769
52.1712
52.3718
52.5787
52.7919
53.0106
53.2349
53.4645
53.6993
53.9384
54.1821
54.43
54.6819
54.937
55.1956
55.4573
55.7218
55.9885
56.2574
56.5282
56.8008
57.0746
57.3494
57.6248
57.9009
58.1773
58.4539
58.7298
59.0052
59.2798
59.5536
59.8262
60.0973
60.3665
60.6339
60.8988
61.1617
61.422
61.6797
61.9344
62.186
62.4339
62.6786
62.9193
63.1567
63.39
63.6194
63.8446
64.0654
64.2816
64.4931
64.6997
64.9015
65.0982
65.2898
65.4761
65.6569
65.8321
66.0014
66.1646
66.3217
66.4724
66.6167
66.7545
66.8855
67.0096
67.1264
67.2353
67.3364
67.4294
67.5139
67.5897
67.6563
67.7135
67.7607
67.7979
67.8246
67.8408
67.8462
66.8878
66.8821
66.8649
66.8364
66.7969
66.7468
66.6863
66.6161
66.5363
66.4475
66.3499
66.2439
66.1302
66.0089
65.88
65.7439
65.6007
65.4507
65.2942
65.1313
64.9624
64.7875
64.6067
64.4202
64.2281
64.0304
63.8272
63.6189
63.4054
63.1871
62.964
62.7365
62.5044
62.2681
62.0275
61.7829
61.534
61.2818
61.0256
60.7664
60.5037
60.2382
59.9696
59.6984
59.4245
59.1485
58.8705
58.5909
58.3096
58.0271
57.7431
57.4584
57.1732
56.8879
56.6024
56.3171
56.032
55.7479
55.4649
55.1833
54.9031
54.6248
54.3487
54.0754
53.8047
53.537
53.2726
53.0122
52.7556
52.5032
52.2553
52.0125
51.7748
51.5423
51.3156
51.0951
50.8805
50.6725
50.4715
50.2773
50.0903
49.9111
49.7392
49.5757
49.4199
49.2728
49.1341
49.0042
48.8832
48.7712
48.6685
48.5752
48.4914
48.4171
48.3526
48.2978
48.2529
48.2179
48.1929
48.1778
48.1728
48.1778
48.1929
48.2179
48.2529
48.2978
48.3526
48.4171
48.4914
48.5752
48.6685
48.7712
48.8832
49.0042
49.1341
49.2728
49.4199
49.5757
49.7392
49.9111
50.0903
50.2773
50.4715
50.6725
50.8805
51.0951
51.3156
51.5423
51.7748
52.0125
52.2553
52.5032
52.7556
53.0122
53.2726
53.537
53.8047
54.0754
54.3487
54.6248
54.9031
55.1833
55.4649
55.7479
56.032
56.3171
56.6024
56.8879
57.1732
57.4584
57.7431
58.0271
58.3096
58.5909
58.8705
59.1485
59.4245
59.6984
59.9696
60.2382
60.5037
60.7664
61.0256
61.2818
61.534
61.7829
62.0275
62.2681
62.5044
62.7365
62.964
63.1871
63.4054
63.6189
63.8272
64.0304
64.2281
64.4202
64.6067
64.7875
64.9624
65.1313
65.2942
65.4507
65.6007
65.7439
65.88
66.0089
66.1302
66.2439
66.3499
66.4475
66.5363
66.6161
66.6863
66.7468
66.7969
66.8364
66.8649
66.8821
66.8878
65.9405
65.9343
65.9159
65.8855
65.8433
65.79
65.7258
65.6515
65.5673
65.4738
65.3716
65.2607
65.1415
65.0146
64.8803
64.7388
64.5904
64.4351
64.2732
64.1048
63.93
63.749
63.562
63.3692
63.1707
62.9667
62.7573
62.5426
62.3228
62.0978
61.8678
61.633
61.3936
61.1497
60.9017
60.6494
60.3933
60.1331
59.8694
59.6017
59.3308
59.0566
58.7796
58.4998
58.2177
57.9329
57.646
57.3571
57.0667
56.7748
56.482
56.1881
55.8936
55.5985
55.3034
55.0086
54.7143
54.4207
54.128
53.8366
53.547
53.2593
52.9739
52.6908
52.4107
52.1338
51.8605
51.5907
51.325
51.0638
50.8074
50.5557
50.3095
50.0689
49.8341
49.6054
49.3833
49.1679
48.9593
48.7582
48.5646
48.3785
48.2008
48.0309
47.8697
47.717
47.5733
47.4386
47.3132
47.1971
47.0906
46.9938
46.9069
46.8299
46.7629
46.7062
46.6596
46.6233
46.5973
46.5817
46.5765
46.5817
46.5973
46.6233
46.6596
46.7062
46.7629
46.8299
46.9069
46.9938
47.0906
47.1971
47.3132
47.4386
47.5733
47.717
47.8697
48.0309
48.2008
48.3785
48.5646
48.7582
48.9593
49.1679
49.3833
49.6054
49.8341
50.0689
50.3095
50.5557
50.8074
51.0638
51.325
51.5907
51.8605
52.1338
52.4107
52.6908
52.9739
53.2593
53.547
53.8366
54.128
54.4207
54.7143
55.0086
55.3034
55.5985
55.8936
56.1881
56.482
56.7748
57.0667
57.3571
57.646
57.9329
58.2177
58.4998
58.7796
59.0566
59.3308
59.6017
59.8694
60.1331
60.3933
60.6494
60.9017
61.1497
61.3936
61.633
61.8678
62.0978
62.3228
62.5426
62.7573
62.9667
63.1707
63.3692
63.562
63.749
63.93
64.1048
64.2732
64.4351
64.5904
64.7388
64.8803
65.0146
65.1415
65.2607
65.3716
65.4738
65.5673
65.6515
65.7258
65.79
65.8433
65.8855
65.9159
65.9343
65.9405
65.0067
65.0001
64.9801
64.9474
64.9021
64.8451
64.7767
64.6977
64.6086
64.5099
64.4024
64.2864
64.1621
64.0299
63.8899
63.7426
63.5882
63.427
63.2591
63.0847
62.9041
62.7173
62.5244
62.3255
62.1208
61.9103
61.6942
61.4727
61.2458
61.0138
60.7769
60.5351
60.2886
60.0374
59.7817
59.5217
59.2573
58.9892
58.717
58.4414
58.1621
57.8796
57.5939
57.3053
57.0138
56.7201
56.4241
56.1262
55.8265
55.5253
55.2226
54.9191
54.6149
54.3104
54.0056
53.701
53.3966
53.0931
52.7907
52.4897
52.1901
51.8925
51.5971
51.3046
51.0148
50.7282
50.4451
50.1661
49.8912
49.6208
49.3551
49.0947
48.8397
48.5904
48.3472
48.1105
47.8802
47.657
47.4411
47.2326
47.0318
46.8393
46.6546
46.4789
46.3116
46.1535
46.0044
45.8647
45.7347
45.6143
45.5039
45.4035
45.3134
45.2335
45.1641
45.1052
45.0569
45.0193
44.9923
44.9762
44.9708
44.9762
44.9923
45.0193
45.0569
45.1052
45.1641
45.2335
45.3134
45.4035
45.5039
45.6143
45.7347
45.8647
46.0044
46.1535
46.3116
46.4789
46.6546
46.8393
47.0318
47.2326
47.4411
47.657
47.8802
48.1105
48.3472
48.5904
48.8397
49.0947
49.3551
49.6208
49.8912
50.1661
50.4451
50.7282
51.0148
51.3046
51.5971
51.8925
52.1901
52.4897
52.7907
53.0931
53.3966
53.701
54.0056
54.3104
54.6149
54.9191
55.2226
55.5253
55.8265
56.1262
56.4241
56.7201
57.0138
57.3053
57.5939
57.8796
58.1621
58.4414
58.717
58.9892
59.2573
59.5217
59.7817
60.0374
60.2886
60.5351
60.7769
61.0138
61.2458
61.4727
61.6942
61.9103
62.1208
62.3255
62.5244
62.7173
62.9041
63.0847
63.2591
63.427
63.5882
63.7426
63.8899
64.0299
64.1621
64.2864
64.4024
64.5099
64.6086
64.6977
64.7767
64.8451
64.9021
64.9474
64.9801
65.0001
65.0067
64.0856
64.0784
64.0567
64.0211
63.9722
63.9109
63.8377
63.7536
63.6593
63.5551
63.4416
63.3196
63.1893
63.0512
62.9056
62.7526
62.5926
62.4256
62.2518
62.0714
61.8845
61.6913
61.492
61.2866
61.0754
60.8585
60.6359
60.4078
60.1742
59.9353
59.6911
59.4418
59.1876
58.9287
58.6653
58.3975
58.1255
57.8491
57.5688
57.2844
56.9965
56.7051
56.4106
56.113
55.8128
55.5097
55.2044
54.8968
54.5875
54.2765
53.9644
53.6511
53.337
53.0222
52.7074
52.3927
52.0785
51.7648
51.4522
51.1408
50.8312
50.5236
50.2183
49.9154
49.6157
49.3193
49.0266
48.7376
48.453
48.1731
47.8982
47.6284
47.3644
47.1063
46.8545
46.609
46.3707
46.1395
45.9156
45.6996
45.4916
45.2918
45.1008
44.9183
44.7452
44.5811
44.4266
44.2818
44.1469
44.0222
43.9077
43.8036
43.7101
43.6273
43.5553
43.4942
43.4441
43.4051
43.3772
43.3604
43.3548
43.3604
43.3772
43.4051
43.4441
43.4942
43.5553
43.6273
43.7101
43.8036
43.9077
44.0222
44.1469
44.2818
44.4266
44.5811
44.7452
44.9183
45.1008
45.2918
45.4916
45.6996
45.9156
46.1395
46.3707
46.609
46.8545
47.1063
47.3644
47.6284
47.8982
48.1731
48.453
48.7376
49.0266
49.3193
49.6157
49.9154
50.2183
50.5236
50.8312
51.1408
51.4522
51.7648
52.0785
52.3927
52.7074
53.0222
53.337
53.6511
53.9644
54.2765
54.5875
54.8968
55.2044
55.5097
55.8128
56.113
56.4106
56.7051
56.9965
57.2844
57.5688
57.8491
58.1255
58.3975
58.6653
58.9287
59.1876
59.4418
59.6911
59.9353
60.1742
60.4078
60.6359
60.8585
61.0754
61.2866
61.492
61.6913
61.8845
62.0714
62.2518
62.4256
62.5926
62.7526
62.9056
63.0512
63.1893
63.3196
63.4416
63.5551
63.6593
63.7536
63.8377
63.9109
63.9722
64.0211
64.0567
64.0784
64.0856
63.1764
63.1684
63.1445
63.1055
63.0522
62.9857
62.907
62.8168
62.7163
62.6063
62.487
62.3591
62.2228
62.0785
61.9266
61.7674
61.601
61.4278
61.2479
61.0614
60.8684
60.6692
60.4636
60.252
60.0343
59.8106
59.5811
59.346
59.1053
58.8592
58.6079
58.3514
58.0898
57.8233
57.552
57.276
56.9955
56.7109
56.422
56.1294
55.8327
55.5326
55.229
54.9222
54.6123
54.3
53.985
53.668
53.3489
53.0281
52.7057
52.3824
52.0581
51.7334
51.4083
51.0832
50.7584
50.4344
50.1114
49.7897
49.4696
49.1515
48.8357
48.5228
48.2128
47.906
47.603
47.3043
47.0098
46.72
46.4354
46.1563
45.8829
45.6155
45.3547
45.1007
44.8537
44.6141
44.3823
44.1584
43.9429
43.7361
43.5378
43.349
43.1693
42.9993
42.8391
42.6891
42.5492
42.4199
42.3012
42.1933
42.0963
42.0104
41.9358
41.8724
41.8205
41.78
41.751
41.7336
41.7278
41.7336
41.751
41.78
41.8205
41.8724
41.9358
42.0104
42.0963
42.1933
42.3012
42.4199
42.5492
42.6891
42.8391
42.9993
43.1693
43.349
43.5378
43.7361
43.9429
44.1584
44.3823
44.6141
44.8537
45.1007
45.3547
45.6155
45.8829
46.1563
46.4354
46.72
47.0098
47.3043
47.603
47.906
48.2128
48.5228
48.8357
49.1515
49.4696
49.7897
50.1114
50.4344
50.7584
51.0832
51.4083
51.7334
52.0581
52.3824
52.7057
53.0281
53.3489
53.668
53.985
54.3
54.6123
54.9222
55.229
55.5326
55.8327
56.1294
56.422
56.7109
56.9955
57.276
57.552
57.8233
58.0898
58.3514
58.6079
58.8592
59.1053
59.346
59.5811
59.8106
60.0343
60.252
60.4636
60.6692
60.8684
61.0614
61.2479
61.4278
61.601
61.7674
61.9266
62.0785
62.2228
62.3591
62.487
62.6063
62.7163
62.8168
62.907
62.9857
63.0522
63.1055
63.1445
63.1684
63.1764
62.2845
62.2755
62.2488
62.2054
62.1467
62.0741
61.9892
61.8925
61.7851
61.6681
61.5419
61.4072
61.2645
61.1139
60.9559
60.7905
60.6181
60.4387
60.2525
60.0596
59.8601
59.6543
59.4422
59.2239
58.9996
58.7693
58.5331
58.2911
58.0434
57.7901
57.5313
57.2671
56.9977
56.7233
56.4441
56.16
55.8715
55.5783
55.2809
54.9791
54.6735
54.3641
54.0513
53.7352
53.4161
53.0939
52.7692
52.442
52.1129
51.7819
51.4495
51.1157
50.781
50.4455
50.1098
49.7741
49.4388
49.104
48.7702
48.4376
48.1069
47.7781
47.4516
47.1278
46.8072
46.49
46.1766
45.8672
45.5625
45.2627
44.9681
44.679
44.3959
44.1192
43.8491
43.5859
43.3301
43.0819
42.8417
42.6098
42.3864
42.1719
41.9667
41.7707
41.5846
41.4084
41.2424
41.0867
40.9418
40.8076
40.6846
40.5727
40.4721
40.3831
40.3056
40.2399
40.1861
40.1441
40.114
40.096
40.09
40.096
40.114
40.1441
40.1861
40.2399
40.3056
40.3831
40.4721
40.5727
40.6846
40.8076
40.9418
41.0867
41.2424
41.4084
41.5846
41.7707
41.9667
42.1719
42.3864
42.6098
42.8417
43.0819
43.3301
43.5859
43.8491
44.1192
44.3959
44.679
44.9681
45.2627
45.5625
45.8672
46.1766
46.49
46.8072
47.1278
47.4516
47.7781
48.1069
48.4376
48.7702
49.104
49.4388
49.7741
50.1098
50.4455
50.781
51.1157
51.4495
51.7819
52.1129
52.442
52.7692
53.0939
53.4161
53.7352
54.0513
54.3641
54.6735
54.9791
55.2809
55.5783
55.8715
56.16
56.4441
56.7233
56.9977
57.2671
57.5313
57.7901
58.0434
58.2911
58.5331
58.7693
58.9996
59.2239
59.4422
59.6543
59.8601
60.0596
60.2525
60.4387
60.6181
60.7905
60.9559
61.1139
61.2645
61.4072
61.5419
61.6681
61.7851
61.8925
61.9892
62.0741
62.1467
62.2054
62.2488
62.2755
62.2845
61.4119
61.4014
61.3707
61.3215
61.256
61.1757
61.0829
60.9787
60.8642
60.74
60.6069
60.4653
60.3156
60.1583
59.9934
59.8214
59.6424
59.4565
59.2639
59.0647
58.859
58.6468
58.4282
58.2033
57.9722
57.735
57.4917
57.2425
56.9875
56.7269
56.4607
56.1889
55.9119
55.6295
55.342
55.0496
54.7523
54.4505
54.1442
53.8337
53.5189
53.2004
52.878
52.5521
52.223
51.891
51.5562
51.2191
50.8796
50.5381
50.1949
49.8505
49.5051
49.1589
48.8123
48.4656
48.119
47.7732
47.4284
47.0848
46.7428
46.4028
46.0653
45.7306
45.3989
45.0707
44.7464
44.4265
44.1111
43.8007
43.4957
43.1965
42.9034
42.6167
42.337
42.0645
41.7994
41.5423
41.2934
41.0531
40.8216
40.5994
40.3865
40.1836
39.9905
39.8078
39.6357
39.4744
39.324
39.185
39.0573
38.9413
38.837
38.7446
38.6643
38.5962
38.5403
38.4968
38.4656
38.4469
38.4407
38.4469
38.4656
38.4968
38.5403
38.5962
38.6643
38.7446
38.837
38.9413
39.0573
39.185
39.324
39.4744
39.6357
39.8078
39.9905
40.1836
40.3865
40.5994
40.8216
41.0531
41.2934
41.5423
41.7994
42.0645
42.337
42.6167
42.9034
43.1965
43.4957
43.8007
44.1111
44.4265
44.7464
45.0707
45.3989
45.7306
46.0653
46.4028
46.7428
47.0848
47.4284
47.7732
48.119
48.4656
48.8123
49.1589
49.5051
49.8505
50.1949
50.5381
50.8796
51.2191
51.5562
51.891
52.223
52.5521
52.878
53.2004
53.5189
53.8337
54.1442
54.4505
54.7523
55.0496
55.342
55.6295
55.9119
56.1889
56.4607
56.7269
56.9875
57.2425
57.4917
57.735
57.9722
58.2033
58.4282
58.6468
58.859
59.0647
59.2639
59.4565
59.6424
59.8214
59.9934
60.1583
60.3156
60.4653
60.6069
60.74
60.8642
60.9787
61.0829
61.1757
61.256
61.3215
61.3707
61.4014
61.4119
60.558
60.5453
60.509
60.4522
60.3781
60.2892
60.1873
60.0742
59.9511
59.8187
59.6778
59.5289
59.3721
59.208
59.0365
58.858
58.6724
58.48
58.2809
58.0751
57.8627
57.6438
57.4185
57.1869
56.949
56.705
56.4548
56.1985
55.9363
55.6682
55.3943
55.1147
54.8296
54.5391
54.2434
53.9426
53.6369
53.3262
53.0109
52.691
52.367
52.0388
51.7069
51.3712
51.0323
50.69
50.3449
49.9971
49.6471
49.2949
48.9411
48.5857
48.2291
47.8717
47.5139
47.1559
46.7982
46.4409
46.0845
45.7294
45.3761
45.0247
44.6758
44.3295
43.9866
43.6472
43.3117
42.9806
42.6542
42.333
42.0173
41.7075
41.404
41.1073
40.8175
40.5352
40.2607
39.9943
39.7364
39.4874
39.2475
39.0171
38.7967
38.5861
38.3861
38.1967
38.0182
37.851
37.6951
37.5509
37.4185
37.2982
37.19
37.0943
37.011
36.9403
36.8823
36.8372
36.8048
36.7854
36.779
36.7854
36.8048
36.8372
36.8823
36.9403
37.011
37.0943
37.19
37.2982
37.4185
37.5509
37.6951
37.851
38.0182
38.1967
38.3861
38.5861
38.7967
39.0171
39.2475
39.4874
39.7364
39.9943
40.2607
40.5352
40.8175
41.1073
41.404
41.7075
42.0173
42.333
42.6542
42.9806
43.3117
43.6472
43.9866
44.3295
44.6758
45.0247
45.3761
45.7294
46.0845
46.4409
46.7982
47.1559
47.5139
47.8717
48.2291
48.5857
48.9411
49.2949
49.6471
49.9971
50.3449
50.69
51.0323
51.3712
51.7069
52.0388
52.367
52.691
53.0109
53.3262
53.6369
53.9426
54.2434
54.5391
54.8296
55.1147
55.3943
55.6682
55.9363
56.1985
56.4548
56.705
56.949
57.1869
57.4185
57.6438
57.8627
58.0751
58.2809
58.48
58.6724
58.858
59.0365
59.208
59.3721
59.5289
59.6778
59.8187
59.9511
60.0742
60.1873
60.2892
60.3781
60.4522
60.509
60.5453
60.558
59.7295
59.713
59.6678
59.5997
59.5139
59.4138
59.3016
59.179
59.0469
58.906
58.7571
58.6003
58.4361
58.2647
58.0861
57.9007
57.7084
57.5094
57.3037
57.0914
56.8725
56.647
56.4151
56.1767
55.9319
55.6808
55.4234
55.1599
54.8903
54.6146
54.3331
54.0457
53.7527
53.454
53.1498
52.8403
52.5257
52.2061
51.8816
51.5526
51.219
50.8812
50.5392
50.1935
49.8442
49.4916
49.1359
48.7776
48.4166
48.0534
47.6883
47.3217
46.9538
46.5851
46.2157
45.846
45.4765
45.1075
44.7394
44.3726
44.0073
43.6441
43.2833
42.9254
42.5707
42.2196
41.8725
41.53
41.1923
40.8598
40.533
40.2123
39.8981
39.5907
39.2907
38.9983
38.7139
38.4379
38.1707
37.9126
37.6641
37.4254
37.1967
36.9786
36.7711
36.5748
36.3898
36.2163
36.0547
35.9052
35.7679
35.6431
35.5309
35.4316
35.3452
35.2719
35.2118
35.1649
35.1314
35.1113
35.1045
35.1113
35.1314
35.1649
35.2118
35.2719
35.3452
35.4316
35.5309
35.6431
35.7679
35.9052
36.0547
36.2163
36.3898
36.5748
36.7711
36.9786
37.1967
37.4254
37.6641
37.9126
38.1707
38.4379
38.7139
38.9983
39.2907
39.5907
39.8981
40.2123
40.533
40.8598
41.1923
41.53
41.8725
42.2196
42.5707
42.9254
43.2833
43.6441
44.0073
44.3726
44.7394
45.1075
45.4765
45.846
46.2157
46.5851
46.9538
47.3217
47.6883
48.0534
48.4166
48.7776
49.1359
49.4916
49.8442
50.1935
50.5392
50.8812
51.219
51.5526
51.8816
52.2061
52.5257
52.8403
53.1498
53.454
53.7527
54.0457
54.3331
54.6146
54.8903
55.1599
55.4234
55.6808
55.9319
56.1767
56.4151
56.647
56.8725
57.0914
57.3037
57.5094
57.7084
57.9007
58.0861
58.2647
58.4361
58.6003
58.7571
58.906
59.0469
59.179
59.3016
59.4138
59.5139
59.5997
59.6678
59.713
59.7295
58.9342
58.9095
58.8499
58.7665
58.6659
58.5523
58.4279
58.2942
58.152
58.002
57.8445
57.6797
57.508
57.3293
57.1437
56.9514
56.7524
56.5467
56.3343
56.1153
55.8896
55.6574
55.4187
55.1735
54.9218
54.6637
54.3992
54.1284
53.8513
53.568
53.2786
52.9832
52.6819
52.3749
52.0622
51.744
51.4205
51.0917
50.7579
50.4192
50.0759
49.7281
49.3761
49.0201
48.6603
48.297
47.9305
47.561
47.1889
46.8145
46.438
46.0598
45.6802
45.2995
44.9182
44.5366
44.1551
43.7739
43.3936
43.0145
42.6371
42.2617
41.8887
41.5185
41.1517
40.7886
40.4295
40.075
39.7255
39.3814
39.0432
38.7111
38.3857
38.0675
37.7567
37.4537
37.1591
36.8732
36.5963
36.3289
36.0712
35.8237
35.5868
35.3606
35.1456
34.942
34.7501
34.5703
34.4027
34.2476
34.1052
33.9757
33.8594
33.7563
33.6667
33.5907
33.5283
33.4797
33.4449
33.424
33.417
33.424
33.4449
33.4797
33.5283
33.5907
33.6667
33.7563
33.8594
33.9757
34.1052
34.2476
34.4027
34.5703
34.7501
34.942
35.1456
35.3606
35.5868
35.8237
36.0712
36.3289
36.5963
36.8732
37.1591
37.4537
37.7567
38.0675
38.3857
38.7111
39.0432
39.3814
39.7255
40.075
40.4295
40.7886
41.1517
41.5185
41.8887
42.2617
42.6371
43.0145
43.3936
43.7739
44.1551
44.5366
44.9182
45.2995
45.6802
46.0598
46.438
46.8145
47.1889
47.561
47.9305
48.297
48.6603
49.0201
49.3761
49.7281
50.0759
50.4192
50.7579
51.0917
51.4205
51.744
52.0622
52.3749
52.6819
52.9832
53.2786
53.568
53.8513
54.1284
54.3992
54.6637
54.9218
55.1735
55.4187
55.6574
55.8896
56.1153
56.3343
56.5467
56.7524
56.9514
57.1437
57.3293
57.508
57.6797
57.8445
58.002
58.152
58.2942
58.4279
58.5523
58.6659
58.7665
58.8499
58.9095
58.9342
58.1897
58.1422
58.056
57.9498
57.8305
57.7013
57.5635
57.4182
57.2655
57.106
56.9397
56.7667
56.5871
56.401
56.2082
56.0089
55.8031
55.5906
55.3716
55.1459
54.9136
54.6748
54.4293
54.1772
53.9185
53.6532
53.3815
53.1032
52.8186
52.5276
52.2304
51.9269
51.6174
51.3018
50.9805
50.6533
50.3206
49.9826
49.6392
49.2908
48.9375
48.5796
48.2172
47.8506
47.48
47.1058
46.7282
46.3475
45.9639
45.5778
45.1895
44.7993
44.4077
44.0149
43.6213
43.2273
42.8333
42.4397
42.0468
41.6551
41.265
40.8769
40.4913
40.1086
39.7292
39.3536
38.9821
38.6153
38.2536
37.8974
37.5472
37.2034
36.8665
36.5368
36.2149
35.9011
35.5959
35.2996
35.0127
34.7355
34.4684
34.2119
33.9662
33.7317
33.5087
33.2976
33.0986
32.9121
32.7383
32.5774
32.4297
32.2954
32.1747
32.0678
31.9748
31.8959
31.8312
31.7808
31.7447
31.723
31.7158
31.723
31.7447
31.7808
31.8312
31.8959
31.9748
32.0678
32.1747
32.2954
32.4297
32.5774
32.7383
32.9121
33.0986
33.2976
33.5087
33.7317
33.9662
34.2119
34.4684
34.7355
35.0127
35.2996
35.5959
35.9011
36.2149
36.5368
36.8665
37.2034
37.5472
37.8974
38.2536
38.6153
38.9821
39.3536
39.7292
40.1086
40.4913
40.8769
41.265
41.6551
42.0468
42.4397
42.8333
43.2273
43.6213
44.0149
44.4077
44.7993
45.1895
45.5778
45.9639
46.3475
46.7282
47.1058
47.48
47.8506
48.2172
48.5796
48.9375
49.2908
49.6392
49.9826
50.3206
50.6533
50.9805
51.3018
51.6174
51.9269
52.2304
52.5276
52.8186
53.1032
53.3815
53.6532
53.9185
54.1772
54.4293
54.6748
54.9136
55.1459
55.3716
55.5906
55.8031
56.0089
56.2082
56.401
56.5871
56.7667
56.9397
57.106
57.2655
57.4182
57.5635
57.7013
57.8305
57.9498
58.056
58.1422
58.1897
57.5375
57.4118
57.2812
57.1454
57.0042
56.8577
56.7057
56.548
56.3846
56.2154
56.0402
55.859
55.6716
55.478
55.2782
55.0719
54.8593
54.6401
54.4144
54.1821
53.9431
53.6975
53.4452
53.1862
52.9205
52.6482
52.3692
52.0835
51.7913
51.4925
51.1873
50.8756
50.5577
50.2336
49.9034
49.5673
49.2253
48.8778
48.5247
48.1663
47.8029
47.4346
47.0616
46.6843
46.3027
45.9173
45.5283
45.1359
44.7406
44.3425
43.9422
43.5398
43.1357
42.7304
42.3242
41.9175
41.5106
41.1041
40.6982
40.2935
39.8904
39.4893
39.0906
38.6949
38.3025
37.9139
37.5296
37.1501
36.7757
36.4071
36.0445
35.6886
35.3396
34.9982
34.6647
34.3396
34.0234
33.7163
33.419
33.1317
32.8549
32.5889
32.3342
32.0911
31.8599
31.6409
31.4346
31.2411
31.0608
30.8939
30.7407
30.6014
30.4762
30.3653
30.2688
30.1869
30.1198
30.0674
30.03
30.0075
30
30.0075
30.03
30.0674
30.1198
30.1869
30.2688
30.3653
30.4762
30.6014
30.7407
30.8939
31.0608
31.2411
31.4346
31.6409
31.8599
32.0911
32.3342
32.5889
32.8549
33.1317
33.419
33.7163
34.0234
34.3396
34.6647
34.9982
35.3396
35.6886
36.0445
36.4071
36.7757
37.1501
37.5296
37.9139
38.3025
38.6949
39.0906
39.4893
39.8904
40.2935
40.6982
41.1041
41.5106
41.9175
42.3242
42.7304
43.1357
43.5398
43.9422
44.3425
44.7406
45.1359
45.5283
45.9173
46.3027
46.6843
47.0616
47.4346
47.8029
48.1663
48.5247
48.8778
49.2253
49.5673
49.9034
50.2336
50.5577
50.8756
51.1873
51.4925
51.7913
52.0835
52.3692
52.6482
52.9205
53.1862
53.4452
53.6975
53.9431
54.1821
54.4144
54.6401
54.8593
55.0719
55.2782
55.478
55.6716
55.859
56.0402
56.2154
56.3846
56.548
56.7057
56.8577
57.0042
57.1454
57.2812
57.4118
57.5375
