-1.7347e-16
1.8041e-16
1.5266e-16
3.3307e-16
1.6653e-16
1.1102e-16
-3.8858e-16
-3.8858e-16
-6.6613e-16
3.8858e-16
-8.8818e-16
9.9920e-16
-1.3323e-15
8.8818e-16
-9.9920e-16
1.1102e-16
-1.8874e-15
-1.1102e-16
-1.5543e-15
-8.8818e-16
-2.3315e-15
-8.8818e-16
-2.4425e-15
-2.1094e-15
-2.6645e-15
-2.6645e-15
-2.1094e-15
-2.6645e-15
-7.7716e-16
-2.2204e-15
-9.9920e-16
-1.6653e-15
-5.5511e-16
-1.3323e-15
-6.6613e-16
-5.5511e-16
-1.1102e-16
-8.8818e-16
2.2204e-16
-6.1062e-16
-6.1062e-16
-6.1062e-16
-4.9960e-16
-3.3307e-16
-8.3267e-17
8.3267e-17
-5.5511e-17
5.4123e-16
-2.4980e-16
-1.3878e-16
